63
14
13
22
20
12
32
11
13
53
11
11
9
22
29
12
13
16
68
7
10
8
11
10
7
8
7
9
12
12
10
10
9
9
14
8
9
7
15
12
10
10
11
7
9
8
27
36
28
11
16
11
11
12
14
22
21
11
9
13
11
12
11
18
12
24
39
12
11
10
59
13
19
38
16
23
19
12
17
14
10
11
15
16
14
14
9
14
47
10
14
18
8
11
18
35
19
13
12
12
15
11
10
13
9
12
17
10
10
10
20
12
10
16
18
17
11
10
13
14
16
11
11
12
9
14
15
11
13
13
11
10
10
11
11
1564
62
29
31
12
13
12
11
9
10
11
9
15
11
11
12
18
27
12
12
10
10
10
12
21
8
20
7
12
10
8
13
8
7
8
9
7
9
7
10
10
8
7
9
13
8
11
8
12
10
12
10
12
8
11
10
11
9
9
10
8
11
9
14
8
8
10
10
11
18
10
10
11
12
13
12
18
9
12
11
12
9
12
12
13
10
10
14
16
26
9
10
28
13
10
11
7
36
14
15
9
12
10
12
9
9
11
12
12
24
12
9
7
15
10
13
10
10
9
11
36
8
13
11
27
12
11
10
9
26
9
43
7
13
8
13
13
10
10
7
10
9
15
10
13
12
11
11
9
9
11
7
11
11
11
11
7
13
8
7
12
11
9
8
10
8
8
10
14
9
11
9
11
12
12
10
10
8
10
12
11
7
17
11
27
9
10
21
9
7
16
14
9
25
8
134
10
15
12
10
14
11
15
13
10
9
17
13
9
17
9
8
7
12
9
12
15
9
11
16
13
31
14
26
13
14
12
11
13
16
17
9
13
14
35
10
13
9
11
33
10
11
14
12
24
7
14
11
20
15
8
11
10
10
26
10
7
17
20
26
7
8
16
16
23
14
29
20
23
8
12
12
19
12
8
11
15
14
22
8
16
21
32
8
33
19
21
10
7
10
15
22
11
29
22
21
8
10
12
19
20
12
11
12
18
25
7
9
16
15
26
9
29
25
14
9
29
16
25
12
29
7
12
13
11
28
8
22
15
15
11
11
14
62
8
14
11
12
24
9
12
12
8
29
8
7
27
11
13
27
14
10
7
13
11
7
12
19
24
9
7
15
23
17
8
10
18
11
27
11
8
15
75
18
13
28
9
11
16
9
24
11
6
17
9
10
13
7
27
13
29
12
7
14
11
8
15
12
11
14
14
25
10
9
11
