481
101
17
29
13
17
55
18
17
19
15
20
125
24
27
17
20
15
18
26
14
11
14
33
24
27
16
19
13
11
24
18
11
19
12
9
16
15
11
40
42
31
20
21
13
24
11
13
16
19
10
13
11
29
17
16
16
10
12
11
17
11
14
43
13
17
12
14
21
18
13
11
20
11
12
13
13
30
18
13
16
37
10
13
17
14
12
12
12
16
12
13
9
19
17
15
12
12
23
13
14
14
12
17
10
12
15
11
9
18
14
13
13
269
11
11
22
13
13
10
10
11
1473
15
28
24
15
16
12
10
12
53
11
14
11
11
11
14
11
21
11
10
21
16
15
17
15
11
14
8
267
10
9
11
12
9
14
9
11
16
11
9
14
11
10
19
13
26
13
14
17
18
10
16
14
11
12
16
13
11
14
8
21
9
8
9
9
14
10
10
23
19
12
15
10
15
9
12
36
25
29
10
55
12
20
11
11
12
11
9
14
13
9
27
15
9
9
11
18
11
12
19
17
10
13
10
10
10
10
10
9
20
26
17
12
11
13
27
9
8
13
17
9
14
12
10
11
8
9
12
15
12
10
23
26
37
28
13
9
10
10
17
14
8
14
11
8
18
13
8
15
13
13
9
8
13
11
15
14
11
9
16
20
17
11
11
9
10
12
20
10
10
9
10
10
13
9
12
12
24
57
14
15
20
14
391
17
26
23
29
69
13
24
87
19
14
18
40
34
23
20
10
9
10
13
19
22
27
29
13
77
25
11
13
9
11
13
20
11
40
11
12
11
17
11
20
12
13
14
16
12
16
10
11
11
15
12
18
11
10
15
16
11
13
11
14
12
9
19
20
13
16
10
9
12
11
15
16
14
10
15
13
29
19
14
16
12
23
13
13
19
20
15
22
9
12
14
11
14
30
16
10
11
11
16
15
10
14
17
10
15
10
13
13
13
12
13
84
16
12
20
12
38
10
9
11
13
12
13
16
15
14
11
17
28
13
14
11
10
9
38
12
10
18
12
10
24
28
21
9
13
13
15
11
19
26
14
8
13
12
16
12
11
12
13
11
43
12
15
16
15
12
15
10
13
26
14
15
31
29
24
13
16
11
15
12
17
15
13
9
29
14
16
12
18
25
23
15
26
18
12
12
24
9
14
12
21
9
8
31
24
16
10
17
11
16
9
12
12
11
10
10
13
9
12
16
10
12
12
11
17
14
15
58
14
23
13
24
12
12
12
9
15
12
14
16
8
11
15
13
10
9
10
13
26
11
18
14
10
16
10
11
26
11
12
12
12
20
9
11
12
10
9
12
11
11
17
14
16
10
9
12
25
8
23
10
9
10
12
11
11
12
11
11
33
21
25
12
10
13
15
12
26
8
35
7
9
10
11
11
12
14
14
9
8
9
7
18
10
9
13
12
11
16
15
8
10
8
12
32
8
12
10
11
12
12
17
15
10
14
28
8
14
14
10
9
14
9
13
8
13
15
16
9
16
13
10
12
10
11
