0.018945
0.057572
0.017134
0.018422
0.025978
0.016944
0.018653
0.027664
0.015012
0.017352
0.019435
0.021815
0.021077
0.023534
0.016326
0.009238
0.018059
0.017736
0.018641
0.018206
0.017348
0.016574
0.017765
0.019716
0.016107
0.022681
0.016741
0.017486
0.015923
0.020915
0.019094
0.022724
0.017640
0.025309
0.021894
0.019047
0.016664
0.024934
0.027841
0.015067
0.019055
0.017869
0.018486
0.019891
0.021426
0.008835
0.018297
0.020746
0.015149
0.017520
0.017108
0.017761
0.022728
0.026838
0.015298
0.019049
0.028433
0.021154
0.018519
0.021822
0.022664
0.028431
0.019863
0.028200
0.024176
0.021084
0.016990
0.016954
0.018570
0.019311
0.014517
0.018508
0.015887
0.017344
0.021079
0.006299
0.025572
0.015915
0.028090
0.019785
0.025713
0.018592
0.019020
0.015186
0.018257
0.018883
0.018056
0.022876
0.017525
0.021068
0.012843
0.019654
0.023311
0.022356
0.014700
0.018644
0.017276
0.016763
0.025583
0.054832
0.016228
0.016831
0.018684
0.016662
0.021176
0.009958
0.017939
0.016580
0.020290
0.016191
0.019424
0.024635
0.015773
0.017949
0.020178
0.017783
0.016022
0.025265
0.015972
0.005372
0.015806
0.020135
0.025140
0.022644
0.026113
0.018905
0.019130
0.017956
0.024628
0.023382
0.015671
0.016997
0.017687
0.015663
0.025099
0.012349
0.016979
0.015069
0.020776
0.023751
0.020256
0.016815
0.016498
0.017294
0.021221
0.017393
0.018145
0.018619
0.017782
0.015968
0.006643
0.016247
0.019106
0.014903
0.017302
0.019537
0.019459
0.017416
0.023498
0.016717
0.019954
0.019156
0.018503
0.016785
0.018471
0.007460
0.018749
0.016140
0.016283
0.039070
0.017796
0.016787
0.016526
0.023669
0.016012
0.017968
0.019783
0.018743
0.018119
0.022074
0.013717
0.017996
0.009581
0.023818
0.017724
0.017306
0.018123
0.018192
0.021811
0.017309
0.018270
0.017900
0.016627
0.019965
0.021467
0.012176
0.008473
0.023108
0.015924
0.017742
0.003738
0.018888
0.012041
0.020259
0.016498
0.018271
0.020443
0.016747
0.011413
0.040844
0.011954
0.017823
0.018537
0.016551
0.024745
0.018604
0.019667
0.034070
0.017245
0.017955
0.017159
0.016667
0.018053
0.018302
0.044143
0.012450
0.025848
0.021547
0.018580
0.022580
0.020993
0.008797
0.006955
0.022216
0.015760
0.020916
0.017759
0.017260
0.017434
0.021194
0.010008
0.018822
0.018010
0.018620
0.019848
0.025584
0.018349
0.014746
0.017621
0.017649
0.019702
0.018217
0.028188
0.015584
0.016953
0.017117
0.007863
0.007758
0.018336
0.019659
0.018662
0.024160
0.019354
0.021428
0.014927
0.016924
0.020634
0.021374
0.019079
0.014623
0.014626
0.020931
0.021124
0.025843
0.018772
0.025268
0.006629
0.021684
0.034222
0.060739
0.024948
0.019493
0.015623
0.014537
0.018044
0.015117
0.019437
0.008192
0.017532
0.022682
0.022669
0.021387
0.019949
0.028575
0.016458
0.016297
0.055567
0.015733
0.018017
0.030075
0.016827
0.020816
0.024641
0.026399
0.019735
0.025460
0.021763
0.016104
0.023796
0.018376
0.019008
0.015118
0.015967
0.024170
0.014698
0.008971
0.027264
0.021702
0.016803
0.024753
0.017993
0.019132
0.021643
0.015973
0.016819
0.019939
0.016635
0.017922
0.023183
0.015582
0.008824
0.016356
0.021094
0.022660
0.015228
0.016269
0.017306
0.016880
0.020257
0.016690
0.021574
0.022882
0.020297
0.017121
0.018795
0.018455
0.018653
0.017119
0.018059
0.017849
0.012823
0.018994
0.015734
0.019565
0.016834
0.016559
0.016342
0.016996
0.022342
0.020218
0.010652
0.027536
0.019624
0.020346
0.016291
0.019572
0.018669
0.021262
0.018888
0.028833
0.021146
0.023332
0.015384
0.018341
0.016798
0.015110
0.024153
0.020501
0.024185
0.014989
0.018777
0.018799
0.020205
0.017442
0.027444
0.020188
0.020630
0.016446
0.017259
0.015018
0.003702
0.021294
0.018082
0.016483
0.016489
0.020808
0.055571
0.014947
0.018367
0.014640
0.024239
0.018531
0.023906
0.030729
0.023555
0.011696
0.016794
0.015775
0.018446
0.025098
0.021386
0.019429
0.023058
0.023182
0.023377
0.023461
0.011194
0.022660
0.021076
0.034010
0.010220
0.016559
0.026823
0.018681
0.023175
0.019967
0.017477
0.016144
0.018622
0.014860
0.016927
0.017674
0.019909
0.004214
0.024765
0.007072
0.019842
0.018754
0.018408
0.018053
0.019111
0.022807
0.023419
0.020384
0.021838
0.017875
0.023435
0.020318
0.026434
0.023175
0.005446
0.014589
0.017626
0.018351
0.017965
0.017574
0.022382
0.024367
0.023715
0.017561
0.017496
0.018754
0.017601
0.005398
0.006298
0.012860
0.018491
0.015029
0.030788
0.016144
0.021691
0.021742
0.024684
0.021606
0.025628
0.016934
0.015975
0.016424
0.016491
0.021780
0.009844
0.016814
0.019375
0.017689
0.016530
0.017073
0.018239
0.017192
0.020976
0.019903
0.024544
0.029404
0.016258
0.020127
0.025162
0.009188
0.017461
0.015409
0.019828
0.026222
0.017045
0.017451
0.016907
0.020859
0.016901
0.015560
0.026065
0.026623
0.016609
0.027866
0.009712
0.019501
0.017637
0.023784
0.017836
0.022236
0.020141
0.023548
0.016387
0.018888
0.016240
0.018998
0.013508
0.017693
0.006756
0.015776
0.004333
0.019320
0.015812
0.016623
0.031205
0.016109
0.016444
0.018972
0.018155
0.016239
0.016532
0.015811
0.026866
0.018478
0.016328
0.017330
0.022688
0.015654
0.014854
0.016172
0.015406
0.019775
0.018554
0.016019
0.026530
0.016053
0.020253
0.016381
0.016033
0.011139
0.005107
0.031317
0.021182
0.019842
0.021047
0.018217
0.015767
0.020020
0.020246
0.025370
0.021597
0.024123
0.018135
0.016503
0.010638
0.017250
0.023049
0.021662
0.017676
0.017596
0.014804
0.018689
0.036728
0.017070
0.019887
0.021644
0.022507
0.017520
0.016941
0.011777
0.004850
0.015900
0.006164
0.020278
0.019598
0.022470
0.020973
0.026184
0.023433
0.028923
0.019748
0.032534
0.020064
0.019904
0.016613
0.016679
0.032821
0.020034
0.036043
0.017611
0.027346
0.016262
0.019209
0.016400
0.018688
0.022998
0.016191
0.020400
0.021694
0.030388
0.026196
0.017317
0.024011
0.015809
0.019022
0.026374
0.015117
0.017866
0.020689
0.016085
0.017162
0.019459
0.019548
0.022712
0.008750
0.017014
0.016450
0.021226
0.026781
0.018496
0.022177
0.017748
0.016051
0.019085
0.020074
0.021561
0.025289
0.021151
0.033441
0.014073
0.022137
0.017559
0.015808
0.017764
0.022414
0.019589
0.016162
0.023531
0.018492
0.033295
0.026102
0.027197
0.017516
0.020829
0.004619
0.032831
0.024393
0.019195
0.017125
0.018547
0.017804
0.018971
0.017599
0.016134
0.017928
0.018630
0.020638
0.019617
0.022186
0.006532
0.021586
0.023612
0.018825
0.022121
0.015649
0.016694
0.023089
0.017025
0.017633
0.016603
0.015882
0.019202
0.025478
0.023388
0.009965
0.020528
0.025502
0.030161
0.020397
0.129463
0.019572
0.020920
0.017427
0.018555
0.030401
0.019191
0.017763
0.017835
0.018577
0.017121
0.015318
0.017700
0.017913
0.024251
0.018215
0.019733
0.020877
0.022152
0.027996
0.016616
0.016627
0.019088
0.016867
0.021771
0.009454
0.033917
0.018415
0.038715
0.018812
0.016665
0.022565
0.023274
0.018933
0.019366
0.026727
0.017460
0.016416
0.022881
0.017854
0.010291
0.019640
0.016523
0.017319
0.018993
0.015892
0.018030
0.016149
0.030935
0.019696
0.018410
0.015241
0.016769
0.018824
0.019060
0.009476
0.018481
0.017716
0.016429
0.019055
0.008512
0.017287
0.018011
0.037872
0.018002
0.018929
0.018551
0.017860
0.016691
0.011126
0.016302
0.017998
0.017191
0.018371
0.019047
0.021582
0.020702
0.027124
0.020186
0.028718
0.018642
0.020778
0.022045
0.019256
0.016722
0.006132
0.014570
0.022552
0.025806
0.022220
0.018558
0.017368
0.015213
0.015213
0.015813
0.009233
0.016814
0.014622
0.017464
0.018713
0.014063
0.020767
0.014900
0.028191
0.017572
0.016299
0.020899
0.018725
0.016492
0.010751
0.018375
0.018458
0.023823
0.015522
0.043372
0.006148
0.018292
0.017967
0.021869
0.021819
0.020058
0.017686
0.027607
0.017443
0.017023
0.019151
0.017469
0.022481
0.019111
0.020424
0.002677
0.014727
0.016687
0.020807
0.016420
0.018659
0.021268
0.016139
0.023698
0.020247
0.020434
0.017164
0.019127
0.030269
0.025681
0.009124
0.017465
0.017503
0.015390
0.017335
0.023910
0.020748
0.023806
0.015758
0.018119
0.018521
0.017184
0.029226
0.012049
0.014916
0.010890
0.027184
0.019796
0.024868
0.015584
0.024780
0.018166
0.019044
0.017995
0.015393
0.018955
0.024829
0.018599
0.025298
0.016320
0.005005
0.016243
0.018086
0.017715
0.019058
0.018931
0.017752
0.019718
0.023335
0.017079
0.025786
0.020389
0.032024
0.025838
0.019546
0.020901
0.017695
0.019026
0.018085
0.017329
0.020818
0.018983
0.024352
0.019819
0.025106
0.017582
0.023637
0.056579
0.045710
0.004748
0.007595
0.017437
0.025754
0.018355
0.019113
0.018580
0.019993
0.018741
0.017361
0.022895
0.015125
0.031771
0.012253
0.017824
0.022468
0.011338
0.014781
0.020830
0.018797
0.018469
0.015970
0.017452
0.022609
0.020012
0.024861
0.022379
0.030739
0.016592
0.020701
0.021216
0.010802
0.022211
0.015461
0.018152
0.021472
0.026926
0.011313
0.005816
0.004381
0.016912
0.015590
0.026659
0.019667
0.016299
0.020688
0.011167
0.018433
0.021368
0.023024
0.006417
0.020023
0.033255
0.021051
0.019293
0.017434
0.016841
0.021918
0.024301
0.018799
0.017650
0.010833
0.032831
0.024992
0.023207
0.017600
0.020558
0.022018
0.024229
0.016897
0.019316
0.017554
0.022672
0.018870
0.019345
0.024574
0.036192
0.018915
0.018834
0.018851
0.019319
0.031444
0.017220
0.017919
0.016819
0.021015
0.036606
0.018116
0.024108
0.025675
0.012085
0.008998
0.021692
0.019563
0.018340
0.018786
0.039125
0.016179
0.022328
0.018735
0.025386
0.021473
0.027915
0.024666
0.022772
0.018582
0.017498
0.018846
0.018946
0.019445
0.017195
0.018064
0.017625
0.018874
0.015290
0.019407
0.014913
0.023614
0.016726
0.017723
0.017937
0.012812
0.016452
0.020739
0.018177
0.014935
0.018053
0.014717
0.019508
0.025806
0.007422
0.017829
0.018289
0.002407
0.016979
0.016905
0.002923
0.020966
0.020492
0.004950
0.018202
0.016730
0.012736
0.022373
0.021405
0.009078
0.019176
0.038605
0.016453
0.024491
0.002265
0.017931
0.019284
0.035645
0.020351
0.016646
0.011726
0.017043
0.017012
0.016594
0.018229
0.015296
0.019652
0.026582
0.017201
0.017258
0.027693
0.022100
0.019422
0.019091
0.017051
0.016608
0.027498
0.018268
0.013529
0.015642
0.014549
0.021040
0.019393
0.026197
0.018905
0.010958
0.015792
0.015377
0.022860
0.016436
0.019121
0.016502
0.036694
0.029321
0.018594
0.035938
0.010609
0.023298
0.016406
0.007566
0.017911
0.017231
0.017156
0.024835
0.019813
0.025835
0.020442
0.009678
0.018301
0.016369
0.020290
0.023330
0.025597
0.016460
0.016262
0.006852
0.019568
0.024589
0.016974
0.022863
0.019512
0.011160
0.016087
0.015345
0.017833
0.016706
0.019325
0.016879
0.012319
0.018937
0.004670
0.005500
0.017891
0.020401
0.020352
0.010913
0.017844
0.045300
0.018717
0.015616
0.016284
0.019898
0.020860
0.020689
0.026075
0.015994
0.019598
0.019496
0.022084
0.019966
0.023758
0.018514
0.020078
0.019345
0.022674
0.020610
0.006645
0.063008
0.027290
0.019698
0.004044
0.017838
0.029156
0.019469
0.017088
0.009544
0.017411
0.021361
0.020726
0.026343
0.022908
0.019919
0.018203
0.047115
0.016809
0.013237
0.015964
0.021010
0.015548
0.032287
0.017779
0.017432
0.019291
0.020625
0.018566
0.024901
0.011874
0.015264
0.016324
0.018695
0.021182
0.029962
0.019008
0.026508
0.015586
0.016358
0.018676
0.019558
0.015822
0.022798
0.018209
0.023602
0.022685
0.017102
0.020809
0.007719
0.037613
0.018691
0.022948
0.015178
0.017152
0.018542
0.018481
0.016637
0.021764
0.020702
0.017317
0.023875
0.017208
0.017599
0.024261
0.019422
0.028383
0.011996
0.017686
0.024438
0.017124
0.016280
0.017193
0.023651
0.019136
0.021550
0.016857
0.022540
0.033268
0.010850
0.021290
0.020712
0.016496
0.021917
0.022108
0.020404
0.036154
0.027257
0.019093
0.023928
0.018183
0.006295
0.016540
0.017724
0.010788
0.015281
0.016587
0.015175
0.029176
0.019791
0.019845
0.039393
0.048778
0.020670
0.016476
0.015617
0.017605
0.018755
0.022320
0.007441
0.017879
0.017570
0.016169
0.026860
0.020146
0.018899
0.014746
0.019390
0.016199
0.016156
0.018951
0.028064
0.015631
0.018478
0.011621
0.015795
0.016639
0.018448
0.018509
0.019973
0.017126
0.018821
0.018962
0.024255
0.020184
0.023299
0.016788
0.022514
0.018252
0.005699
0.020606
0.021699
0.020998
0.025223
0.020240
0.014857
0.040140
0.018107
0.015558
0.018702
0.020966
0.017232
0.018555
0.024814
0.008301
0.040095
0.032297
0.038301
0.017100
0.018030
0.018709
0.018136
0.017654
0.017996
0.021047
0.017330
0.012479
0.016317
0.017739
0.009432
0.018833
0.022788
0.069605
0.020273
0.015700
0.018042
0.016500
0.017423
0.018241
0.017309
0.015428
0.017136
0.019315
0.017713
0.009200
0.017652
0.018780
0.021016
0.015874
0.017463
0.016143
0.015637
0.018868
0.019207
0.020794
0.020357
0.018741
0.015660
0.014758
0.009601
0.016197
0.020207
0.020530
0.016833
0.003147
0.005652
0.015408
0.015296
0.019898
0.019797
0.047848
0.016909
0.015843
0.023888
0.003846
0.024594
0.037844
0.019735
0.023456
0.018418
0.023876
0.019961
0.017063
0.009538
0.027749
0.018491
0.018235
0.017655
0.017855
0.012332
0.015323
0.017900
0.017343
0.015529
0.022453
0.018400
0.019791
0.016985
0.024002
0.020242
0.043062
0.014494
0.019240
0.021070
0.015383
0.019533
0.026830
0.020836
0.024283
0.019151
0.023907
0.017002
0.005823
0.013995
0.021174
0.015275
0.016511
0.019811
0.008716
0.009484
0.028093
0.019194
0.017688
0.016296
0.015273
0.023808
0.021323
0.023736
0.018432
0.017505
0.019439
0.021997
0.019335
0.019970
0.010193
0.018459
0.015230
0.017345
0.017757
0.018986
0.024260
0.021573
0.020205
0.001664
0.017826
0.016399
0.018312
0.019243
0.024765
0.008548
0.017177
0.014660
0.018994
0.027122
0.014981
0.020397
0.021768
0.016350
0.017835
0.027479
0.024856
0.020696
0.017749
0.024810
0.011724
0.016217
0.033853
0.018243
0.030377
0.017774
0.016432
0.025046
0.031149
0.019807
0.021201
0.021463
0.032662
0.027335
0.018601
0.009142
0.024473
0.021045
0.016853
0.018268
0.017049
0.018018
0.015978
0.022674
0.017444
0.022292
0.020542
0.025170
0.019752
0.016025
0.040006
0.026251
0.041552
0.035855
0.018123
0.017008
0.020708
0.028203
0.033467
0.022014
0.017134
0.016683
0.019734
0.026932
0.022207
0.009697
0.019987
0.018709
0.006609
0.020031
0.021520
0.021197
0.023623
0.054592
0.018381
0.012956
0.017761
0.018668
0.019687
0.016768
0.007800
0.024269
0.022465
0.014383
0.016776
0.013417
0.017520
0.015900
0.015813
0.020466
0.018618
0.015439
0.023961
0.021246
0.023098
0.015199
0.018202
0.018953
0.016491
0.018580
0.024750
0.009143
0.019541
0.016684
0.018584
0.017750
0.019145
0.017853
0.023938
0.017667
0.045745
0.024491
0.033144
0.021716
0.021155
0.022298
0.008540
0.015823
0.015987
0.017006
0.024649
0.018574
0.022288
0.015561
0.049368
0.009638
0.017051
0.021106
0.015004
0.018939
0.019352
0.020972
0.024634
0.028133
0.005327
0.020418
0.017587
0.016920
0.019369
0.017442
0.010732
0.020620
0.020452
0.019714
0.018428
0.016878
0.017216
0.022260
0.021533
0.024621
0.020314
0.025628
0.018182
0.023891
0.027305
0.007186
0.014906
0.017732
0.018503
0.015096
0.019449
0.051257
0.020395
0.018823
0.022894
0.004780
0.007451
0.026323
0.016716
0.019933
0.009434
0.038861
0.023015
0.015816
0.020067
0.018163
0.015301
0.019893
0.024244
0.031701
0.047424
0.015673
0.018086
0.025280
0.018784
0.008149
0.015873
0.016552
0.018898
0.020454
0.016512
0.023901
0.025003
0.020005
0.027270
0.021371
0.026556
0.019640
0.014782
0.015490
0.012045
0.023581
0.022318
0.014744
0.016691
0.018003
0.016099
0.016843
0.020351
0.023419
0.019358
0.017227
0.013223
0.019600
0.022578
0.005883
0.015658
0.016506
0.020233
0.018312
0.023053
0.017211
0.007877
0.016024
0.017012
0.010336
0.017877
0.014574
0.016911
0.023709
0.009756
0.016097
0.018835
0.035366
0.017956
0.019684
0.012417
0.018868
0.010269
0.018010
0.020282
0.022343
0.019886
0.007931
0.014945
0.015090
0.010490
0.004774
0.005156
0.009447
0.015335
0.021678
0.016779
0.014886
0.022513
0.010291
0.019391
0.018982
0.005552
0.018403
0.026704
0.004210
0.017566
0.017200
0.010658
0.011841
0.018884
0.008782
0.012120
0.020929
0.016764
0.019086
0.024544
0.013310
0.019030
0.024230
0.018050
0.017348
0.025879
0.004363
0.017512
0.016357
0.007096
0.031847
0.019358
0.014047
0.023729
0.017258
0.012875
0.017921
0.018763
0.008527
0.023987
0.016446
0.009089
0.019940
0.016818
0.012134
0.020157
0.016106
0.012939
0.022169
0.012451
0.012681
0.021197
0.015965
0.007984
0.029310
0.004387
0.012138
0.017602
0.019772
0.009717
0.019778
0.021203
0.008350
0.014801
0.018776
0.020177
0.016236
0.020210
0.019510
0.021497
0.019118
0.026149
0.021956
0.017816
0.010730
0.016889
0.044512
0.008733
0.017951
0.017939
0.009422
0.019434
0.022844
0.006703
0.018196
0.015710
0.005451
0.020617
0.016146
0.008215
0.016776
0.015503
0.007814
0.018320
0.019854
0.009895
0.017304
0.016945
0.010399
0.018804
0.016400
0.008604
0.016057
0.015713
0.009397
0.017917
0.019377
0.010763
0.018732
0.019692
0.008756
0.018951
0.017439
0.019039
0.019896
0.024449
0.010128
0.015683
0.016631
0.010617
0.022702
0.018866
0.015994
0.019911
0.026096
0.019527
0.018517
0.018594
0.005718
0.015558
0.017426
0.014777
0.016617
0.017541
0.012296
0.018128
0.025429
0.008646
0.015230
0.018607
0.016678
0.025943
0.025274
0.009255
0.036985
0.016559
0.016819
0.018450
0.016758
0.010751
0.018415
0.016412
0.010994
0.012671
0.017945
0.010320
0.015321
0.017987
0.016257
0.023387
0.017291
0.006037
0.021638
0.016048
0.010838
0.015965
0.017434
0.007536
0.017752
0.019031
0.019307
0.018123
0.017969
0.011747
0.021464
0.018959
0.010852
0.018617
0.023452
0.026579
0.042456
0.017942
0.005921
0.018142
0.015141
0.006055
0.016356
0.015117
0.025612
0.027586
0.021684
0.032923
0.007680
0.015732
0.017863
0.017227
0.021281
0.009521
0.009931
0.041619
0.007749
0.016464
0.109106
0.014363
0.014980
0.014865
0.014445
0.017275
0.019120
0.010185
0.022281
0.020143
0.015035
0.017177
0.028274
0.033918
0.019995
0.023289
0.009123
0.018533
0.024173
0.008301
0.022706
0.022848
0.022927
0.015002
0.024768
0.036547
0.016172
0.014829
0.010681
0.019207
0.018083
0.007417
0.017857
0.044701
0.020214
0.022075
0.023381
0.014070
0.016725
0.027076
0.010115
0.018493
0.017755
0.011443
0.014220
0.029351
0.011243
0.016389
0.019228
0.002910
0.017681
0.017403
0.008879
0.008918
0.018854
0.002423
0.017984
0.021130
0.009022
0.016633
0.014983
0.018152
0.016468
0.018685
0.007378
0.016369
0.018151
0.006393
0.031482
0.022337
0.009931
0.021089
0.019873
0.012320
0.019919
0.022139
0.006572
0.018753
0.018585
0.008142
0.020134
0.018540
0.013238
0.014581
0.025025
0.012410
0.029947
0.016875
0.007141
0.032416
0.020224
0.009100
0.015924
0.017317
0.010101
0.022063
0.017782
0.006288
0.015125
0.023064
0.011712
0.017798
0.015032
0.009407
0.010596
0.018792
0.016882
0.024316
0.027299
0.011085
0.015974
0.015625
0.012938
0.018443
0.017990
0.019857
0.020389
0.017126
0.009807
0.019534
0.034986
0.009062
0.022911
0.019432
0.044897
0.015136
0.022854
0.011545
0.035304
0.032864
0.022304
0.019522
0.034719
0.006977
0.025181
0.024377
0.005589
0.010118
0.023778
0.007380
0.019229
0.029758
0.008422
0.022968
0.033714
0.235200
0.017104
0.027722
0.009132
0.015782
0.027718
0.012685
0.027797
0.020353
0.011071
0.018322
0.128363
0.006756
0.024396
0.032539
0.016501
0.028384
0.031256
0.008721
0.020762
0.015885
0.011277
0.023488
0.027032
0.007567
0.030442
0.021023
0.011671
0.017718
0.018580
0.009769
0.018928
0.023546
0.021930
0.038596
0.043645
0.016951
0.020820
0.038048
0.029378
0.020785
0.016283
0.017856
0.027097
0.019779
0.017377
0.015613
0.014741
0.006557
0.024418
0.042473
0.009459
0.027434
0.020134
0.005575
0.015498
0.020812
0.012691
0.016115
0.026712
0.010297
0.024456
0.018347
0.010408
0.019663
0.015599
0.008866
0.025225
0.022434
0.011873
0.018488
0.020822
0.010421
0.021339
0.025670
0.009607
0.017660
0.018949
0.008862
0.015099
0.018695
0.009834
0.017128
0.027869
0.005682
0.018857
0.015825
0.008484
0.017403
0.018528
0.009721
0.020721
0.021799
0.009778
0.017973
0.027329
0.006147
0.035480
0.017389
0.006483
0.021833
0.019380
0.008148
0.018355
0.022007
0.012130
0.025077
0.025193
0.009078
0.018668
0.017566
0.017833
0.023578
0.015632
0.007409
0.016567
0.038586
0.013363
0.007577
0.022579
0.037771
0.017343
0.017130
0.016753
0.013193
0.016637
0.007351
0.019253
0.013566
0.005604
0.016620
0.017079
0.009974
0.015789
0.043999
0.009055
0.016536
0.018674
0.007634
0.015919
0.028308
0.022046
0.022903
0.024927
0.010228
0.022169
0.022115
0.009516
0.017936
0.020677
0.014189
0.014664
0.021890
0.009504
0.017962
0.023626
0.017008
0.021756
0.021224
0.010991
0.017774
0.016270
0.008587
0.018264
0.019146
0.008333
0.017049
0.018571
0.009721
0.024710
0.025520
0.009198
0.028276
0.020252
0.008199
0.016091
0.018606
0.009708
0.014622
0.026298
0.011359
0.018107
0.022721
0.013351
0.016424
0.017232
0.006114
0.017451
0.016991
0.005557
0.017752
0.019971
0.047963
0.017991
0.023274
0.011776
0.015893
0.021148
0.010611
0.027633
0.036680
0.012007
0.026547
0.018952
0.010951
0.020252
0.014824
0.011279
0.018759
0.018238
0.025788
0.025549
0.021302
0.012248
0.018742
0.015831
0.013315
0.018758
0.023740
0.005518
0.051482
0.018518
0.017191
0.035493
0.034074
0.009593
0.022971
0.018144
0.007759
0.016542
0.023126
0.022101
0.034325
0.026076
0.029779
0.016439
0.020240
0.009626
0.010673
0.028186
0.012234
0.015735
0.007107
0.005007
0.006243
0.015649
0.011019
0.047279
0.029888
0.011361
0.017966
0.036265
0.021068
0.022614
0.021880
0.010957
0.018824
0.015861
0.015832
0.019069
0.020726
0.010481
0.030989
0.008193
0.005408
0.031854
0.015138
0.016170
0.008768
0.009259
0.021902
0.015759
0.010548
0.029079
0.022535
0.031544
0.012594
0.018249
0.023733
0.017807
0.016967
0.013977
0.008600
0.021020
0.015812
0.016375
0.017631
0.016283
0.010798
0.017486
0.018483
0.010401
0.020339
0.043422
0.023302
0.028280
0.031497
0.007222
0.023077
0.045935
0.013391
0.033703
0.035838
0.008597
0.022085
0.060941
0.013731
0.020354
0.016385
0.009093
0.015644
0.017961
0.025862
0.039440
0.096487
0.011707
0.015730
0.015508
0.025839
0.031824
0.027675
0.007856
0.022655
0.042415
0.021145
0.019291
0.018483
0.008468
0.029262
0.022054
0.022799
0.022494
0.065430
0.010118
0.018218
0.040143
0.013742
0.023112
0.019568
0.010315
0.018768
0.019375
0.023829
0.015172
0.031161
0.010312
0.021945
0.025080
0.010344
0.015956
0.016337
0.015222
0.019330
0.020142
0.002067
0.017967
0.002375
0.011188
0.013029
0.012592
0.009829
0.017451
0.018422
0.017009
0.027401
0.032158
0.008784
0.018054
0.031897
0.002572
0.034986
0.018454
0.024212
0.023691
0.021355
0.009621
0.021712
0.028584
0.023163
0.026937
0.027501
0.010827
0.032264
0.020259
0.009139
0.020648
0.053367
0.012096
0.037345
0.041994
0.007227
0.016807
0.017284
0.018900
0.017101
0.027256
0.010044
0.045346
0.017313
0.028694
0.029288
0.049001
0.009088
0.003010
0.018011
0.023113
0.009244
0.019939
0.023426
0.019915
0.023874
0.009819
0.021300
0.017357
0.038517
0.028007
0.026325
0.009836
0.028883
0.018011
0.010618
0.017214
0.018462
0.007928
0.021170
0.015914
0.009112
0.018450
0.017513
0.011092
0.017063
0.029034
0.018228
0.017487
0.006604
0.005959
0.020326
0.025992
0.011022
0.046998
0.018380
0.006663
0.028516
0.023095
0.008542
0.018087
0.018425
0.008921
0.018573
0.016046
0.015164
0.039185
0.020413
0.002493
0.016706
0.039294
0.008779
0.017898
0.018980
0.069948
0.016995
0.024555
0.014415
0.021688
0.017116
0.017550
0.019914
0.030292
0.009607
0.024549
0.020320
0.006044
0.015569
0.030002
0.014970
0.007220
0.143228
0.017254
0.022157
0.024631
0.008184
0.012325
0.015395
0.011431
0.022228
0.021060
0.015729
0.026715
0.041058
0.012114
0.032224
0.015188
0.010673
0.033697
0.012488
0.073895
0.463465
0.280831
0.019023
0.028256
0.026952
0.010362
0.017645
0.025140
0.025339
0.035026
0.021179
0.015629
0.021270
0.027035
0.013531
0.022418
0.030629
0.015424
0.029115
0.023195
0.009065
0.027948
0.022352
0.010962
0.022339
0.028935
0.011225
0.026680
0.009179
0.006063
0.019109
0.039694
0.043673
0.018805
0.028550
0.008347
0.015371
0.034347
0.018503
0.072568
0.010007
0.013835
0.014859
0.022089
0.009514
0.023951
0.021491
0.002066
0.008622
0.016075
0.004953
0.018225
0.021331
0.033519
0.025906
0.019863
0.010114
0.020705
0.026987
0.014295
0.024313
0.016336
0.029371
0.015484
0.017784
0.017332
0.020214
0.023030
0.005437
0.021615
0.026679
0.007933
0.016086
0.038793
0.018888
0.014843
0.031803
0.022113
0.030958
0.028427
0.008327
0.021444
0.026386
0.011490
0.017672
0.017001
0.021067
0.016872
0.018556
0.021187
0.039254
0.025078
0.020692
0.032064
0.028695
0.007996
0.018524
0.178496
0.072027
0.027827
0.084825
0.019030
0.017818
0.027189
0.032630
0.021397
0.017458
0.018946
0.023130
0.065069
0.025342
0.015492
0.024290
0.006424
0.018879
0.025304
0.039564
0.017805
0.030973
0.009434
0.019744
0.017868
0.008574
0.017698
0.195905
0.009251
0.017600
0.045315
0.036876
0.051512
0.004207
0.014351
0.015579
0.023904
0.009166
0.004744
0.030565
0.012050
0.026687
0.017711
0.023328
0.021301
0.022633
0.003473
0.024345
0.023571
0.003392
0.018009
0.020685
0.535316
0.034607
0.024310
0.025567
0.032981
0.028767
0.009969
0.015271
0.035581
0.045958
0.018151
0.020277
0.009688
0.026807
0.859857
0.008630
0.018670
0.024214
0.008769
0.018496
0.005780
0.011712
0.024590
0.030353
0.015768
0.063984
0.194973
0.021238
0.026104
0.027639
0.025123
0.020705
0.078753
0.012456
0.083609
0.022720
0.008528
0.038560
0.018803
0.010722
0.006818
0.018282
0.022483
0.024368
0.026820
0.010276
0.018311
0.017975
0.006774
0.018492
0.018384
0.016964
0.034719
0.035286
0.008578
0.028434
0.020806
0.024695
0.023541
0.017598
0.011131
0.020383
0.027094
0.019447
0.023692
0.022885
0.004520
0.019044
0.026315
0.018111
0.017272
0.018546
0.010700
0.019751
0.018962
0.010617
0.021207
0.023277
0.006963
0.021031
0.024772
0.008641
0.015048
0.018686
0.009799
0.016643
0.022819
0.009206
0.017956
0.024289
0.017766
0.016233
0.017866
0.009994
0.028072
0.024940
0.008000
0.017238
0.017524
0.009577
0.020950
0.016690
0.008347
0.022710
0.049652
0.004867
0.021192
0.017032
0.019071
0.027561
0.015529
0.008532
0.015783
0.021477
