0.143000
0.080879
0.147832
0.123774
0.070052
0.134942
0.071545
0.143647
0.073404
0.078784
0.055758
0.079174
0.173852
0.078884
0.073717
0.071925
0.073513
0.081477
0.077787
0.098211
0.070245
0.072466
0.108265
0.069845
0.063439
0.070335
0.085453
0.065596
0.062613
0.063359
0.056172
0.057793
0.079003
0.060969
0.066527
0.059961
0.073040
0.061369
0.062487
0.057093
0.066366
0.059312
0.061257
0.073660
0.082089
0.051252
0.060207
0.054975
0.057897
0.046973
0.059207
0.089023
0.045832
0.053479
0.055432
0.070052
0.059203
0.072975
0.065471
0.075421
0.066976
0.070947
0.056574
0.065102
0.062930
0.064710
0.084417
0.065169
0.073715
0.078427
0.068743
0.078354
0.073630
0.068722
0.070949
0.099681
0.053656
0.072786
0.069685
0.065752
0.073350
0.070601
0.077535
0.078038
0.093524
0.065995
0.080093
0.070881
0.067753
0.071511
0.073679
0.070128
0.073421
0.091907
0.065586
0.072506
0.067430
0.068892
0.073733
0.081030
0.072390
0.064097
0.072491
0.069090
0.070930
0.068888
0.058822
0.077299
0.076656
0.064787
0.061636
0.072608
0.064182
0.070572
0.074780
0.064328
0.073675
0.086812
0.063610
0.073049
0.077507
0.065799
0.072094
0.099100
0.063192
0.075989
0.072556
0.063536
0.076843
0.086635
0.091450
0.071286
0.072338
0.068892
0.073913
0.079648
0.061878
0.074072
0.070462
0.068715
0.069211
0.092387
0.052768
0.067946
0.064383
0.060983
0.074843
0.062308
0.060027
0.079950
0.072490
0.063822
0.080190
0.071078
0.069971
0.072345
0.074242
0.067803
0.073647
0.070308
0.066202
0.071778
0.069953
0.066597
0.073207
0.075230
0.070230
0.078778
0.072001
0.064417
0.075120
0.078200
0.060700
0.082817
0.089011
0.070495
0.071744
0.070183
0.069761
0.065073
0.066169
0.070934
0.073793
0.063006
0.125214
0.074185
0.066478
0.069877
0.072459
0.076555
0.071685
0.074961
0.075695
0.064697
0.079373
0.072222
0.077244
0.060000
0.058599
0.065131
0.081296
0.074852
0.066541
0.069459
0.072551
0.067029
0.067453
0.071963
0.068411
0.073117
0.071272
0.065446
0.073759
0.073049
0.072104
0.090677
0.072953
0.078092
0.074543
0.073881
0.072203
0.074174
0.076762
0.082266
0.080834
0.075918
0.063366
0.085406
0.072705
0.064910
0.071296
0.071407
0.064795
0.074650
0.079699
0.070538
0.094701
0.073948
0.066539
0.071839
0.074004
0.209844
0.071474
0.076965
0.081969
0.079323
0.072310
0.057987
0.073574
0.083181
0.097336
0.073249
0.079099
0.062853
0.077249
0.071850
0.327312
0.077155
0.080790
0.065516
0.080517
0.654240
0.237565
0.072097
0.072873
0.059508
0.069973
0.073540
0.077190
0.070851
0.072729
0.064015
0.088202
0.073114
0.075730
0.076215
0.070517
0.189747
0.089536
0.075040
0.079889
0.082935
0.060179
0.108502
0.071332
0.079481
0.068310
0.073037
0.073469
0.081261
0.083551
0.074337
0.061348
0.173600
0.072066
0.070630
0.086523
0.072394
0.052494
0.072219
0.075975
0.067351
0.073022
0.077031
0.071331
0.078460
0.085810
0.071692
0.079994
0.081668
0.051175
0.066429
0.077352
0.060369
0.085409
0.063338
0.054756
0.066657
0.074470
0.098195
0.070919
0.074235
0.070079
0.060993
0.076294
0.065560
0.072606
0.123024
0.064847
0.085656
0.080514
0.084039
0.072085
0.073841
0.071737
0.072819
0.080825
0.068519
0.072264
0.076252
0.067086
0.073612
0.084827
0.062354
0.073648
0.073694
0.066169
0.072626
0.074098
0.141944
0.074651
0.069797
0.073764
0.072011
0.071985
0.065706
0.072781
0.067784
0.098172
0.077546
0.073406
0.064252
0.073528
0.078784
0.064044
0.072917
0.083260
0.066580
0.077317
0.078272
0.059579
0.115026
0.072628
0.080819
0.085798
0.080376
0.058701
0.072437
0.073336
0.065323
0.073027
0.072932
0.065177
0.072029
0.071683
0.068132
0.073260
0.078501
0.062156
0.074844
0.088580
0.063578
0.078973
0.073149
0.064271
0.065582
0.074986
0.065715
0.073045
0.086194
0.063390
0.071703
0.083432
0.066514
0.078946
0.076703
0.059516
0.069989
0.072347
0.069030
0.072759
0.117776
0.071880
0.077824
0.072229
0.076926
0.084735
0.070431
0.075870
0.077983
0.059817
0.063106
0.072382
0.075856
0.076480
0.069905
0.060859
0.067166
0.071990
0.076052
0.068832
0.076073
0.073848
0.098895
0.073798
0.072089
0.069118
0.098150
0.072639
0.061966
0.072809
0.072550
0.067590
0.074196
0.109733
0.108450
0.073676
0.069299
0.109001
0.083492
0.073543
0.291663
0.102823
0.082116
0.074679
0.101616
0.080828
0.079009
0.075063
0.098308
0.112568
0.625347
0.080331
0.065254
0.070470
0.070747
0.068062
0.073256
0.078672
0.133601
0.071203
0.107472
0.086551
0.072111
0.077802
0.101145
0.106957
0.078246
0.074723
0.074814
0.079087
0.077201
0.076504
0.073429
0.099328
0.074427
0.086717
0.104003
0.095572
0.114775
0.083013
0.149557
0.071295
0.078023
0.063856
0.078497
0.072911
0.062675
0.072042
0.074926
0.072758
0.081950
0.074105
0.061083
0.084990
0.087931
0.079845
0.075908
0.079155
0.064552
0.134755
0.071322
0.082584
0.071262
0.074295
0.064135
0.073115
0.080488
0.074093
0.139830
0.086385
0.063491
0.073040
0.064777
0.073012
0.076982
0.074764
0.069845
0.074823
0.077489
0.069545
0.084378
0.071437
0.063553
0.069720
0.072698
0.071718
0.050415
0.064447
0.070076
0.071784
0.072144
0.072598
0.079807
0.073116
0.065219
0.063993
0.069314
0.084698
0.073399
0.074310
0.086551
0.073222
0.083137
0.076991
0.070460
0.078810
0.071745
0.080802
0.090100
0.062713
0.078535
0.073343
0.064264
0.078547
0.073290
0.073099
0.073133
0.047353
0.060583
0.081021
0.067536
0.343124
0.081156
0.073045
0.076041
0.111477
0.070632
0.077212
0.078319
0.073191
0.076354
0.072749
0.081432
0.080043
0.086110
0.137716
0.070761
0.090726
0.078903
0.070638
0.080660
0.080639
0.071523
0.061436
0.072413
0.071575
0.097007
0.080798
0.075778
0.070734
0.074735
0.072991
0.075804
0.073250
0.070808
0.073417
0.071755
0.083619
0.073821
0.088373
0.071454
0.077387
0.064287
0.073602
0.075058
0.073426
0.065668
0.078587
0.076742
0.061140
0.064645
0.059986
0.077062
0.067928
0.054587
0.076946
0.350352
0.076806
0.073171
0.087240
0.063446
0.071359
0.070335
0.071638
0.063338
0.073404
0.077458
0.105627
0.071765
0.073176
0.070067
0.065339
0.077073
0.073335
0.074570
0.062319
0.071632
0.081021
0.074781
0.075324
0.102832
0.073481
0.071892
0.072959
0.080852
0.072454
0.086226
0.073287
0.075918
0.072951
0.072262
0.064798
0.090965
0.072584
0.077323
0.070083
0.071417
0.078041
0.074323
0.071919
0.073089
0.063454
0.118228
0.072690
0.079226
0.067832
0.079029
0.078954
0.071627
0.072608
0.076141
0.085993
0.069661
0.090448
0.065362
0.065196
0.071979
0.058880
0.072207
0.072159
0.073101
0.073882
0.080058
0.071499
0.079670
0.086578
0.072594
0.075669
0.071034
0.081673
0.084762
0.097172
0.086188
0.071626
0.077224
0.079112
0.081208
0.071820
0.075390
0.072051
0.066645
0.082700
0.081824
0.071355
0.059755
0.073127
0.073213
0.057708
0.077127
0.102911
0.070409
0.070728
0.090633
0.075707
0.071825
0.070321
0.070362
0.086475
0.070808
0.087975
0.071201
0.072243
0.072273
0.120474
0.077150
0.071277
0.100076
0.084375
0.071968
0.075814
0.072017
0.076012
0.080680
0.072200
0.067908
0.071894
0.070838
0.079053
0.072391
0.082389
0.078772
0.073723
0.074796
0.075663
0.075829
0.075501
0.071022
0.077147
0.096060
0.092939
0.071971
0.089184
0.060719
0.073763
0.068801
0.078120
0.073002
0.074320
0.073001
0.215493
0.077427
0.076836
0.109060
0.087947
0.076731
0.081901
0.074770
0.084711
0.081557
0.070452
0.070654
0.070922
0.087126
0.083531
0.076422
0.074531
0.082668
0.077937
0.083934
0.069927
0.080014
0.096943
0.076759
0.091816
0.079890
0.086965
0.086984
0.079164
0.076485
0.069858
0.076711
0.078406
0.093653
0.070918
0.074323
0.080264
0.072173
0.071546
0.071214
0.090498
0.048303
0.077297
0.064908
0.077413
0.070272
0.078687
0.096871
0.077662
0.061413
0.073820
0.079539
0.077314
0.070805
0.086075
0.093649
0.076199
0.077913
0.075659
0.070648
0.071299
0.078333
0.071647
0.071590
0.077820
0.080061
0.072681
0.077636
0.079725
0.071744
0.061197
0.076052
0.068809
0.077057
0.124069
0.088108
0.075177
0.095500
0.072035
0.057031
0.093077
0.068349
0.123968
0.093002
0.050794
0.114040
0.049790
0.091159
0.055049
0.057496
0.064626
0.072300
0.085544
0.067459
0.135396
0.087108
0.086531
0.079726
0.078963
0.107802
0.104799
0.086820
0.080543
0.082701
0.090842
0.068908
0.073811
0.104233
0.135846
0.075049
0.083761
0.076871
0.101222
0.085169
0.085086
0.075233
0.080433
0.088035
0.107519
0.074584
0.088756
0.072139
0.080571
0.074979
0.101050
0.084247
0.074326
0.084241
0.070393
0.104442
0.081246
0.103627
0.078358
0.061232
0.071159
0.071487
0.061579
0.081646
0.077493
0.086513
0.095072
0.065220
0.075933
0.079887
0.070879
0.083410
0.078311
0.078535
0.075025
0.077798
0.070083
0.068996
0.085295
0.070378
0.097438
0.079624
0.079360
0.071611
0.103121
0.074047
0.074920
0.073201
0.077360
0.077122
0.072499
0.146510
0.067804
0.081187
1.021581
0.080486
0.082399
0.073397
0.075677
0.071204
0.141285
0.085370
0.091773
0.079996
0.151834
0.078394
0.076485
0.077184
0.096422
0.075965
0.082090
0.097015
0.079190
0.081391
0.084005
0.082399
0.088229
0.084375
0.084965
0.092010
0.072562
0.080216
0.065137
0.084496
0.083823
0.082103
0.093857
0.076619
0.389329
0.085252
0.083913
0.078040
0.074053
0.086816
0.077960
0.071726
0.071843
0.081705
0.079883
0.089141
0.086035
0.102562
0.080444
0.073016
0.111862
0.096666
0.099565
0.090483
0.090879
0.100894
0.112045
0.074754
0.088269
0.081532
0.085157
0.080132
0.085224
0.076667
0.080392
0.072676
0.070829
0.080389
0.073154
0.082051
0.073954
0.073998
0.070275
0.089408
0.077395
0.075188
0.071196
0.078783
0.084025
0.072593
0.090346
0.079013
0.075772
0.073118
0.071186
0.002061
0.004542
0.003188
0.002010
0.798039
1.988800
0.003862
0.866041
0.014763
0.002573
0.032793
0.047359
0.003655
0.041791
0.042804
