0.047042
0.045121
0.044791
0.045073
0.046354
0.045642
0.048232
0.046236
0.045142
0.048338
0.045921
0.046327
0.046737
0.044606
0.044394
0.045196
0.045245
0.044312
0.046004
0.047817
0.004303
0.044862
0.044829
0.044507
0.046445
0.045762
0.046551
0.044082
0.047869
0.045433
0.045837
0.044820
0.044530
0.045911
0.045503
0.050157
0.045092
0.046095
0.046239
0.044044
0.046312
0.044715
0.045657
0.046252
0.045499
0.045232
0.048559
0.047078
0.045296
0.045335
0.045126
0.045104
0.044121
0.048024
0.045438
0.044024
0.044706
0.046007
0.045481
0.046376
0.044310
0.045200
0.046958
0.045720
0.044040
0.045306
0.045414
0.044174
0.044393
0.045110
0.045020
0.045202
0.045607
0.051917
0.047210
0.044257
0.044188
0.045019
0.044756
0.045963
0.044929
0.045175
0.045028
0.044958
0.004227
0.051065
0.045579
0.045464
0.045269
0.049521
0.004489
0.045461
0.045016
0.045551
0.046122
0.045100
0.046432
0.044958
0.045275
0.043997
0.045920
0.045736
0.046219
0.045104
0.045385
0.044279
0.044754
0.044068
0.048076
0.044992
0.044946
0.044880
0.045024
0.045731
0.049335
0.044598
0.044912
0.044421
0.045826
0.044404
0.044326
0.044348
0.045887
0.044312
0.044446
0.046964
0.045172
0.045003
0.045650
0.045720
0.044284
0.044940
0.045609
0.044412
0.044730
0.045561
0.045928
0.048049
0.044732
0.045582
0.045331
0.045024
0.044980
0.045144
0.049024
0.043757
0.044162
0.045547
0.047439
0.047288
0.046667
0.044824
0.045108
0.048507
0.044937
0.044512
0.046997
0.049669
0.045369
0.044390
0.045749
0.045435
0.047104
0.045790
0.043982
0.047973
0.045353
0.044938
0.044604
0.005115
0.044127
0.044441
0.047369
0.048289
0.045057
0.003892
0.045250
0.047056
0.044784
0.046326
0.046594
0.046577
0.044459
0.044992
0.046500
0.045350
0.044088
0.045166
0.050057
0.048019
0.044766
0.056826
0.046199
0.051422
0.046064
0.044991
0.050372
0.044650
0.044825
0.044415
0.046367
0.046571
0.044878
0.044812
0.045170
0.045629
0.045162
0.047418
0.049194
0.044439
0.049970
0.044649
0.044286
0.047651
0.046012
0.045258
0.044568
0.046994
0.044987
0.045627
0.046013
0.046208
0.045775
0.044068
0.045699
0.049909
0.045857
0.046181
0.043943
0.045329
0.044024
0.045241
0.064908
0.044823
0.045132
0.045863
0.045986
0.045111
0.045558
0.044143
0.044547
0.046475
0.045478
0.046515
0.045750
0.045489
0.046236
0.045630
0.044145
0.045024
0.045349
0.043956
0.045042
0.045683
0.046588
0.046967
0.046768
0.044188
0.044129
0.049770
0.045065
0.045840
0.045223
0.044953
0.047738
0.043822
0.044685
0.048892
0.045285
0.045558
0.046697
0.048986
0.044832
0.056754
0.046415
0.046187
0.043995
0.044598
0.045468
0.048197
0.045770
0.046442
0.049627
0.046634
0.044494
0.045674
0.044590
0.047251
0.045112
0.044406
0.045105
0.050080
0.008058
0.051836
0.045159
0.048758
0.045273
0.046654
0.046772
0.048577
0.047656
0.045203
0.044724
0.046976
0.048951
0.044827
0.044868
0.044858
0.044564
0.006444
0.047288
0.044558
0.044756
0.047325
0.045389
0.047071
0.046004
0.046910
0.045333
0.045783
0.044089
0.045835
0.045154
0.045110
0.044567
0.047101
0.046964
0.044391
0.044555
0.045624
0.044882
0.045649
0.046355
0.044315
0.044366
0.043907
0.044454
0.045572
0.048839
0.049547
0.045004
0.044527
0.044836
0.048427
0.044581
0.045813
0.045317
0.044758
0.044528
0.044872
0.044816
0.045634
0.045191
0.045403
0.044809
0.044917
0.045317
0.045642
0.046020
0.046644
0.045351
0.047530
0.046135
0.045491
0.044389
0.045701
0.045486
0.046227
0.045563
0.048051
0.048372
0.046693
0.044880
0.045350
0.048183
0.046816
0.051046
0.045459
0.048645
0.047814
0.044972
0.045249
0.044560
0.044700
0.050018
0.045572
0.045306
0.048169
0.044720
0.044179
0.044690
0.047600
0.045492
0.046640
0.045159
0.045271
0.045512
0.045569
0.094725
0.044718
0.045429
0.044283
0.044694
0.045003
0.045194
0.045484
0.046826
0.049956
0.045513
0.043775
0.047688
0.045596
0.045019
0.044769
0.005236
0.045716
0.050096
0.045824
0.044630
0.044541
0.045987
0.046299
0.045828
0.045147
0.050007
0.045549
0.043730
0.047054
0.048533
0.045030
0.044860
0.047447
0.045518
0.044002
0.048340
0.046227
0.044623
0.045497
0.004785
0.048137
0.046011
0.044395
0.045796
0.045534
0.046210
0.044694
0.006437
0.053578
0.048174
0.045776
0.045646
0.046476
0.047577
0.044397
0.045214
0.044076
0.044584
0.048098
0.051444
0.045663
0.045036
0.044309
0.044513
0.048336
0.051999
0.044011
0.050534
0.050562
0.044397
0.046489
0.055746
0.045268
0.048917
0.044761
0.050389
0.050397
0.047298
0.044870
0.063505
0.090967
0.044763
0.046141
0.048982
0.044923
0.044719
0.044971
0.046253
0.046275
0.046017
0.044869
0.045829
0.045319
0.049039
0.045239
0.044861
0.045278
0.045416
0.049045
0.045762
0.045419
0.046213
0.045172
0.044874
0.047310
0.044714
0.046841
0.052897
0.047178
0.045722
0.044839
0.044532
0.045530
0.049693
0.044852
0.058311
0.044769
0.045125
0.050461
0.046303
0.045093
0.045448
0.047045
0.004135
0.044686
0.051039
0.047406
0.045046
0.044124
0.045442
0.050774
0.044880
0.044934
0.045497
0.044289
0.045486
0.044723
0.045023
0.046254
0.045300
0.045961
0.047397
0.045095
0.046949
0.044382
0.044926
0.048772
0.046205
0.043988
0.045858
0.045015
0.045277
0.044942
0.043908
0.045395
0.044774
0.048653
0.045056
0.043964
0.044193
0.045731
0.045562
0.045336
0.044378
0.044822
0.044880
0.045651
0.045304
0.045911
0.045112
0.045499
0.045280
0.047810
0.045349
0.043989
0.046972
0.045863
0.044150
0.045271
0.045143
0.045244
0.045628
0.046422
0.046189
0.043898
0.045883
0.044491
0.044417
0.043970
0.044533
0.044459
0.045842
0.048305
0.046228
0.044288
0.045259
0.043955
0.046483
0.048491
0.044583
0.044093
0.044079
0.044768
0.044593
0.044403
0.045173
0.055047
0.044226
0.045766
0.046102
0.043904
0.045170
0.044322
0.044476
0.045195
0.046169
0.045639
0.046074
0.048970
0.048432
0.045716
0.044579
0.044622
0.048755
0.045289
0.048057
0.044987
0.047592
0.045169
0.044939
0.045005
0.045069
0.045723
0.046631
0.049051
0.047492
0.053512
0.045967
0.044714
0.044385
0.044712
0.044857
0.046281
0.047418
0.048744
0.044856
0.046503
0.045211
0.044902
0.044694
0.044316
0.044876
0.044108
0.046164
0.043991
0.044470
0.044093
0.044791
0.044985
0.044569
0.047678
0.045067
0.004630
0.044463
0.044861
0.043946
0.044548
0.046679
0.049076
0.045371
0.045045
0.046025
0.044805
0.045547
0.045014
0.045001
0.047023
0.044391
0.048633
0.045536
0.045628
0.045381
0.047758
0.044808
0.045803
0.044664
0.045125
0.053112
0.049052
0.044368
0.044355
0.044441
0.044828
0.046426
0.050067
0.044693
0.044702
0.044042
0.044374
0.045666
0.044326
0.054904
0.045044
0.044593
0.045772
0.044859
0.130679
0.045791
0.044424
0.044713
0.044595
0.044776
0.044405
0.045490
0.045530
0.045045
0.045022
0.047232
0.046828
0.047418
0.047542
0.054314
0.073779
0.048605
0.050024
0.045266
0.045303
0.044704
0.045146
0.046073
0.048278
0.045010
0.044333
0.047576
0.045519
0.044748
0.044500
0.046749
0.045853
0.044593
0.046154
0.049533
0.044681
0.044092
0.046385
0.044831
0.044507
0.045569
0.045666
0.068645
0.044640
0.045094
0.044916
0.043822
0.044763
0.045273
0.045517
0.047548
0.044650
0.045721
0.043945
0.045038
0.047905
0.047497
0.046016
0.048351
0.047939
0.045360
0.043945
0.045135
0.052046
0.046705
0.047517
0.045269
0.044438
0.045624
0.045013
0.046311
0.063117
0.044873
0.044723
0.045815
0.045364
0.045995
0.044555
0.044750
0.051240
0.044251
0.045217
0.044141
0.044772
0.049547
0.047472
0.048944
0.044985
0.044798
0.047050
0.045502
0.044670
0.044162
0.044929
0.046053
0.044962
0.046463
0.048022
0.045080
0.048136
0.045768
0.046044
0.047070
0.044654
0.044847
0.094486
0.044159
0.044839
0.044450
0.043987
0.046235
0.046122
0.044780
0.043959
0.044906
0.045418
0.045287
0.045324
0.044887
0.044400
0.045633
0.044892
0.047591
0.045939
0.046246
0.046137
0.044667
0.045299
0.045709
0.044466
0.044843
0.049446
0.047817
0.044571
0.046775
0.049518
0.046345
0.044934
0.044715
0.044900
0.046607
0.046076
0.046746
0.044193
0.044832
0.044726
0.044587
0.045241
0.044694
0.044781
0.044592
0.044073
0.044481
0.046764
0.045033
0.044491
0.045441
0.044873
0.045162
0.044405
0.044319
0.044524
0.044051
0.045427
0.056425
0.049272
0.047050
0.043881
0.044368
0.044012
0.044559
0.044712
0.043865
0.044576
0.044751
0.044656
0.044477
0.044742
0.044826
0.047884
0.045722
0.048371
0.044537
0.044509
0.046347
0.044530
0.053550
0.044226
0.044759
0.044549
0.045863
0.044574
0.048873
0.045516
0.044728
0.044356
0.045305
0.047346
0.045499
0.044081
0.045690
0.045335
0.046320
0.044397
0.045657
0.044637
0.044086
0.043924
0.045464
0.044267
0.096731
0.044890
0.046202
0.048075
0.045041
0.044641
0.044147
0.044416
0.047853
0.047330
0.045672
0.047604
0.045313
0.044871
0.005581
0.046395
0.060447
0.044115
0.044879
0.043928
0.044825
0.003847
0.048557
0.045084
0.044132
0.046247
0.046187
0.044977
0.045407
0.044119
0.045091
0.046942
0.044440
0.050665
0.049065
0.044470
0.045028
0.044490
0.044198
0.044581
0.045697
0.045827
0.047381
0.046400
0.044986
0.043952
0.044170
0.046365
0.044790
0.044082
0.044509
0.044904
0.046853
0.050810
0.046844
0.044937
0.045555
0.044734
0.044195
0.044865
0.044891
0.045219
0.045001
0.045170
0.046549
0.045726
0.047393
0.046807
0.004733
0.043817
0.046765
0.048515
0.049420
0.044953
0.044150
0.045303
0.044629
0.044202
0.044811
0.044293
0.045549
0.095434
0.044992
0.045065
0.045592
0.044074
0.044174
0.043850
0.045489
0.044323
0.045750
0.044931
0.045402
0.045512
0.046091
0.044721
0.119032
0.048949
0.044546
0.044102
0.044916
0.045731
0.044158
0.044786
0.045578
0.045586
0.046016
0.044894
0.046596
0.045179
0.045897
0.044318
0.046592
0.045338
0.045837
0.046770
0.047826
0.044641
0.044928
0.045354
0.045707
0.045574
0.045917
0.045047
0.044626
0.044814
0.045111
0.043993
0.058763
0.044074
0.004193
0.044531
0.004431
0.044800
0.044838
0.044826
0.044472
0.049008
0.045617
0.044798
0.044408
0.045014
0.044357
0.044149
0.045594
0.045177
0.043977
0.044802
0.045476
0.045609
0.045953
0.048083
0.045101
0.044386
0.044025
0.044789
0.045095
0.044648
0.045062
0.045039
0.044807
0.045258
0.045357
0.044841
0.044268
0.044532
0.044154
0.044291
0.045508
0.045002
0.044451
0.043972
0.044903
0.046432
0.044544
0.051249
0.044581
0.044356
0.045607
0.045830
0.045770
0.044951
0.044969
0.044591
0.044658
0.044008
0.044105
0.044900
0.045043
0.044558
0.044886
0.044152
0.045061
0.044756
0.046736
0.049043
0.043968
0.045391
0.045625
0.044050
0.043983
0.045145
0.045718
0.044172
0.044418
0.045304
0.049358
0.044537
0.045924
0.045206
0.045056
0.043846
0.045463
0.044974
0.045748
0.045195
0.046370
0.045277
0.045186
0.045289
0.045364
0.044874
0.043937
0.044478
0.045248
0.045717
0.048748
0.044822
0.045145
0.045778
0.047506
0.044904
0.045359
0.044375
0.047330
0.045346
0.044482
0.044156
0.046136
0.046352
0.049482
0.049294
0.044638
0.044836
0.047596
0.045496
0.044657
0.044920
0.044668
0.044284
0.044837
0.045232
0.045294
0.044723
0.048590
0.043830
0.044095
0.050125
0.047360
0.045667
0.045001
0.045270
0.044690
0.043930
0.044931
0.044293
0.045385
0.045054
0.045596
0.045144
0.045924
0.046140
0.044708
0.045540
0.044534
0.045262
0.048072
0.048255
0.046102
0.045737
0.045033
0.045402
0.044680
0.045957
0.046477
0.046969
0.046526
0.045893
0.045154
0.045185
0.045622
0.047411
0.044774
0.045958
0.045522
0.047401
0.045459
0.044679
0.046905
0.045404
0.046946
0.045581
0.044880
0.044362
0.044849
0.044005
0.044740
0.046210
0.044588
0.049111
0.045490
0.043952
0.044219
0.045720
0.045709
0.044669
0.046547
0.047289
0.045480
0.044616
0.044893
0.044630
0.045209
0.044842
0.048300
0.045778
0.044237
0.044136
0.044813
0.045055
0.048497
0.046192
0.044485
0.045103
0.044810
0.044705
0.044837
0.044978
0.047118
0.044641
0.044378
0.045738
0.045282
0.044922
0.045534
0.045050
0.048510
0.045647
0.045220
0.044241
0.045218
0.045266
0.045691
0.044453
0.043731
0.044856
0.044764
0.044739
0.044915
0.044047
0.046518
0.044654
0.048911
0.044777
0.044553
0.045812
0.045142
0.044188
0.046382
0.049147
0.046334
0.046750
0.044364
0.044296
0.044598
0.050230
0.044669
0.044725
0.044769
0.046799
0.044629
0.044556
0.044661
0.044708
0.044471
0.044881
0.044339
0.044733
0.046284
0.044642
0.044385
0.044772
0.044987
0.044598
0.044151
0.044243
0.048471
0.046469
0.044782
0.045385
0.045105
0.044382
0.046018
0.045047
0.045148
0.047825
0.045220
0.049673
0.045426
0.044963
0.047066
0.044489
0.045032
0.044799
0.044714
0.046342
0.044908
0.045834
0.044618
0.048690
0.046248
0.045633
0.045616
0.044790
0.121469
0.044995
0.046998
0.044188
0.044573
0.045714
0.054778
0.045021
0.044703
0.047350
0.044533
0.049907
0.046286
0.044638
0.045188
0.044704
0.045477
0.045950
0.048702
0.046243
0.044608
0.044507
0.047673
0.044436
0.046631
0.045001
0.046298
0.044484
0.044935
0.048334
0.049439
0.045349
0.044900
0.045236
0.044471
0.044925
0.043843
0.047850
0.045211
0.044557
0.044263
0.044978
0.044981
0.045213
0.044083
0.048231
0.045672
0.045624
0.046737
0.045909
0.045600
0.045080
0.045484
0.044124
0.045038
0.044182
0.044822
0.044958
0.045052
0.047059
0.044836
0.045671
0.045272
0.044878
0.045087
0.044808
0.045301
0.044038
0.044009
0.043791
0.045061
0.044161
0.045013
0.048276
0.044800
0.044199
0.044738
0.044937
0.046080
0.044864
0.043916
0.043972
0.044746
0.044938
0.045206
0.045878
0.047228
0.004686
0.045067
0.062744
0.045783
0.045418
0.046206
0.044684
0.045662
0.046409
0.045018
0.044560
0.044260
0.044523
0.046234
0.044185
0.045162
0.045065
0.046095
0.046255
0.044990
0.044939
0.044500
0.047789
0.045179
0.046043
0.046022
0.044831
0.044071
0.044519
0.044684
0.045288
0.046340
0.044129
0.044845
0.044470
0.045002
0.048648
0.045119
0.045808
0.044837
0.045505
0.044467
0.045208
0.045660
0.044978
0.045034
0.045387
0.044914
0.048992
0.044682
0.045678
0.044253
0.045457
0.043973
0.045439
0.045022
0.047995
0.045077
0.044988
0.044802
0.044118
0.046437
0.044038
0.045869
0.047071
0.044751
0.044644
0.044146
0.044728
0.047758
0.044042
0.044054
0.044837
0.044884
0.048715
0.045358
0.044884
0.044771
0.045130
0.045346
0.044819
0.045525
0.045291
0.045714
0.044264
0.044170
0.045020
0.045014
0.044837
0.044772
0.045104
0.044134
0.044391
0.044079
0.048015
0.046565
0.045130
0.044098
0.044641
0.044070
0.044295
0.044473
0.044681
0.044287
0.044859
0.044425
0.044742
0.044699
0.048220
0.046031
0.043806
0.044791
0.044469
0.047617
0.045255
0.044960
0.044205
0.044841
0.044001
0.044359
0.047719
0.044360
0.044965
0.044581
0.044847
0.044774
0.045387
0.045927
0.045236
0.045092
0.045320
0.045538
0.045018
0.044449
0.043889
0.044843
0.044195
0.047818
0.045635
0.046432
0.044921
0.044817
0.044887
0.045101
0.044950
0.048953
0.044878
0.044600
0.048195
0.045238
0.046456
0.045335
0.043829
0.045870
0.047897
0.044946
0.045192
0.049320
0.044282
0.048824
0.046191
0.046766
0.046089
0.045217
0.044821
0.044784
0.044791
0.045060
0.044446
0.047250
0.049171
0.044256
0.044740
0.045212
0.046405
0.045680
0.045604
0.044815
0.046399
0.044889
0.046199
0.044916
0.044459
0.044990
0.045109
0.043779
0.044066
0.045437
0.047256
0.046410
0.047815
0.044720
0.044775
0.044705
0.044957
0.044388
0.045030
0.045031
0.044918
0.044707
0.044589
0.044018
0.043837
0.044884
0.044530
0.049892
0.044651
0.044872
0.044557
0.045907
0.044126
0.045256
0.046215
0.045349
0.048063
0.045817
0.044992
0.045970
0.046102
0.048179
0.046923
0.045745
0.045191
0.053166
0.048389
0.046437
0.045421
0.044390
0.044768
0.045006
0.049493
0.044768
0.045094
0.045064
0.044977
0.045557
0.050795
0.044713
0.044400
0.044619
0.045116
0.007944
0.045558
0.051142
0.046434
0.045193
0.044965
0.044953
0.045151
0.052700
0.043787
0.044402
0.045819
0.044994
0.044536
0.045782
0.044771
0.043845
0.044469
0.046894
0.044156
0.044714
0.044767
0.044905
0.044807
0.044786
0.044458
0.045088
0.045036
0.044771
0.044865
0.044667
0.043984
0.043804
0.044624
0.044644
0.044788
0.044691
0.044819
0.046539
0.044534
0.045635
0.046315
0.044836
0.045079
0.043992
0.046739
0.047291
0.045064
0.044093
0.044210
0.044725
0.045522
0.047353
0.052306
0.046882
0.045233
0.044662
0.044933
0.044304
0.044599
0.045327
0.044700
0.044787
0.044474
0.045802
0.046083
0.049459
0.044592
0.044586
0.044791
0.046749
0.044748
0.052323
0.044859
0.045851
0.044689
0.044907
0.046283
0.044834
0.045403
0.044344
0.045410
0.045161
0.047552
0.004251
0.044207
0.045492
0.044686
0.048140
0.044453
0.046554
0.045347
0.044851
0.046457
0.044579
0.044981
0.044780
0.044648
0.044640
0.043646
0.043698
0.044701
0.043892
0.045301
0.044861
0.043893
0.044573
0.044539
0.046969
0.044732
0.044836
0.044723
0.043756
0.045730
0.046118
0.048228
0.044596
0.044673
0.044588
0.045588
0.044828
0.044734
0.045017
0.049938
0.046623
0.044282
0.044963
0.044682
0.045324
0.045967
0.044525
0.044691
0.045242
0.044812
0.045280
0.044696
0.045799
0.047241
0.045790
0.045404
0.045671
0.045542
0.044942
0.045128
0.044870
0.044899
0.044858
0.044230
0.050462
0.048393
0.044930
0.044686
0.045952
0.044865
0.044773
0.044945
0.044706
0.046854
0.044428
0.044653
0.044616
0.044901
0.046080
0.045588
0.044610
0.045947
0.045178
0.045045
0.044011
0.044913
0.044708
0.044338
0.044560
0.045217
0.044400
0.045280
0.044351
0.044672
0.044542
0.044965
0.046140
0.044541
0.045113
0.044554
0.051558
0.044595
0.045270
0.045077
0.045824
0.044061
0.043981
0.044902
0.044884
0.044855
0.043949
0.045223
0.046596
0.045222
0.044935
0.045335
0.044906
0.046688
0.047140
0.045275
0.045450
0.045142
0.045257
0.048291
0.045191
0.045572
0.044766
0.046068
0.045827
0.044888
0.045304
0.044706
0.045522
0.044903
0.047033
0.044759
0.048795
0.044897
0.044043
0.044848
0.043901
0.046473
0.044854
0.045514
0.045198
0.044544
0.045054
0.045006
0.044734
0.045000
0.045123
0.044623
0.044937
0.044191
0.044781
0.045111
0.044174
0.045083
0.045853
0.047522
0.046269
0.045521
0.044491
0.048010
0.045149
0.044667
0.048310
0.045826
0.044963
0.044069
0.046912
0.055245
0.044827
0.044066
0.044627
0.003865
0.046970
0.043703
0.044487
0.045084
0.049069
0.044535
0.045507
0.044989
0.045045
0.044490
0.045475
0.059565
0.047175
0.046248
0.044703
0.046283
0.047358
0.047312
0.046367
0.044774
0.044966
0.045130
0.045630
0.046854
0.044141
0.044560
0.044738
0.045176
0.047645
0.047107
0.046444
0.044912
0.048703
0.044009
0.045487
0.045036
0.045374
0.043939
0.045495
0.044071
0.043977
0.046298
0.044938
0.044114
0.044192
0.045330
0.045323
0.045386
0.044084
0.044974
0.044236
0.044912
0.045127
0.044572
0.045335
0.053223
0.044194
0.044011
0.045262
0.044849
0.048048
0.045325
0.044857
0.045443
0.044750
0.044752
0.045371
0.044811
0.048222
0.044839
0.044796
0.045511
0.044984
0.045207
0.045179
0.044207
0.046116
0.044873
0.045063
0.043778
0.046226
0.044352
0.047111
0.045083
0.044980
0.045327
0.108427
0.045739
0.044794
0.049498
0.044695
0.055397
0.044311
0.050432
0.048015
0.044586
0.045785
0.045383
0.045414
0.048658
0.045156
0.044901
0.043977
0.044998
0.050719
0.046024
0.045261
0.045281
0.046455
0.045528
0.047073
0.044899
0.045178
0.044792
0.044839
0.045655
0.044909
0.044991
0.044438
0.044006
0.044711
0.045157
0.046418
0.045033
0.044558
0.044741
0.044709
0.044894
0.045566
0.046273
0.045533
0.044382
0.044780
0.048470
0.049945
0.046254
0.044945
0.046953
0.045133
0.045438
0.044824
0.196345
0.307706
0.301796
0.174499
0.045000
0.044961
0.046783
0.044947
0.046344
0.045554
0.044530
0.045146
0.049198
0.044601
0.048331
0.044147
0.045554
0.046675
0.043971
0.047042
0.046530
0.044568
0.046399
0.046150
0.046478
0.045801
0.046478
0.044819
0.045794
0.045212
0.045383
0.045597
0.045409
0.045422
0.043960
0.044341
0.045548
0.044584
0.046689
0.045887
0.043999
0.045418
0.044984
0.045488
0.045257
0.045427
0.047503
0.045873
0.116475
0.044328
0.046679
0.044882
0.045517
0.044819
0.045349
0.045128
0.044792
0.044352
0.044644
0.044543
0.045239
0.044951
0.044775
0.044948
0.045809
0.045002
0.045782
0.044923
0.046193
0.046552
0.045296
0.045504
0.045881
0.045503
0.045828
0.045920
0.044803
0.045800
0.046514
0.043921
0.044673
0.044446
0.045731
0.044570
0.044790
0.048993
0.045653
0.045574
0.048001
0.052354
0.045355
0.044119
0.044164
0.044722
0.044161
0.046009
0.045246
0.044699
0.044718
0.045014
0.045089
0.044889
0.045454
0.044778
0.044828
0.044139
0.045713
0.045242
0.045622
0.044998
0.044981
0.044798
0.044417
0.044554
0.044332
0.045039
0.043665
0.046565
0.048245
0.045848
0.044384
0.045139
0.045090
0.044458
0.044499
0.044778
0.044900
0.044751
0.044254
0.044704
0.044124
0.046185
0.044716
0.044791
0.044752
0.046144
0.045671
0.044413
0.044689
0.044761
0.044681
0.045839
0.044458
0.044730
0.045747
0.045346
0.044396
0.047080
0.044754
0.044660
0.045168
0.050304
0.047599
0.044477
0.044010
0.044471
0.045867
0.044605
0.046277
0.044363
0.043805
0.044468
0.048749
0.044702
0.045930
0.045330
0.365198
0.044734
0.047681
0.044949
0.046009
0.043835
0.044754
0.044982
0.044771
0.045323
0.044781
0.044787
0.139121
0.048238
0.045013
0.046993
0.051575
0.045051
0.045867
0.044496
0.043652
0.044362
0.044464
0.044739
0.045796
0.044909
0.044759
0.044530
0.044476
0.044868
0.046079
0.045635
0.044484
0.044273
0.044868
0.045411
0.045283
0.044809
0.056133
0.045640
0.044975
0.044989
0.044306
0.046012
0.044814
0.044103
0.045481
0.044685
0.044395
0.044134
0.044356
0.046024
0.045165
0.043983
0.043950
0.045866
0.045149
0.044686
0.044277
0.046664
0.055923
0.063646
0.077270
0.078908
0.045487
0.047239
0.044033
0.047107
0.044174
0.049109
0.046735
0.045462
0.045888
0.044899
0.046522
0.044599
0.044918
0.044914
0.044711
0.045920
0.045740
0.059057
0.045457
0.045530
0.048960
0.045161
0.045472
0.045651
0.045159
0.045973
0.044797
0.045175
0.045437
0.044664
0.044216
0.044017
0.044924
0.045335
0.046130
0.045007
0.045780
0.045403
0.046277
0.044418
0.044761
0.047589
0.048408
0.045684
0.044959
0.043967
0.044062
0.050114
0.045037
0.045181
0.045244
0.044885
0.045296
0.045084
0.044362
0.044949
0.043775
0.047440
0.045657
0.045320
0.004019
0.044272
0.043996
0.046592
0.044978
0.045435
0.044869
0.044998
0.044700
0.044573
0.045165
0.045755
0.045308
0.044091
0.094595
0.045420
0.046331
0.046718
0.043983
0.044832
0.045136
0.046445
0.044128
0.045573
0.044988
0.044864
0.046028
0.046759
0.044675
0.046973
0.043720
0.044695
0.045015
0.046144
0.043983
0.048860
0.047443
0.044625
0.047996
0.044965
0.044956
0.044196
0.045170
0.043849
0.044666
0.043944
0.044911
0.047246
0.044724
0.045252
0.045057
0.045119
0.045848
0.045832
0.045155
0.044195
0.045128
0.043865
0.047547
0.049026
0.045201
0.044170
0.044997
0.044486
0.044920
0.044446
0.044922
0.045241
0.045836
0.046840
