0.045132
0.045189
0.044961
0.045167
0.045002
0.044921
0.045964
0.045337
0.045649
0.043967
0.049202
0.049845
0.046665
0.048806
0.044804
0.046126
0.043901
0.044360
0.044913
0.046408
0.044788
0.045545
0.044669
0.045454
0.047144
0.045993
0.047303
0.047823
0.043749
0.044707
0.046634
0.048518
0.044351
0.044514
0.043943
0.045323
0.044314
0.044521
0.048580
0.044184
0.044938
0.044203
0.047266
0.044624
0.046383
0.045808
0.044977
0.048138
0.047719
0.047588
0.044646
0.057756
0.045651
0.044923
0.044374
0.044155
0.044000
0.045079
0.045676
0.045246
0.046209
0.044781
0.045924
0.047821
0.044280
0.044128
0.044836
0.045956
0.045058
0.044917
0.044080
0.044408
0.047263
0.047807
0.046430
0.044391
0.045021
0.045286
0.044425
0.044208
0.046006
0.044544
0.044907
0.044820
0.005023
0.045394
0.044467
0.044231
0.047007
0.044355
0.044661
0.044651
0.044263
0.045209
0.045718
0.045155
0.044490
0.045133
0.049261
0.047513
0.048210
0.044740
0.044505
0.044442
0.044393
0.044665
0.047908
0.045591
0.044627
0.045226
0.044147
0.044495
0.045167
0.044811
0.048405
0.044880
0.044912
0.047114
0.045947
0.045234
0.045849
0.044136
0.045543
0.043764
0.044735
0.047246
0.044695
0.044621
0.045033
0.044852
0.044449
0.044388
0.046826
0.045103
0.045017
0.044403
0.045893
0.044294
0.044597
0.046765
0.045506
0.044168
0.044717
0.045922
0.044479
0.045861
0.045357
0.044022
0.044887
0.047017
0.046162
0.048741
0.046084
0.044736
0.044900
0.044897
0.044608
0.044455
0.044679
0.044822
0.044933
0.045151
0.044640
0.046542
0.043958
0.045747
0.043893
0.047454
0.050278
0.005357
0.046439
0.003503
0.045234
0.046206
0.044185
0.044996
0.046170
0.045384
0.045986
0.047322
0.045797
0.044497
0.046792
0.044840
0.044682
0.045300
0.046393
0.043665
0.066605
0.045217
0.044516
0.054514
0.046710
0.045511
0.047080
0.044641
0.046140
0.046179
0.044672
0.045927
0.045444
0.044780
0.044504
0.044763
0.044700
0.045064
0.045046
0.044548
0.043863
0.044544
0.044002
0.046878
0.045832
0.044809
0.047945
0.043966
0.046316
0.045849
0.044903
0.047810
0.055390
0.045318
0.043831
0.043970
0.084898
0.046201
0.046193
0.045627
0.045769
0.044696
0.044525
0.048162
0.046502
0.044968
0.044920
0.045879
0.046215
0.044645
0.046861
0.044662
0.049556
0.048808
0.046938
0.045448
0.047622
0.045172
0.043820
0.044476
0.045330
0.044710
0.046564
0.045739
0.046705
0.044098
0.044817
0.044655
0.054662
0.045302
0.044222
0.044231
0.044619
0.046622
0.045651
0.044310
0.044893
0.044084
0.047047
0.082226
0.047792
0.044725
0.044499
0.049565
0.043654
0.048907
0.047025
0.043678
0.044871
0.044642
0.044604
0.044187
0.044540
0.046394
0.044711
0.045405
0.045632
0.004946
0.050025
0.047194
0.045181
0.043937
0.044940
0.044346
0.044627
0.044885
0.045414
0.047296
0.045101
0.044125
0.046265
0.044878
0.043778
0.045276
0.044786
0.043687
0.044272
0.044503
0.043863
0.044830
0.044722
0.046479
0.046532
0.044424
0.044753
0.044276
0.044946
0.046460
0.045325
0.046778
0.045468
0.044132
0.044785
0.046576
0.045817
0.044322
0.044374
0.045006
0.045016
0.046653
0.044689
0.044401
0.044963
0.043847
0.045085
0.046440
0.044654
0.044570
0.043966
0.044739
0.044343
0.045918
0.044682
0.044531
0.044730
0.044961
0.046168
0.044284
0.044659
0.047484
0.044646
0.044916
0.045443
0.048013
0.045391
0.045076
0.044058
0.047673
0.046979
0.045273
0.046917
0.044514
0.045651
0.045133
0.044606
0.052175
0.045767
0.044254
0.044708
0.044158
0.044935
0.049795
0.045231
0.046012
0.044099
0.044419
0.049980
0.047880
0.044985
0.046044
0.044951
0.044644
0.047560
0.044748
0.045428
0.044831
0.046064
0.046154
0.046117
0.049686
0.044124
0.044864
0.045658
0.044604
0.045655
0.048365
0.044368
0.044456
0.045335
0.044467
0.044153
0.044314
0.043753
0.044245
0.044418
0.044232
0.044382
0.050806
0.047619
0.044250
0.044875
0.044810
0.044522
0.045932
0.048072
0.044778
0.044404
0.045790
0.044874
0.049580
0.047535
0.043949
0.043726
0.043670
0.044379
0.046251
0.049255
0.043981
0.044425
0.045059
0.048451
0.044419
0.003809
0.047742
0.044907
0.044941
0.044464
0.044363
0.044633
0.044993
0.006762
0.045350
0.044883
0.044953
0.045480
0.045755
0.044952
0.045257
0.045306
0.048620
0.045052
0.045793
0.068839
0.004021
0.044539
0.045284
0.044799
0.045329
0.045165
0.045084
0.044560
0.044971
0.045535
0.047249
0.044930
0.044921
0.044557
0.054005
0.048529
0.047917
0.049156
0.093479
0.045323
0.045301
0.052040
0.048284
0.048609
0.047725
0.044760
0.047618
0.050302
0.078996
0.064256
0.046974
0.044610
0.045761
0.047185
0.043909
0.045524
0.052414
0.046252
0.044397
0.044745
0.044742
0.044058
0.045970
0.045518
0.045401
0.045931
0.046484
0.046193
0.045558
0.044621
0.045919
0.044667
0.045190
0.048848
0.051694
0.043974
0.044047
0.048025
0.045231
0.044976
0.044296
0.051135
0.046012
0.044755
0.045079
0.044544
0.044771
0.044310
0.048636
0.050334
0.044478
0.045347
0.044460
0.045499
0.044745
0.045191
0.044760
0.045111
0.051258
0.047134
0.044077
0.047814
0.045533
0.045671
0.045719
0.044925
0.045542
0.045273
0.045648
0.050378
0.044974
0.044569
0.044643
0.047072
0.008304
0.047842
0.047311
0.044786
0.044166
0.046827
0.045135
0.046403
0.047165
0.044695
0.044569
0.049432
0.044967
0.044831
0.045082
0.044689
0.044524
0.043640
0.043775
0.044637
0.044623
0.044832
0.045116
0.044848
0.043736
0.045521
0.048528
0.045644
0.045057
0.044690
0.043890
0.045284
0.045896
0.045220
0.045889
0.044682
0.044458
0.048464
0.045327
0.044781
0.047243
0.045455
0.048564
0.044358
0.046571
0.046874
0.044800
0.044842
0.045236
0.044505
0.044911
0.044064
0.044675
0.044984
0.044579
0.060703
0.043845
0.044208
0.044834
0.046004
0.047498
0.043973
0.045392
0.046099
0.044930
0.045561
0.044851
0.044458
0.045944
0.044508
0.044293
0.045121
0.045315
0.046203
0.046277
0.046295
0.046688
0.047404
0.051722
0.049007
0.045274
0.045240
0.045219
0.045424
0.051191
0.045753
0.047044
0.045535
0.046326
0.044765
0.051035
0.046444
0.044358
0.044686
0.078431
0.047085
0.044651
0.047102
0.045756
0.045867
0.046714
0.045333
0.047744
0.044654
0.044376
0.045292
0.044716
0.043824
0.047226
0.045776
0.045060
0.047727
0.046226
0.043966
0.045526
0.043910
0.044493
0.044228
0.043749
0.043832
0.043785
0.057001
0.048811
0.045578
0.044625
0.003778
0.043695
0.044561
0.043764
0.049828
0.046140
0.043884
0.044588
0.044746
0.045138
0.045101
0.045294
0.044193
0.044258
0.044839
0.045091
0.045905
0.053023
0.048378
0.044885
0.044631
0.044720
0.044040
0.044706
0.044052
0.046974
0.044628
0.044108
0.045119
0.044925
0.044654
0.045268
0.045043
0.044420
0.044824
0.044928
0.046492
0.044529
0.044677
0.044875
0.044414
0.043849
0.043739
0.046592
0.044799
0.044852
0.045506
0.044856
0.044355
0.046753
0.052811
0.091840
0.063440
0.045185
0.045624
0.046958
0.046621
0.044537
0.047574
0.044862
0.044022
0.044428
0.046629
0.045388
0.044925
0.044683
0.043906
0.044730
0.044886
0.045112
0.044281
0.044185
0.046028
0.043892
0.044945
0.044795
0.044494
0.044499
0.044642
0.046060
0.045231
0.048619
0.044649
0.044589
0.044805
0.044064
0.045651
0.046534
0.045932
0.044552
0.045008
0.044520
0.047747
0.054638
0.044985
0.044699
0.044395
0.045033
0.044630
0.044867
0.045537
0.050470
0.044951
0.044761
0.044407
0.044947
0.046712
0.044281
0.044676
0.044834
0.044952
0.046193
0.044078
0.044684
0.045904
0.050812
0.046662
0.044500
0.043953
0.045829
0.050673
0.045679
0.044409
0.044582
0.045098
0.045094
0.045829
0.046879
0.043658
0.043902
0.044566
0.043742
0.043873
0.045438
0.045052
0.043857
0.044574
0.044648
0.045654
0.046989
0.045713
0.044513
0.044500
0.044538
0.044536
0.044148
0.046892
0.045836
0.044836
0.044838
0.044223
0.044016
0.044855
0.047300
0.044221
0.043953
0.045887
0.045618
0.051104
0.045714
0.046272
0.044712
0.043620
0.044727
0.045048
0.044958
0.043909
0.044281
0.044912
0.043842
0.044448
0.055102
0.044659
0.044736
0.044362
0.044202
0.044537
0.044161
0.044551
0.044537
0.044700
0.045281
0.044271
0.044757
0.044701
0.044706
0.043710
0.044231
0.045386
0.044238
0.046015
0.044713
0.044882
0.044592
0.044677
0.045053
0.045373
0.043782
0.044584
0.045349
0.044577
0.045261
0.045084
0.044625
0.045015
0.044082
0.043581
0.045387
0.044927
0.044496
0.044634
0.044913
0.044426
0.044607
0.046624
0.045253
0.044797
0.044421
0.044626
0.044412
0.047840
0.044263
0.045228
0.044468
0.045636
0.044284
0.048064
0.044731
0.046065
0.045636
0.044739
0.044781
0.044895
0.044648
0.043789
0.044040
0.044325
0.044878
0.044978
0.051499
0.047647
0.045266
0.044449
0.045833
0.051277
0.044926
0.044612
0.079356
0.043846
0.044819
0.044991
0.049020
0.049075
0.044239
0.045430
0.044703
0.044382
0.045475
0.046230
0.043967
0.005188
0.047664
0.048772
0.045407
0.044238
0.043889
0.046989
0.043922
0.045342
0.044909
0.043871
0.045250
0.045002
0.044446
0.051749
0.044588
0.045438
0.045010
0.044450
0.046768
0.049521
0.043913
0.043631
0.044597
0.044301
0.050086
0.044712
0.043881
0.044817
0.044206
0.045764
0.044017
0.044760
0.044621
0.044609
0.044284
0.045703
0.044826
0.044207
0.048885
0.045574
0.044617
0.044083
0.046956
0.044141
0.046596
0.045535
0.045729
0.044883
0.043959
0.044584
0.045203
0.046529
0.045131
0.045736
0.044752
0.044651
0.044993
0.044928
0.044429
0.044288
0.044831
0.044466
0.044580
0.043827
0.045084
0.044598
0.044565
0.044822
0.048214
0.048358
0.044123
0.044035
0.044221
0.044375
0.043722
0.045042
0.045244
0.045852
0.044479
0.044843
0.044337
0.044437
0.044181
0.044675
0.044787
0.044698
0.044767
0.045208
0.045411
0.043750
0.044861
0.043977
0.045726
0.044916
0.044306
0.045225
0.044345
0.043944
0.043820
0.044905
0.045017
0.045844
0.044715
0.045374
0.044753
0.045912
0.046770
0.043794
0.044829
0.044985
0.044800
0.043803
0.046834
0.045492
0.043945
0.044196
0.043940
0.043756
0.046860
0.044534
0.044014
0.044848
0.043862
0.043945
0.044834
0.045538
0.043740
0.043991
0.044836
0.044988
0.046071
0.044166
0.046740
0.045323
0.045552
0.043961
0.044619
0.044059
0.044920
0.046067
0.045170
0.043834
0.044761
0.044621
0.044780
0.047254
0.044278
0.046608
0.044350
0.044852
0.045103
0.044869
0.043917
0.045842
0.045937
0.043727
0.044349
0.044797
0.044854
0.044617
0.045130
0.044992
0.044479
0.044884
0.045986
0.047968
0.044765
0.044435
0.044871
0.044790
0.043709
0.044368
0.044748
0.044161
0.043976
0.044063
0.045890
0.048697
0.044065
0.044473
0.044635
0.044402
0.044597
0.045351
0.045137
0.044254
0.045692
0.045325
0.044938
0.045187
0.047965
0.045238
0.046806
0.044961
0.044105
0.044493
0.043946
0.045317
0.047237
0.044303
0.044013
0.044038
0.046776
0.044261
0.045623
0.043677
0.044762
0.044632
0.044240
0.046373
0.045505
0.045536
0.044623
0.045589
0.044087
0.045427
0.044877
0.044634
0.044668
0.044864
0.044675
0.044819
0.044732
0.044619
0.043987
0.045153
0.044404
0.044806
0.044805
0.046451
0.044719
0.044658
0.045950
0.044449
0.046711
0.044817
0.046299
0.044800
0.044831
0.045652
0.044931
0.044488
0.004440
0.044941
0.044537
0.044905
0.044208
0.045264
0.045689
0.044758
0.044827
0.044548
0.045559
0.046470
0.043600
0.046487
0.044337
0.044747
0.044929
0.044702
0.045951
0.044116
0.044956
0.044586
0.043817
0.044669
0.045230
0.045286
0.046299
0.044683
0.046513
0.046753
0.047664
0.045632
0.045387
0.045568
0.043609
0.045515
0.044973
0.047187
0.043623
0.155385
0.045065
0.044457
0.045106
0.045378
0.045288
0.044626
0.044542
0.043866
0.045072
0.046240
0.045775
0.043689
0.066513
0.044552
0.044503
0.043835
0.047777
0.044594
0.044621
0.044366
0.044218
0.045863
0.045195
0.043813
0.045493
0.044416
0.044117
0.044485
0.045496
0.044887
0.045152
0.044701
0.045109
0.044404
0.049911
0.046070
0.044884
0.044278
0.044463
0.044725
0.044853
0.044896
0.043987
0.044446
0.045850
0.044874
0.043869
0.048414
0.043988
0.044331
0.044337
0.046339
0.044095
0.044666
0.044885
0.045572
0.045740
0.045069
0.044292
0.044381
0.044855
0.045023
0.044353
0.044490
0.044739
0.044868
0.044897
0.044575
0.045376
0.044324
0.045233
0.044205
0.044600
0.045428
0.043727
0.044482
0.044597
0.044616
0.045493
0.044160
0.044713
0.043535
0.043822
0.043933
0.044372
0.045387
0.044503
0.003461
0.044307
0.044330
0.044091
0.045623
0.044778
0.044510
0.044925
0.044990
0.044433
0.044732
0.044635
0.044643
0.026815
0.044829
0.044925
0.044227
0.045185
0.044592
0.047734
0.045276
0.045015
0.044401
0.045045
0.044420
0.045839
0.044897
0.043844
0.044649
0.045095
0.045421
0.044721
0.045497
0.044711
0.044688
0.045583
0.044931
0.044668
0.043626
0.045894
0.046973
0.044326
0.044849
0.045489
0.044674
0.044632
0.044599
0.044312
0.044695
0.045328
0.044388
0.044592
0.049294
0.044811
0.044974
0.045089
0.047045
0.044669
0.044559
0.044564
0.044733
0.046496
0.044802
0.044294
0.045563
0.044215
0.048698
0.044081
0.044492
0.044748
0.044301
0.045619
0.044549
0.044550
0.044728
0.044916
0.044712
0.044732
0.045113
0.044624
0.045809
0.044557
0.049737
0.043895
0.045298
0.044409
0.044213
0.044440
0.044866
0.044704
0.045153
0.043792
0.045100
0.044910
0.045389
0.044795
0.051827
0.044265
0.044008
0.044494
0.045338
0.044513
0.046657
0.044570
0.045913
0.045127
0.045506
0.045613
0.044218
0.051363
0.048446
0.043746
0.045309
0.045274
0.044600
0.045212
0.045171
0.043908
0.043607
0.044132
0.044767
0.044868
0.044273
0.045058
0.044060
0.046694
0.046154
0.043911
0.044597
0.045406
0.049562
0.045357
0.045024
0.046731
0.045745
0.045185
0.044891
0.044893
0.045146
0.045455
0.045726
0.045152
0.044897
0.044878
0.044968
0.045738
0.044586
0.049114
0.045768
0.045019
0.044217
0.044705
0.045474
0.044676
0.044745
0.044966
0.044152
0.043944
0.046667
0.044293
0.046699
0.046580
0.045143
0.044526
0.044853
0.044604
0.044812
0.044959
0.044334
0.047842
0.044003
0.044385
0.043773
0.044749
0.044639
0.044020
0.044291
0.046519
0.046467
0.044741
0.044968
0.043754
0.044834
0.044950
0.046252
0.062676
0.045148
0.043793
0.045909
0.043995
0.044356
0.044829
0.044951
0.045000
0.047921
0.043991
0.047641
0.044661
0.043910
0.044513
0.043990
0.043691
0.044860
0.044123
0.045026
0.044884
0.044452
0.044270
0.045842
0.044365
0.044690
0.044628
0.044147
0.044134
0.045858
0.044944
0.044875
0.045081
0.045961
0.046008
0.044076
0.044956
0.044677
0.045788
0.043849
0.044227
0.044985
0.044849
0.043989
0.044306
0.045404
0.044824
0.043991
0.044745
0.045191
0.043984
0.045315
0.043829
0.044531
0.043865
0.044944
0.046006
0.044838
0.043850
0.043818
0.043759
0.043896
0.044263
0.044861
0.044662
0.044168
0.044698
0.044297
0.044096
0.044446
0.045543
0.044503
0.044052
0.044912
0.044349
0.044551
0.044682
0.045906
0.043755
0.046732
0.044845
0.046038
0.044709
0.043788
0.044754
0.044241
0.043849
0.044066
0.044188
0.043594
0.044611
0.044053
0.045317
0.044643
0.043685
0.043738
0.044871
0.046691
0.044692
0.045482
0.048098
0.044103
0.043986
0.045063
0.046627
0.045695
0.045354
0.044875
0.043886
0.046561
0.043811
0.044690
0.050232
0.045032
0.044540
0.044738
0.045142
0.050425
0.044528
0.045053
0.044639
0.045232
0.047776
0.045390
0.044333
0.044874
0.048551
0.044141
0.045168
0.044944
0.047931
0.044756
0.044839
0.045191
0.045237
0.045120
0.043918
0.044716
0.044636
0.044208
0.044819
0.044977
0.045318
0.044698
0.044097
0.044785
0.044839
0.045314
0.045221
0.044412
0.044882
0.044613
0.045390
0.044846
0.045297
0.044247
0.044688
0.044667
0.054663
0.044572
0.049630
0.045224
0.044754
0.044593
0.044481
0.048929
0.045677
0.045179
0.044485
0.043824
0.045601
0.044131
0.051382
0.048114
0.046796
0.046046
0.123696
0.044903
0.051283
0.045138
0.045462
0.044656
0.045037
0.044070
0.047683
0.049757
0.043863
0.045771
0.044246
0.044594
0.045093
0.044734
0.044726
0.044584
0.045103
0.046565
0.045565
0.045341
0.046825
0.046101
0.043850
0.046119
0.043674
0.047580
0.044504
0.044492
0.044533
0.044607
0.044622
0.044687
0.044613
0.044398
0.043973
0.045366
0.045597
0.045410
0.043782
0.048562
0.046112
0.044197
0.044747
0.044623
0.044555
0.044733
0.045154
0.044339
0.044776
0.044425
0.047608
0.047748
0.046168
0.044765
0.046376
0.044757
0.044651
0.044321
0.045792
0.044781
0.043803
0.045889
0.044839
0.044794
0.044206
0.043918
0.044823
0.048829
0.047434
0.045226
0.044630
0.044650
0.044910
0.044230
0.044645
0.044060
0.047158
0.048926
0.045694
0.044595
0.044798
0.045855
0.044309
0.047505
0.044452
0.045041
0.045412
0.044948
0.003925
0.048290
0.045104
0.045206
0.044690
0.043610
0.044361
0.044541
0.044426
0.044465
0.044133
0.044468
0.044422
0.046023
0.045401
0.044726
0.044476
0.045091
0.044496
0.045209
0.045211
0.044448
0.044598
0.045365
0.043650
0.044446
0.043643
0.044617
0.044059
0.044146
0.044453
0.044436
0.044658
0.044239
0.045116
0.044635
0.045045
0.045324
0.044924
0.044940
0.046965
0.045466
0.044714
0.044445
0.044673
0.044112
0.045711
0.044313
0.045660
0.044331
0.046400
0.047982
0.044710
0.045467
0.045733
0.044246
0.044889
0.048214
0.047523
0.044840
0.118445
0.081592
0.044569
0.045048
0.045149
0.044548
0.044449
0.044654
0.044649
0.044409
0.044071
0.044073
0.044531
0.044836
0.045869
0.045694
0.044926
0.044457
0.045165
0.045328
0.044792
0.045397
0.044962
0.044259
0.044759
0.044091
0.044752
0.044745
0.045026
0.045107
0.044302
0.044100
0.044665
0.044107
0.043909
0.045659
0.045703
0.045954
0.045379
0.044569
0.045609
0.044658
0.044103
0.044712
0.044977
0.044193
0.054869
0.045599
0.043959
0.044023
0.045354
0.045140
0.045534
0.044860
0.044705
0.044404
0.044602
0.044208
0.045484
0.044668
0.044886
0.044255
0.044955
0.045680
0.044073
0.043971
0.044584
0.044742
0.044672
0.045038
0.045458
0.046476
0.046589
0.045015
0.044173
0.045098
0.045052
0.046039
0.043956
0.045106
0.044077
0.043836
0.046050
0.045919
0.046231
0.044834
0.044651
0.045356
0.045486
0.045421
0.046688
0.044238
0.044606
0.045103
0.044379
0.044960
0.047882
0.045505
0.045096
0.044795
0.044751
0.044625
0.046518
0.044796
0.045672
0.044989
0.043938
0.044640
0.044999
0.044758
0.044057
0.045031
0.050432
0.047082
0.049973
0.044717
0.003485
0.049862
0.043769
0.044879
0.044530
0.044988
0.044017
0.045069
0.045553
0.044756
0.044869
0.044087
0.050611
0.047455
0.044781
0.045719
0.123392
0.047392
0.046393
0.045559
0.044009
0.044308
0.044671
0.044870
0.050674
0.044984
0.045127
0.045013
0.045313
0.044697
0.046990
0.050120
0.044873
0.044868
0.045024
0.044937
0.045109
0.044762
0.045014
0.044685
0.043960
0.044901
0.045600
0.044683
0.045350
0.044098
0.044126
0.045098
0.043923
0.043961
0.045965
0.044437
0.044545
0.044958
0.043993
0.044595
0.045133
0.044788
0.043854
0.043858
0.055882
0.043942
0.045717
0.043683
0.045669
0.044753
0.044272
0.044354
0.046258
0.048149
0.045218
0.044830
0.044936
0.044013
0.046478
0.045030
0.044593
0.046177
0.044688
0.044630
0.045173
0.045125
0.045014
0.044858
0.045044
0.064835
0.050730
0.125914
0.044949
0.046101
0.044935
0.046428
0.045192
0.043820
0.005619
0.045235
0.044667
0.045834
0.048354
0.049245
0.047623
0.045779
0.043841
0.044711
0.044937
0.046032
0.046012
0.044821
0.044929
0.045136
0.045041
0.045527
0.045757
0.044193
0.043826
0.044183
0.044625
0.044580
0.045896
0.044899
0.044873
0.044782
0.047179
0.048167
0.045379
0.044665
0.045280
0.044387
0.044765
0.044189
0.045762
0.044782
0.045342
0.045301
0.045209
0.044615
0.045903
0.045401
0.044942
0.045204
0.046461
0.045294
0.044735
0.566099
0.355975
0.176991
0.044955
0.044161
0.044544
0.044655
0.046273
0.045018
0.044509
0.044980
0.046109
0.047630
0.051678
0.056495
0.044991
0.045695
0.044664
0.045008
0.050172
0.047508
0.043894
0.044608
0.045233
0.045042
0.044741
0.044852
0.062730
0.045311
0.043800
0.044991
0.045383
0.045463
0.044399
0.043757
0.044549
0.045485
0.044741
0.046258
0.043597
0.044398
0.044739
0.044549
0.044393
0.045109
0.045097
0.044739
0.045310
0.045206
0.045514
0.044601
0.045226
0.045326
0.044822
0.044696
0.043865
0.043991
0.044652
0.044987
0.044242
0.043970
0.045796
0.044241
0.044876
0.045032
0.044925
0.045675
0.043691
0.046043
0.045215
0.044485
0.044886
0.044954
0.048670
0.044663
0.045736
0.046381
0.045529
0.045214
0.044808
0.044585
0.045579
0.044604
0.044082
0.045065
0.044781
0.043838
0.044976
0.048808
0.045415
0.044394
0.044032
0.044711
0.044743
0.043824
0.045092
0.043886
0.045267
0.044764
0.044209
0.044997
0.044230
0.044612
0.044488
0.044712
0.045362
0.045035
0.044537
0.045074
0.045615
0.044656
0.044902
0.044797
0.044935
0.047746
0.044062
0.044576
0.045005
0.047788
0.044546
0.046434
0.045179
0.043864
0.045395
0.047365
0.046654
0.044328
0.044401
0.044241
0.043679
0.044291
0.045195
0.045226
0.044307
0.044370
0.044607
0.044328
0.044769
0.044926
0.044417
0.044539
0.045384
0.044677
0.045206
0.044346
0.048262
0.044526
0.045353
0.109475
0.049040
0.049646
0.045103
0.043921
0.044483
0.043775
0.044837
0.044803
0.050267
0.046403
0.045636
0.044541
0.044643
0.047237
0.045597
0.044446
0.044935
0.045322
0.077654
0.045353
0.044623
0.044386
0.046870
0.044201
0.044243
0.045215
0.044682
0.044337
0.044834
0.045734
0.046621
0.044398
0.045332
0.044346
0.044521
0.044455
0.044590
0.048186
0.047174
0.044473
0.044601
0.046632
0.045204
0.043930
0.045679
0.045944
0.046069
0.044676
0.045269
0.044373
0.044661
0.044637
0.045922
0.048941
0.047567
0.045531
0.044548
0.043992
0.044514
0.044637
0.044268
0.045538
0.043496
0.045012
0.044484
0.043973
0.043935
0.044681
0.049885
0.047792
0.043792
0.044057
0.057394
0.045071
0.045689
0.045266
0.047727
0.073646
0.050047
0.093504
0.044650
0.044006
0.045682
0.044952
0.045267
0.044691
0.045860
0.043905
0.044791
0.045229
0.044624
0.045257
0.045594
0.050239
0.045349
0.046642
0.047149
0.046064
0.044998
0.044718
0.074219
0.047060
0.045873
0.045086
0.044885
0.045194
0.045216
0.044621
0.043945
0.045360
0.044257
0.044049
0.043982
0.044691
0.044089
0.046242
0.044895
0.047084
0.044467
0.043534
0.044610
0.044429
0.044208
0.043989
0.043784
0.046547
0.045097
0.045137
0.045770
0.044757
0.043953
0.045178
0.044759
0.049302
0.045171
0.044995
0.045138
0.044016
0.043943
0.043947
0.046824
0.048905
0.045045
0.046296
0.046975
0.044332
0.044809
0.043658
0.044677
0.046226
0.044927
0.044954
0.044134
0.045450
0.044542
0.044890
0.045608
0.044836
0.044691
0.044504
0.044822
0.069871
0.044122
0.048062
0.316267
0.044240
0.048585
0.045787
0.044720
0.044264
0.045056
0.044683
0.045020
0.052288
0.043881
0.045136
0.044782
0.044636
0.044773
0.043889
0.043936
0.044618
0.044830
0.046413
0.044317
0.044414
0.044050
0.045943
0.045757
0.044774
0.044009
0.044801
0.045120
0.043749
0.044927
0.044845
0.043991
0.044502
0.045671
0.048865
0.062504
0.044804
0.044938
0.045068
0.044352
0.044612
0.045026
0.045940
0.044792
0.049039
