0.044298
0.045659
0.044933
0.044482
0.044299
0.044899
0.045723
0.044390
0.044721
0.044015
0.045707
0.047680
0.044506
0.050530
0.046506
0.044033
0.044294
0.045656
0.044263
0.049168
0.045402
0.099219
0.044778
0.047162
0.047361
0.045138
0.045242
0.044715
0.052113
0.047223
0.045955
0.047285
0.044061
0.045645
0.044312
0.043690
0.045665
0.050568
0.045936
0.044608
0.045343
0.046309
0.046388
0.045516
0.045256
0.044235
0.044414
0.044180
0.046138
0.046579
0.044859
0.044132
0.045718
0.044284
0.044930
0.044371
0.044133
0.044208
0.044321
0.047414
0.045562
0.045000
0.049959
0.045031
0.045296
0.048846
0.044132
0.045725
0.044749
0.045284
0.044027
0.108028
0.050662
0.044257
0.045973
0.044125
0.044730
0.044967
0.044797
0.045498
0.049049
0.045599
0.045395
0.046734
0.046425
0.045309
0.045104
0.044018
0.045722
0.049083
0.044632
0.044579
0.044855
0.044612
0.045196
0.045696
0.044715
0.046863
0.044508
0.047238
0.047132
0.044558
0.045258
0.044692
0.044587
0.044903
0.049845
0.051430
0.044706
0.044526
0.044843
0.044237
0.044886
0.046896
0.048845
0.044727
0.049775
0.044373
0.044985
0.044622
0.046117
0.044803
0.045924
0.047633
0.044451
0.045644
0.044870
0.043890
0.045079
0.043885
0.045933
0.044248
0.045718
0.046348
0.044147
0.045270
0.048935
0.044793
0.045353
0.045429
0.044648
0.048130
0.046410
0.047035
0.047391
0.044306
0.044498
0.044072
0.044564
0.046117
0.045168
0.044274
0.044859
0.045037
0.045762
0.043970
0.044276
0.051400
0.049420
0.045196
0.044481
0.044726
0.043835
0.045756
0.044049
0.044502
0.045768
0.051847
0.044372
0.125427
0.043777
0.045232
0.044536
0.047041
0.047473
0.045441
0.046265
0.044470
0.044572
0.048939
0.044862
0.045592
0.047468
0.046116
0.051807
0.046124
0.045508
0.045003
0.053738
0.046266
0.044236
0.053357
0.049384
0.044916
0.047581
0.044592
0.052558
0.045056
0.045761
0.048846
0.046931
0.045032
0.044451
0.043987
0.046097
0.048101
0.045148
0.044328
0.043731
0.044857
0.044325
0.045780
0.043664
0.045086
0.046662
0.044492
0.044645
0.044602
0.044245
0.048147
0.050156
0.044530
0.044691
0.047537
0.048957
0.048011
0.046981
0.049839
0.046871
0.044864
0.044736
0.047703
0.044320
0.044203
0.044842
0.044537
0.044568
0.044448
0.046966
0.043732
0.046059
0.044876
0.044682
0.044874
0.048128
0.044305
0.045034
0.044486
0.046019
0.044909
0.045175
0.067163
0.044336
0.044710
0.044527
0.048538
0.046212
0.046222
0.047731
0.048400
0.046606
0.044137
0.045257
0.044618
0.045631
0.045455
0.044452
0.048321
0.062661
0.045799
0.044446
0.045521
0.046133
0.047864
0.047604
0.044184
0.044220
0.045845
0.047755
0.046841
0.046958
0.044681
0.047442
0.044710
0.044097
0.003792
0.044449
0.043504
0.045670
0.043997
0.044085
0.044200
0.044302
0.044833
0.045202
0.045511
0.044637
0.047816
0.044585
0.044317
0.045526
0.044820
0.044413
0.045718
0.047456
0.046115
0.045126
0.043833
0.045129
0.044765
0.044931
0.044589
0.044294
0.044044
0.044472
0.045520
0.045055
0.044304
0.044919
0.044279
0.044838
0.044436
0.005220
0.044511
0.044982
0.044875
0.045990
0.047434
0.044771
0.045058
0.044467
0.045243
0.044820
0.045870
0.044629
0.043954
0.045046
0.045463
0.044165
0.048455
0.045268
0.044675
0.044106
0.044098
0.044514
0.044859
0.044097
0.045369
0.044739
0.044737
0.050028
0.045941
0.003404
0.046244
0.047466
0.044762
0.046698
0.045096
0.044744
0.045198
0.045742
0.044563
0.044430
0.044337
0.045625
0.046256
0.048373
0.044825
0.045246
0.045102
0.047262
0.045276
0.045309
0.046222
0.044651
0.045402
0.045570
0.045384
0.043686
0.044810
0.050013
0.044837
0.044848
0.044605
0.047410
0.045371
0.046721
0.047098
0.044227
0.045023
0.045744
0.044747
0.045483
0.045962
0.044731
0.044301
0.043896
0.049170
0.046869
0.045682
0.044967
0.044449
0.044852
0.043799
0.044540
0.048154
0.048617
0.044986
0.044309
0.043620
0.044061
0.047925
0.047897
0.044864
0.044632
0.048477
0.048730
0.046796
0.045338
0.045011
0.045067
0.044437
0.046391
0.045302
0.046196
0.043771
0.045048
0.045677
0.044823
0.051381
0.003821
0.045996
0.045893
0.004195
0.048745
0.044657
0.044423
0.044866
0.055039
0.045471
0.044896
0.046707
0.050118
0.048455
0.045328
0.044424
0.044729
0.044786
0.045451
0.044543
0.044585
0.045005
0.044535
0.044593
0.046055
0.010122
0.044892
0.044856
0.045416
0.045160
0.044157
0.044108
0.048696
0.048895
0.046346
0.044531
0.046234
0.047328
0.045659
0.086222
0.055138
0.045542
0.051053
0.051526
0.047911
0.047623
0.044457
0.046417
0.046036
0.076603
0.053550
0.053133
0.046314
0.046266
0.044685
0.044102
0.046906
0.048191
0.049858
0.044079
0.045463
0.048891
0.045821
0.044231
0.044722
0.046490
0.047530
0.046107
0.045784
0.045339
0.044051
0.043656
0.045452
0.044198
0.044513
0.049984
0.047774
0.045039
0.048312
0.047940
0.044111
0.045747
0.044938
0.047886
0.047325
0.044793
0.044704
0.045753
0.052979
0.046215
0.048934
0.046005
0.045872
0.048652
0.048936
0.044719
0.044891
0.045659
0.044750
0.047654
0.049196
0.043982
0.044547
0.045780
0.044601
0.046698
0.046058
0.045741
0.043894
0.043956
0.083245
0.044611
0.004614
0.044500
0.044748
0.044732
0.118381
0.044702
0.046406
0.045506
0.045072
0.046323
0.047162
0.047079
0.045286
0.044822
0.044462
0.044871
0.045312
0.044253
0.046122
0.044703
0.047581
0.046297
0.047660
0.047207
0.044542
0.049104
0.046588
0.044627
0.047458
0.044560
0.048381
0.045250
0.044423
0.044380
0.045342
0.044971
0.044507
0.046261
0.045433
0.044947
0.046515
0.046122
0.044739
0.044395
0.046287
0.046391
0.044739
0.044882
0.043971
0.044718
0.044761
0.044230
0.045440
0.044264
0.044963
0.047878
0.046960
0.047761
0.049645
0.044705
0.044648
0.044207
0.043987
0.053747
0.049455
0.045152
0.045910
0.044337
0.045842
0.044120
0.047218
0.046751
0.046020
0.044542
0.045174
0.044786
0.050257
0.046608
0.046539
0.044426
0.045047
0.045306
0.045609
0.044973
0.049413
0.045772
0.044917
0.044912
0.044427
0.047506
0.047934
0.044968
0.046533
0.045990
0.071378
0.049907
0.049243
0.044301
0.050086
0.045775
0.048880
0.044085
0.050311
0.054355
0.044842
0.047166
0.047797
0.049119
0.048481
0.047304
0.044958
0.044004
0.044706
0.047709
0.044454
0.044320
0.043682
0.044476
0.045490
0.048109
0.044640
0.044029
0.044745
0.044750
0.044343
0.044592
0.046150
0.048426
0.044269
0.046848
0.044016
0.047204
0.044178
0.056629
0.045454
0.043936
0.045190
0.044591
0.045483
0.045331
0.046264
0.045120
0.044032
0.044930
0.045961
0.043796
0.045278
0.044118
0.044584
0.044198
0.047164
0.044263
0.045786
0.044454
0.044554
0.044488
0.044464
0.048761
0.049997
0.045444
0.043904
0.044866
0.044382
0.045285
0.044980
0.045274
0.046328
0.044568
0.047706
0.044124
0.044359
0.045786
0.044773
0.044278
0.045456
0.044114
0.045299
0.048932
0.047484
0.081836
0.055043
0.045183
0.044959
0.047423
0.044822
0.045866
0.044092
0.043529
0.044498
0.044116
0.044563
0.045014
0.044445
0.044304
0.044052
0.044338
0.045058
0.047531
0.048755
0.044845
0.043571
0.044875
0.044998
0.043971
0.046015
0.043806
0.044175
0.043822
0.044669
0.046063
0.044401
0.043866
0.045575
0.046143
0.047592
0.044160
0.050239
0.047790
0.044997
0.046636
0.044539
0.124344
0.044082
0.044592
0.044262
0.043931
0.044849
0.044486
0.044230
0.045368
0.044752
0.044789
0.044461
0.043921
0.045160
0.048441
0.043623
0.044108
0.044258
0.044412
0.044512
0.045283
0.046456
0.045836
0.044163
0.044465
0.044384
0.044250
0.048399
0.045032
0.044821
0.050029
0.044766
0.044297
0.045023
0.046273
0.043729
0.043852
0.044954
0.044751
0.044730
0.047766
0.046560
0.043790
0.049383
0.044496
0.043757
0.044892
0.050165
0.046745
0.047087
0.044623
0.045731
0.044219
0.045944
0.044665
0.045569
0.044534
0.043557
0.044506
0.045433
0.044486
0.044733
0.044941
0.046129
0.044691
0.047396
0.048672
0.045001
0.044400
0.044399
0.044812
0.043781
0.047704
0.043556
0.045000
0.044727
0.045858
0.046294
0.118274
0.044923
0.043870
0.045684
0.045161
0.045522
0.045520
0.044392
0.044089
0.044560
0.046293
0.043926
0.044645
0.044849
0.045056
0.044603
0.049143
0.044126
0.044217
0.045083
0.044624
0.043874
0.044507
0.043702
0.044078
0.044274
0.044406
0.044027
0.044919
0.043765
0.045517
0.046893
0.044794
0.043998
0.044502
0.044782
0.044317
0.044102
0.044313
0.044856
0.005258
0.044752
0.044691
0.005873
0.006936
0.044061
0.045173
0.044670
0.044477
0.045311
0.049675
0.044902
0.044312
0.046181
0.047749
0.050642
0.044804
0.048899
0.044694
0.044142
0.044506
0.044496
0.043889
0.046113
0.045389
0.044609
0.045204
0.047760
0.045338
0.047005
0.044183
0.045940
0.047696
0.046008
0.044572
0.044885
0.044490
0.044879
0.047905
0.044034
0.047734
0.044333
0.044930
0.044379
0.044776
0.045904
0.044204
0.044577
0.044406
0.044774
0.044805
0.044770
0.044653
0.004169
0.043970
0.045046
0.047692
0.047247
0.045128
0.044180
0.044141
0.003701
0.047178
0.046499
0.046240
0.044432
0.045195
0.044235
0.044727
0.051502
0.044778
0.044311
0.043804
0.044657
0.049984
0.045053
0.046871
0.044407
0.045056
0.044182
0.044022
0.044170
0.045278
0.045187
0.046038
0.044442
0.044849
0.044792
0.046368
0.045175
0.044481
0.043958
0.044365
0.043888
0.045714
0.045161
0.044936
0.044556
0.046616
0.044582
0.045329
0.044631
0.052113
0.043853
0.044041
0.044624
0.046413
0.045044
0.044481
0.043991
0.044313
0.044304
0.044974
0.044176
0.044650
0.047426
0.044575
0.047065
0.044020
0.045189
0.044462
0.003611
0.044568
0.044688
0.045059
0.046205
0.044783
0.044771
0.044845
0.043797
0.045438
0.044384
0.044682
0.044730
0.047082
0.044570
0.044527
0.043910
0.045319
0.045020
0.044625
0.044557
0.045567
0.044172
0.044381
0.045232
0.044905
0.044211
0.044923
0.044917
0.049956
0.050241
0.046573
0.045246
0.044548
0.043868
0.045488
0.044773
0.044035
0.044948
0.044075
0.048255
0.044689
0.044243
0.044600
0.044735
0.045217
0.044268
0.045249
0.046904
0.043961
0.044087
0.043766
0.044099
0.044029
0.044213
0.044526
0.044553
0.045093
0.043644
0.045955
0.044265
0.044802
0.044510
0.044503
0.044577
0.044459
0.044369
0.043972
0.043522
0.044204
0.044124
0.043831
0.043876
0.044066
0.044443
0.044988
0.044684
0.045223
0.045277
0.045161
0.044047
0.043844
0.044086
0.044940
0.044883
0.044776
0.043834
0.045191
0.044235
0.050437
0.044500
0.044946
0.045314
0.044061
0.044764
0.043696
0.045329
0.044636
0.044285
0.043948
0.044150
0.044636
0.048105
0.044711
0.045241
0.043808
0.044385
0.044649
0.047744
0.044752
0.044335
0.044301
0.044796
0.044231
0.046061
0.044702
0.044119
0.045117
0.044302
0.044320
0.044325
0.047068
0.044040
0.043863
0.045689
0.043823
0.044064
0.043693
0.046101
0.044850
0.043842
0.044522
0.044980
0.045133
0.044086
0.044407
0.043675
0.044494
0.043872
0.045316
0.049376
0.044700
0.044939
0.045352
0.044256
0.044693
0.045230
0.044575
0.044176
0.044784
0.044305
0.043737
0.046578
0.056034
0.045911
0.045144
0.044386
0.045852
0.045549
0.046336
0.044081
0.044140
0.045528
0.046511
0.048187
0.064623
0.043997
0.048196
0.046645
0.044439
0.045062
0.044651
0.044866
0.045165
0.044407
0.045190
0.045834
0.046131
0.043704
0.044652
0.044373
0.044679
0.044834
0.046246
0.045093
0.044035
0.043857
0.044434
0.044496
0.048613
0.046050
0.043900
0.045312
0.044654
0.044421
0.045182
0.045424
0.044620
0.044252
0.046026
0.045597
0.045548
0.044961
0.044796
0.044712
0.044677
0.044059
0.047593
0.003799
0.044633
0.044517
0.044351
0.045366
0.048089
0.044959
0.044045
0.047377
0.044942
0.044310
0.044410
0.044474
0.045044
0.043710
0.045669
0.044853
0.044884
0.044668
0.047016
0.046853
0.044997
0.044460
0.044029
0.045727
0.044697
0.044206
0.045123
0.044695
0.043776
0.044426
0.045464
0.045088
0.044044
0.044861
0.053858
0.047235
0.046471
0.044710
0.044800
0.044916
0.044467
0.044088
0.045038
0.045045
0.044639
0.044263
0.045168
0.044882
0.046835
0.045444
0.044685
0.044136
0.044670
0.045510
0.044616
0.045392
0.048425
0.044666
0.044528
0.043961
0.044659
0.047284
0.045204
0.044769
0.043913
0.043995
0.044612
0.044920
0.046079
0.044151
0.044930
0.047335
0.044376
0.048934
0.046961
0.045793
0.043620
0.044522
0.044092
0.044504
0.045554
0.044481
0.044216
0.044488
0.044000
0.045010
0.047674
0.045573
0.043897
0.043986
0.044229
0.048368
0.045953
0.045050
0.044443
0.004440
0.043766
0.044372
0.047773
0.043782
0.044445
0.045594
0.044579
0.043887
0.044792
0.044729
0.044056
0.044900
0.045661
0.044611
0.044995
0.044483
0.044200
0.044186
0.044340
0.045159
0.044125
0.044363
0.044341
0.044657
0.044734
0.045012
0.044297
0.050718
0.044043
0.045694
0.044264
0.044987
0.047106
0.044596
0.044225
0.045104
0.044262
0.044047
0.045954
0.047361
0.044482
0.045333
0.045001
0.044350
0.044512
0.046631
0.044365
0.044683
0.044867
0.044885
0.050419
0.045736
0.046080
0.044625
0.044259
0.044382
0.044294
0.045603
0.047869
0.043668
0.044717
0.045081
0.045042
0.045142
0.044633
0.044792
0.044592
0.044525
0.043712
0.044234
0.044735
0.049103
0.044982
0.044518
0.043907
0.050409
0.045380
0.044093
0.044098
0.046441
0.050321
0.043936
0.047290
0.045539
0.044575
0.045985
0.044948
0.044578
0.045551
0.045377
0.052186
0.048224
0.045300
0.044183
0.045567
0.044519
0.044765
0.045337
0.044862
0.044469
0.044847
0.048238
0.044460
0.044543
0.044119
0.043715
0.045244
0.044916
0.047322
0.044416
0.043772
0.043951
0.044556
0.044977
0.043666
0.044869
0.047672
0.044712
0.051295
0.044905
0.044236
0.044983
0.044975
0.044710
0.044947
0.045326
0.094482
0.045278
0.043838
0.045614
0.045448
0.044568
0.044569
0.044068
0.045847
0.044553
0.044982
0.045312
0.046294
0.047598
0.045052
0.044297
0.045546
0.044068
0.044374
0.044549
0.043917
0.045243
0.044114
0.045020
0.045144
0.044149
0.045991
0.044863
0.044402
0.044481
0.046719
0.048387
0.045142
0.044630
0.048420
0.048288
0.044890
0.045602
0.044703
0.044258
0.044391
0.044197
0.046352
0.043539
0.045817
0.045030
0.044466
0.044648
0.043956
0.044360
0.045166
0.048984
0.044458
0.044678
0.043854
0.044247
0.044120
0.046961
0.044770
0.044615
0.048278
0.044546
0.044627
0.043664
0.045613
0.044679
0.044233
0.044521
0.044383
0.044259
0.046032
0.044638
0.045201
0.044099
0.044856
0.043924
0.044653
0.044659
0.044151
0.043745
0.044698
0.044496
0.043869
0.044855
0.046299
0.048818
0.044193
0.043773
0.046400
0.048031
0.045334
0.043978
0.044504
0.044914
0.044612
0.044450
0.115131
0.047658
0.044280
0.048272
0.044162
0.047352
0.044594
0.046696
0.044561
0.045048
0.044458
0.247249
0.043951
0.045453
0.044362
0.045165
0.049821
0.045431
0.050390
0.044161
0.044658
0.048052
0.044590
0.044446
0.044002
0.049066
0.045601
0.043732
0.044484
0.044401
0.046469
0.044502
0.044917
0.044363
0.044595
0.044608
0.045118
0.044193
0.044066
0.043733
0.044060
0.044383
0.047654
0.044994
0.044485
0.044416
0.043781
0.043660
0.044182
0.046868
0.043634
0.044004
0.070006
0.044068
0.044514
0.044586
0.044088
0.044141
0.043641
0.044596
0.044344
0.044081
0.048854
0.043987
0.044252
0.044545
0.044551
0.045835
0.046763
0.044313
0.044918
0.044766
0.045460
0.047549
0.049075
0.044961
0.051530
0.047051
0.049166
0.045609
0.047189
0.044604
0.044514
0.045958
0.045938
0.044710
0.045829
0.044274
0.045820
0.044680
0.044067
0.046038
0.043844
0.044067
0.045167
0.045781
0.043874
0.046913
0.046918
0.044320
0.046112
0.049985
0.044986
0.045671
0.044728
0.044124
0.045445
0.044518
0.044728
0.047102
0.044807
0.044113
0.044412
0.044095
0.044517
0.045888
0.045616
0.048397
0.044447
0.044926
0.044815
0.046132
0.049033
0.045130
0.045593
0.044498
0.044900
0.045750
0.047579
0.045391
0.044508
0.044665
0.043979
0.045270
0.045174
0.048776
0.045564
0.047345
0.043992
0.047025
0.044372
0.049190
0.044725
0.044822
0.049332
0.043938
0.044734
0.044305
0.045792
0.044735
0.044430
0.044520
0.044993
0.045159
0.050476
0.047015
0.044761
0.048330
0.044267
0.044679
0.045063
0.044477
0.044753
0.044794
0.044414
0.044521
0.044562
0.044430
0.045044
0.044244
0.044709
0.045255
0.044805
0.045204
0.047990
0.048149
0.044177
0.044996
0.044250
0.044832
0.045077
0.044228
0.044661
0.047021
0.044194
0.044370
0.044924
0.048477
0.044009
0.043918
0.043773
0.044473
0.046313
0.044162
0.044013
0.044039
0.048788
0.045414
0.048098
0.044512
0.046888
0.044526
0.046983
0.045018
0.044338
0.044329
0.043974
0.044762
0.044884
0.044716
0.047917
0.046258
0.045909
0.045226
0.045233
0.043905
0.047051
0.044906
0.046995
0.044892
0.045418
0.044734
0.046513
0.047311
0.044440
0.045243
0.046382
0.044063
0.044145
0.044369
0.044110
0.045530
0.043878
0.043968
0.044156
0.044908
0.045021
0.044120
0.044682
0.044275
0.044086
0.044385
0.045016
0.047856
0.043984
0.044405
0.044453
0.044325
0.046582
0.044270
0.044121
0.044419
0.044606
0.044041
0.044129
0.046564
0.043930
0.044349
0.043730
0.044219
0.045000
0.046353
0.046300
0.047344
0.044307
0.043869
0.044197
0.054630
0.046330
0.044671
0.046907
0.045082
0.044284
0.044006
0.046534
0.046820
0.045667
0.046282
0.049517
0.044354
0.045134
0.044855
0.044140
0.044210
0.004091
0.044383
0.044119
0.043907
0.046750
0.043757
0.045506
0.044680
0.044020
0.043786
0.044948
0.044590
0.045831
0.044070
0.044690
0.045175
0.044763
0.044592
0.044201
0.045385
0.044261
0.044934
0.044079
0.044117
0.044128
0.045762
0.046569
0.045704
0.044473
0.044203
0.044807
0.043952
0.045630
0.043889
0.044913
0.044513
0.045236
0.045261
0.044079
0.045089
0.044522
0.044827
0.044884
0.044887
0.044454
0.044165
0.044430
0.045041
0.044276
0.044888
0.044642
0.044251
0.045726
0.045363
0.045071
0.044577
0.044205
0.044408
0.044318
0.043661
0.044376
0.044718
0.044670
0.044090
0.046450
0.045014
0.045057
0.046223
0.044409
0.043987
0.046795
0.044809
0.044833
0.044794
0.045297
0.044344
0.043708
0.044999
0.043904
0.043969
0.044807
0.044837
0.045030
0.043895
0.044389
0.044434
0.044501
0.044707
0.044129
0.044977
0.045736
0.044536
0.044157
0.044642
0.044780
0.044443
0.044518
0.045437
0.044558
0.046038
0.044490
0.044401
0.044558
0.045363
0.044065
0.044790
0.044329
0.044151
0.044371
0.047477
0.047529
0.047881
0.045408
0.045422
0.045349
0.047759
0.044025
0.043968
0.044162
0.044063
0.044121
0.044055
0.044051
0.044406
0.044259
0.044725
0.044818
0.047221
0.045312
0.043879
0.044762
0.049518
0.045425
0.045710
0.044631
0.049078
0.044540
0.048631
0.050665
0.044416
0.045155
0.044129
0.044368
0.044142
0.047347
0.046167
0.044576
0.044302
0.044401
0.044526
0.045065
0.045409
0.045770
0.044210
0.045350
0.045223
0.044643
0.044988
0.045184
0.043861
0.044809
0.045593
0.044447
0.043847
0.044736
0.045330
0.045054
0.047235
0.044239
0.044446
0.044608
0.044108
0.044301
0.044353
0.044901
0.044775
0.043617
0.046085
0.044729
0.044528
0.044454
0.048308
0.045790
0.047586
0.044224
0.044091
0.044582
0.046180
0.044581
0.051643
0.045591
0.044548
0.044225
0.045327
0.044130
0.048992
0.044662
0.045339
0.054200
0.054738
0.051064
0.051630
0.045592
0.044719
0.044217
0.050643
0.054651
0.046152
0.048719
0.044421
0.044121
0.044821
0.047789
0.044612
0.053600
0.048771
0.044437
0.044334
0.044631
0.045185
0.046890
0.045516
0.044090
0.045046
0.047348
0.048995
0.045492
0.045686
0.044915
0.044603
0.044006
0.045711
0.055223
0.048757
0.044686
0.046140
0.046313
0.046569
0.044714
0.044865
0.046247
0.045247
0.048647
0.044891
0.047591
0.045365
0.045183
0.045760
0.048583
0.044590
0.046192
0.044364
0.044772
0.044534
0.043714
0.047882
0.045419
0.076779
0.151907
0.151631
0.044768
0.044774
0.044171
0.044228
0.044632
0.044311
0.043679
0.044254
0.045172
0.045248
0.044219
0.044322
0.043797
0.044122
0.044376
0.044246
0.046753
0.044584
0.044454
0.044251
0.044325
0.046041
0.044063
0.044261
0.044841
0.044422
0.045967
0.043707
0.044088
0.048416
0.052459
0.044472
0.044162
0.043882
0.044765
0.044989
0.044549
0.044320
0.044316
0.044752
0.044109
0.044203
0.045476
0.044770
0.043901
0.043965
0.045065
0.043403
0.044515
0.044856
0.044428
0.043862
0.044623
0.044806
0.043993
0.044689
0.044814
0.044505
0.044341
0.044832
0.044577
0.044428
0.043983
0.044457
0.043880
0.044631
0.045595
0.044353
0.045545
0.044572
0.048425
0.044570
0.045560
0.045363
0.055936
0.044050
0.044673
0.044823
0.044452
0.044516
0.044133
0.044997
0.045417
0.044321
0.044151
0.044898
0.044369
0.044035
0.044875
0.044318
0.045000
0.044869
0.044577
0.043988
0.046560
0.045160
0.045379
0.043896
0.045227
0.044737
0.044500
0.043780
0.043828
0.044534
0.044606
0.044491
0.044839
0.044934
0.044963
0.044152
0.043965
0.046332
0.043934
0.043841
0.044968
0.046581
0.044429
0.046109
0.044556
0.048203
0.044411
0.044807
0.044884
0.044650
0.044411
0.044927
0.044687
0.045038
0.047774
0.044374
0.045058
0.044232
0.044250
0.043998
0.044844
0.044762
0.045103
0.044545
0.044025
0.043564
0.045049
0.046969
0.045828
0.044385
0.044553
0.044058
0.045140
0.046132
0.044619
0.044013
0.044585
0.044379
0.044230
0.044410
0.046186
0.044393
0.044901
0.047754
0.052772
0.044015
0.045187
0.044725
0.044402
0.044983
0.044546
0.172548
0.045231
0.048333
0.045483
0.044158
0.045142
0.044351
0.044236
0.043937
0.044424
0.044528
0.044332
0.044164
0.043765
0.101770
0.044316
0.044741
0.048804
0.045441
0.045587
0.044430
0.043907
0.045017
0.045609
0.050373
0.044117
0.043694
0.045590
0.044647
0.045908
0.045150
0.044710
0.044284
0.044704
0.046754
0.048819
0.045548
0.044001
0.045497
0.044418
0.045837
0.045469
0.048843
0.045076
0.044204
0.044131
0.045620
0.045205
0.045917
0.046362
0.044508
0.044037
0.044527
0.046228
0.045433
0.044515
0.045453
0.045424
0.065119
0.046759
0.086679
0.049815
0.044773
0.044519
0.044744
0.046855
0.047490
0.044176
0.043816
0.044126
0.101375
0.046700
0.043864
0.050147
0.044650
0.045938
0.043945
0.045462
0.046441
0.044560
0.045544
0.054660
0.044499
0.044734
0.046415
0.044918
0.043415
0.044051
0.044499
0.044336
0.044615
0.044640
0.044815
0.044879
0.045203
0.043994
0.045108
0.044500
0.043980
0.045163
0.044354
0.044780
0.045250
0.045237
0.044129
0.044263
0.044365
0.044567
0.044554
0.044154
0.044555
0.043879
0.044902
0.044246
0.078753
0.043997
0.044612
0.044398
0.044874
0.044324
0.044315
0.044422
0.044411
0.047437
0.044997
0.044383
0.045826
0.044334
0.044187
0.044250
0.044389
0.046710
0.044527
0.045381
0.044076
0.044208
0.046267
0.044299
0.045349
0.044262
0.044057
0.044144
0.046750
0.044869
0.048501
0.044966
0.047339
0.045157
0.044877
0.048024
0.045592
0.044432
0.044501
0.044636
0.044792
0.044271
0.047358
0.044585
0.044004
0.044520
0.044229
0.044453
0.044014
0.044845
0.046908
0.044991
0.045002
0.044116
0.044650
0.043871
0.043968
0.044164
0.044903
0.044360
0.044410
0.044707
0.044248
0.043568
0.044643
0.044846
0.120728
0.044363
0.045232
0.045261
0.047530
0.044638
0.044931
0.045861
0.044575
0.045512
0.045363
0.047596
