0.044428
0.045655
0.044731
0.044814
0.045682
0.044057
0.044716
0.045376
0.045032
0.044940
0.045097
0.049404
0.048307
0.046303
0.046290
0.046144
0.043966
0.044876
0.045538
0.048982
0.044961
0.045192
0.047786
0.051306
0.044625
0.044053
0.045361
0.044730
0.043849
0.043962
0.047489
0.044103
0.046794
0.044440
0.045823
0.053937
0.045387
0.045015
0.044815
0.048832
0.044148
0.044377
0.045112
0.044061
0.044698
0.043664
0.046104
0.045635
0.046107
0.045113
0.044722
0.044774
0.044283
0.045044
0.045154
0.044505
0.044381
0.045047
0.044461
0.044493
0.045318
0.045095
0.044015
0.045433
0.044465
0.044556
0.044081
0.048475
0.045657
0.044248
0.043939
0.044953
0.045575
0.044790
0.045496
0.044813
0.045672
0.045253
0.044755
0.044017
0.043721
0.045244
0.045080
0.044878
0.045025
0.043998
0.004640
0.044839
0.045588
0.044122
0.044055
0.003478
0.044539
0.045159
0.055129
0.045676
0.044326
0.044298
0.044805
0.045331
0.044834
0.045982
0.043987
0.044946
0.044401
0.045142
0.050606
0.044775
0.044928
0.044493
0.044825
0.044989
0.044709
0.047692
0.046699
0.043804
0.043809
0.045053
0.047769
0.048014
0.045177
0.044858
0.043698
0.044490
0.044903
0.044283
0.045245
0.046668
0.044936
0.043914
0.043971
0.044857
0.045644
0.045373
0.044752
0.045214
0.044787
0.044030
0.045953
0.045144
0.044818
0.044132
0.044902
0.043926
0.045547
0.044355
0.046275
0.044830
0.043938
0.044704
0.045200
0.044494
0.045174
0.044679
0.044820
0.044361
0.046781
0.045487
0.043829
0.044758
0.044141
0.044466
0.045004
0.044785
0.044642
0.044228
0.044981
0.044992
0.045345
0.045038
0.044431
0.044776
0.048967
0.043877
0.003659
0.045848
0.044919
0.045866
0.046146
0.046820
0.048952
0.045029
0.044657
0.044869
0.046093
0.053906
0.046180
0.056407
0.006928
0.044180
0.045496
0.060251
0.009033
0.044552
0.046428
0.044890
0.043948
0.044889
0.051769
0.046063
0.045355
0.046147
0.048946
0.045911
0.045001
0.044119
0.046637
0.045282
0.043859
0.046007
0.044514
0.046804
0.043914
0.049800
0.044772
0.045411
0.045396
0.046404
0.044506
0.050897
0.053658
0.044334
0.043738
0.044543
0.043802
0.043796
0.051008
0.044254
0.048624
0.044854
0.044752
0.045208
0.045749
0.043607
0.045986
0.044805
0.045394
0.044922
0.048411
0.045927
0.048572
0.045740
0.045109
0.046125
0.049413
0.049484
0.044228
0.043922
0.043624
0.045667
0.046558
0.046609
0.046359
0.043667
0.045188
0.046622
0.046456
0.044560
0.044147
0.044703
0.045940
0.043800
0.044214
0.044532
0.045818
0.044890
0.043838
0.047593
0.050157
0.044664
0.045712
0.045977
0.052741
0.046214
0.048425
0.046960
0.045601
0.045869
0.046758
0.047201
0.047601
0.047899
0.045749
0.044785
0.046575
0.045644
0.045399
0.044748
0.062082
0.044452
0.046334
0.106740
0.047676
0.044732
0.044501
0.044477
0.044558
0.044281
0.045220
0.006142
0.043917
0.045853
0.045475
0.046130
0.044551
0.044852
0.044768
0.044521
0.044997
0.046895
0.044534
0.044720
0.045917
0.045416
0.045224
0.045674
0.045972
0.046333
0.044486
0.045436
0.043686
0.046852
0.044532
0.044959
0.045084
0.045282
0.045292
0.053208
0.044331
0.044177
0.044816
0.045731
0.048599
0.048358
0.044260
0.044669
0.043980
0.046991
0.045381
0.044336
0.044789
0.049596
0.049202
0.046039
0.044775
0.044767
0.044750
0.043905
0.044458
0.046230
0.044902
0.046052
0.046245
0.046216
0.044668
0.045952
0.047398
0.049923
0.044304
0.044724
0.045222
0.047201
0.045760
0.046354
0.044867
0.045698
0.044899
0.046121
0.046533
0.046096
0.045166
0.044898
0.044834
0.047509
0.045180
0.044511
0.046418
0.050856
0.045529
0.044427
0.045879
0.044212
0.044741
0.044164
0.044608
0.044599
0.049194
0.044483
0.044732
0.045584
0.048322
0.044313
0.044837
0.045155
0.049396
0.044896
0.043821
0.045629
0.044494
0.044735
0.044927
0.043903
0.045592
0.045735
0.048568
0.044981
0.044482
0.044810
0.044452
0.044419
0.044616
0.045548
0.045456
0.045030
0.044546
0.045150
0.044884
0.044541
0.044335
0.046061
0.045291
0.044565
0.045083
0.045934
0.048377
0.044531
0.044162
0.043788
0.044738
0.047095
0.024699
0.046499
0.046354
0.044123
0.044165
0.044956
0.044744
0.045166
0.048183
0.045415
0.044511
0.006918
0.048418
0.045716
0.048694
0.044063
0.007032
0.051090
0.044962
0.044195
0.047633
0.004565
0.045568
0.044546
0.045900
0.044543
0.047931
0.045038
0.047945
0.046042
0.044885
0.044553
0.047591
0.047127
0.047968
0.044936
0.048197
0.044687
0.045513
0.070799
0.052669
0.045285
0.043953
0.047581
0.047681
0.054199
0.045716
0.046072
0.056077
0.066538
0.046779
0.044798
0.044762
0.044550
0.045707
0.044699
0.044498
0.045426
0.045348
0.045627
0.045848
0.043988
0.045131
0.045930
0.047875
0.044585
0.044997
0.045703
0.045504
0.043720
0.050871
0.045058
0.047261
0.046706
0.044980
0.045179
0.113606
0.047599
0.045229
0.048920
0.044426
0.048120
0.046701
0.045789
0.046245
0.045170
0.047467
0.045672
0.044738
0.044058
0.047289
0.044275
0.044091
0.044108
0.044874
0.044524
0.045658
0.045487
0.046099
0.044772
0.045854
0.044846
0.045193
0.044416
0.047257
0.045257
0.047611
0.045248
0.044753
0.047759
0.049771
0.045613
0.007146
0.044425
0.044881
0.047649
0.045791
0.051278
0.047090
0.044665
0.044236
0.044460
0.044872
0.045291
0.047839
0.045062
0.046626
0.044300
0.044520
0.049212
0.045339
0.044578
0.044758
0.044127
0.043909
0.044956
0.045841
0.045145
0.048094
0.044770
0.044953
0.048005
0.045124
0.047528
0.045656
0.045970
0.044330
0.044538
0.046462
0.048131
0.045666
0.044977
0.045389
0.045605
0.043684
0.046611
0.045594
0.044234
0.044218
0.044507
0.045112
0.044887
0.044947
0.044584
0.044460
0.045844
0.044865
0.048995
0.044820
0.044650
0.044781
0.045145
0.045191
0.045015
0.043490
0.054290
0.044902
0.043765
0.045917
0.044872
0.044488
0.048929
0.044307
0.045768
0.043887
0.047397
0.131507
0.046375
0.046581
0.049377
0.045967
0.049119
0.045023
0.051082
0.046023
0.043861
0.045457
0.044636
0.043708
0.046816
0.045583
0.047758
0.045251
0.045014
0.269440
0.051112
0.043957
0.046973
0.052761
0.045343
0.045191
0.047171
0.046386
0.046155
0.045158
0.045737
0.044643
0.044949
0.045256
0.098848
0.044682
0.044651
0.044409
0.044179
0.044562
0.044706
0.044871
0.044944
0.048196
0.044976
0.044764
0.044426
0.044138
0.043975
0.044494
0.044168
0.044779
0.047573
0.050675
0.044797
0.045034
0.044562
0.046361
0.045786
0.049470
0.043966
0.049533
0.044282
0.043638
0.044693
0.046425
0.045450
0.043847
0.049753
0.045927
0.044634
0.044102
0.050044
0.044923
0.046062
0.044111
0.043942
0.044035
0.045240
0.045323
0.045538
0.044878
0.044520
0.044804
0.044705
0.044707
0.047041
0.044426
0.044100
0.044299
0.043842
0.047088
0.045931
0.045063
0.044392
0.044927
0.044967
0.048883
0.049871
0.046913
0.045642
0.044317
0.045121
0.043544
0.055466
0.059857
0.074958
0.044612
0.047253
0.044580
0.044562
0.047880
0.049268
0.043705
0.045320
0.046389
0.045030
0.043994
0.044380
0.047385
0.044088
0.045362
0.044789
0.046363
0.046621
0.044344
0.045363
0.044128
0.043980
0.044900
0.044354
0.044343
0.045177
0.048831
0.045419
0.044519
0.043868
0.047857
0.046834
0.044702
0.043843
0.048378
0.044265
0.045718
0.043784
0.047656
0.044936
0.044716
0.047739
0.044920
0.044722
0.044845
0.045404
0.044484
0.050700
0.050604
0.044595
0.044986
0.044953
0.043745
0.046436
0.049630
0.045342
0.044813
0.044972
0.047382
0.045275
0.044855
0.045537
0.046242
0.047613
0.003714
0.043899
0.045998
0.047088
0.057759
0.045147
0.045618
0.044809
0.044239
0.046109
0.047117
0.045203
0.044836
0.046839
0.045870
0.044937
0.045010
0.044752
0.045654
0.044267
0.044796
0.044222
0.045010
0.044952
0.044913
0.044157
0.053739
0.044586
0.045841
0.045828
0.044707
0.044634
0.046562
0.044618
0.044234
0.044634
0.052069
0.046059
0.044941
0.046091
0.044830
0.048691
0.046480
0.044765
0.045687
0.044738
0.044134
0.045911
0.043781
0.046083
0.048668
0.044492
0.044205
0.044679
0.045862
0.044430
0.044468
0.043950
0.044529
0.045442
0.044614
0.045225
0.046110
0.050337
0.047095
0.044481
0.044578
0.044828
0.045644
0.044218
0.044807
0.043861
0.049466
0.047990
0.044923
0.045508
0.045019
0.046742
0.046693
0.044006
0.044711
0.044285
0.045807
0.044996
0.104269
0.043988
0.044788
0.043742
0.043781
0.044995
0.044894
0.044284
0.044374
0.044573
0.048303
0.044269
0.044218
0.044624
0.047585
0.046301
0.044325
0.044748
0.044213
0.047728
0.044604
0.044181
0.048905
0.120855
0.047484
0.047526
0.044088
0.046298
0.046447
0.045052
0.044335
0.044432
0.044978
0.044798
0.044247
0.045323
0.043985
0.044529
0.045315
0.004177
0.044685
0.045150
0.043996
0.044874
0.048898
0.060656
0.047948
0.044409
0.045445
0.046988
0.045116
0.044812
0.044926
0.004869
0.044088
0.044124
0.044836
0.044962
0.044953
0.045937
0.044729
0.044553
0.134046
0.044512
0.047007
0.044169
0.044756
0.044293
0.047373
0.044837
0.044686
0.044861
0.044145
0.044568
0.043742
0.044206
0.051274
0.045513
0.044936
0.045585
0.044927
0.044079
0.043994
0.044414
0.044797
0.048017
0.048881
0.052687
0.044159
0.044465
0.045006
0.044237
0.044611
0.048233
0.046623
0.044661
0.045056
0.044996
0.044597
0.046441
0.046946
0.044620
0.045730
0.045587
0.043956
0.046762
0.044228
0.044084
0.043895
0.044089
0.045155
0.044665
0.044590
0.048838
0.044695
0.045375
0.131731
0.045950
0.045877
0.044083
0.062742
0.045911
0.045523
0.046241
0.043970
0.044598
0.044431
0.045393
0.044958
0.044568
0.044769
0.044159
0.043978
0.045020
0.043830
0.044473
0.046093
0.044411
0.044419
0.044956
0.044802
0.045041
0.047004
0.044644
0.044093
0.044763
0.044692
0.044682
0.045304
0.044783
0.045273
0.044689
0.044855
0.044982
0.044744
0.048146
0.045530
0.045235
0.044686
0.044890
0.044137
0.044428
0.044605
0.045789
0.045274
0.044860
0.045569
0.046445
0.046961
0.046630
0.044533
0.044498
0.044079
0.044460
0.049093
0.043865
0.044690
0.044091
0.046932
0.046444
0.043779
0.044057
0.045343
0.043967
0.044448
0.046841
0.044572
0.044033
0.044728
0.043804
0.044697
0.044614
0.043966
0.045076
0.045132
0.044633
0.046395
0.045387
0.044904
0.044724
0.044797
0.044754
0.043872
0.047149
0.003511
0.044229
0.044710
0.044899
0.044810
0.048874
0.050238
0.044786
0.044805
0.044433
0.044105
0.047404
0.044995
0.044691
0.044824
0.044599
0.045052
0.044545
0.044600
0.045318
0.045296
0.044739
0.044501
0.047587
0.047051
0.045723
0.044095
0.044745
0.044647
0.044627
0.045804
0.043992
0.045899
0.045043
0.044613
0.048656
0.044727
0.044611
0.043907
0.044796
0.045062
0.044610
0.044584
0.044059
0.044851
0.044529
0.045501
0.045843
0.045380
0.045713
0.044445
0.044411
0.043835
0.044878
0.044245
0.044574
0.044647
0.048469
0.043928
0.044808
0.045121
0.046226
0.046078
0.044461
0.044865
0.045216
0.045572
0.046024
0.050506
0.044656
0.044082
0.044710
0.045581
0.044684
0.044777
0.045299
0.046343
0.044981
0.045234
0.046930
0.044582
0.048797
0.045328
0.044884
0.044708
0.045076
0.044853
0.045181
0.045646
0.046319
0.044201
0.045777
0.046339
0.063239
0.044476
0.045649
0.045484
0.044435
0.044201
0.044117
0.046094
0.044342
0.044415
0.044972
0.044334
0.043766
0.044137
0.106097
0.048114
0.048244
0.046120
0.044708
0.044838
0.044992
0.044313
0.045507
0.044856
0.045923
0.044439
0.044541
0.044572
0.044901
0.044843
0.044732
0.044615
0.045984
0.044737
0.045338
0.046969
0.046384
0.045796
0.045869
0.044768
0.046535
0.045499
0.044429
0.044893
0.044983
0.044702
0.045097
0.043924
0.045097
0.045300
0.044202
0.044767
0.044421
0.045419
0.044709
0.044012
0.044934
0.044020
0.045194
0.044576
0.043746
0.045463
0.045459
0.044517
0.048951
0.046209
0.045590
0.044557
0.074265
0.044506
0.045816
0.044755
0.044699
0.043750
0.044736
0.044028
0.045664
0.044868
0.044515
0.044716
0.044770
0.043989
0.046842
0.044397
0.044719
0.045868
0.044650
0.047776
0.044986
0.045027
0.045184
0.044416
0.044727
0.044784
0.048362
0.044849
0.043967
0.044058
0.045745
0.046411
0.045340
0.049626
0.044649
0.043910
0.044598
0.044305
0.044478
0.044707
0.044021
0.045562
0.048312
0.046059
0.043941
0.044797
0.045032
0.044627
0.044742
0.046525
0.046251
0.044714
0.044633
0.044744
0.044632
0.045102
0.115142
0.044525
0.044286
0.048734
0.044908
0.044683
0.044185
0.044877
0.044300
0.043913
0.004164
0.045316
0.044970
0.004353
0.044468
0.044579
0.047560
0.043914
0.044361
0.045296
0.048248
0.044309
0.045973
0.045596
0.044191
0.044548
0.045611
0.044837
0.045036
0.047403
0.044498
0.043951
0.044447
0.044752
0.045878
0.044813
0.044359
0.044395
0.045366
0.044988
0.045116
0.046290
0.047756
0.044690
0.046010
0.045187
0.045593
0.044438
0.045284
0.044936
0.047779
0.044091
0.044843
0.044606
0.047282
0.046953
0.044677
0.044538
0.044028
0.044339
0.043851
0.045531
0.044503
0.044814
0.044848
0.045135
0.045201
0.045906
0.044582
0.044383
0.045290
0.045480
0.044555
0.044958
0.049599
0.045092
0.119338
0.048372
0.044605
0.045831
0.044346
0.044144
0.045487
0.044137
0.045625
0.044912
0.047508
0.044114
0.045018
0.044224
0.045041
0.044708
0.049641
0.044005
0.044909
0.047813
0.050304
0.045246
0.047156
0.052327
0.045038
0.045188
0.044809
0.043965
0.044098
0.045131
0.044828
0.044421
0.050085
0.045426
0.046063
0.048607
0.044410
0.045110
0.044885
0.046584
0.045142
0.044316
0.044609
0.046521
0.119808
0.049004
0.046332
0.044779
0.044539
0.044810
0.043882
0.044999
0.044825
0.043821
0.044742
0.044056
0.045111
0.044061
0.050025
0.045383
0.044568
0.044099
0.092414
0.045538
0.045377
0.047641
0.044579
0.047240
0.045514
0.044832
0.044771
0.046837
0.048321
0.045832
0.081436
0.044223
0.045028
0.045198
0.043952
0.045065
0.045407
0.045795
0.043965
0.044080
0.046062
0.045939
0.045107
0.043948
0.044013
0.045017
0.043835
0.047049
0.045846
0.047660
0.044589
0.046391
0.044595
0.046854
0.045066
0.044827
0.044790
0.044654
0.044849
0.046466
0.048030
0.045029
0.043885
0.044006
0.044847
0.048222
0.044717
0.043870
0.044841
0.044986
0.044093
0.045352
0.044724
0.044643
0.044271
0.044666
0.044340
0.044528
0.044419
0.045801
0.043749
0.043976
0.045018
0.043798
0.047749
0.044359
0.051578
0.046678
0.043578
0.044605
0.044039
0.044986
0.045177
0.044393
0.043941
0.045877
0.044887
0.044962
0.044977
0.044223
0.045440
0.044662
0.043977
0.047964
0.043709
0.045253
0.046158
0.046443
0.045215
0.048068
0.045511
0.045697
0.046013
0.045032
0.044907
0.046784
0.044389
0.043858
0.044243
0.044325
0.043687
0.044119
0.044023
0.044483
0.044701
0.044292
0.045005
0.044198
0.044304
0.044664
0.045131
0.044787
0.043899
0.044330
0.043754
0.044945
0.054213
0.045059
0.045835
0.044605
0.044310
0.044972
0.044637
0.049467
0.053242
0.044433
0.045710
0.043989
0.044453
0.045069
0.044591
0.044461
0.051735
0.044764
0.044135
0.047114
0.044800
0.043958
0.046782
0.044602
0.045022
0.045614
0.044563
0.044940
0.048995
0.048453
0.045014
0.044020
0.044601
0.046009
0.044779
0.044799
0.045002
0.045370
0.044466
0.044513
0.044462
0.044409
0.044305
0.044745
0.045430
0.044183
0.044778
0.044613
0.048435
0.045694
0.048218
0.044612
0.044702
0.044684
0.044432
0.046987
0.044990
0.044787
0.044497
0.046694
0.046061
0.043941
0.044673
0.044377
0.045174
0.044949
0.044362
0.046605
0.044895
0.045176
0.046070
0.044562
0.045929
0.044508
0.044771
0.044934
0.044203
0.044446
0.043955
0.044769
0.044147
0.045062
0.044650
0.044634
0.043735
0.044375
0.045175
0.044904
0.045321
0.044688
0.044732
0.044233
0.044886
0.048883
0.044460
0.044968
0.044331
0.044963
0.045133
0.045460
0.043758
0.044849
0.044778
0.045568
0.044860
0.044938
0.045105
0.043932
0.044590
0.044749
0.045361
0.046639
0.044576
0.048947
0.044619
0.044456
0.044456
0.044602
0.045409
0.044861
0.044674
0.044336
0.044928
0.047210
0.043733
0.044871
0.044714
0.043767
0.048813
0.045285
0.045518
0.043687
0.046334
0.044241
0.049171
0.046997
0.045003
0.044346
0.044947
0.044472
0.043798
0.045518
0.044141
0.045016
0.043953
0.044794
0.043511
0.046055
0.044464
0.047672
0.043927
0.043862
0.045298
0.044436
0.044201
0.044405
0.044757
0.043732
0.043652
0.044609
0.047807
0.044449
0.047759
0.044746
0.044794
0.044552
0.043995
0.044393
0.044325
0.045615
0.044991
0.044658
0.043718
0.052256
0.119923
0.045511
0.044579
0.044757
0.044500
0.046840
0.045268
0.045640
0.044623
0.044438
0.044514
0.044898
0.044789
0.044297
0.044519
0.044733
0.044746
0.046112
0.044747
0.047131
0.044627
0.045595
0.044003
0.047639
0.044400
0.045557
0.044689
0.047663
0.044460
0.046576
0.044735
0.047839
0.044446
0.045727
0.043573
0.043893
0.048511
0.045320
0.043473
0.044845
0.044761
0.045725
0.045436
0.047742
0.043697
0.044415
0.044554
0.044802
0.043894
0.046475
0.044861
0.044532
0.044757
0.043697
0.044660
0.045258
0.045217
0.044563
0.043804
0.044329
0.044781
0.044535
0.044707
0.046794
0.044323
0.045246
0.044401
0.044551
0.044308
0.050465
0.045721
0.045493
0.044359
0.044207
0.044618
0.044335
0.045323
0.044760
0.044358
0.045588
0.044369
0.045332
0.045810
0.047592
0.044800
0.045686
0.045443
0.044585
0.044053
0.045169
0.044849
0.045472
0.044255
0.045210
0.044386
0.047402
0.044612
0.045736
0.044607
0.045181
0.048089
0.044972
0.044321
0.045356
0.047841
0.044845
0.044967
0.044968
0.044570
0.043921
0.045338
0.044968
0.045972
0.045752
0.044827
0.043853
0.044166
0.045766
0.045636
0.044618
0.045189
0.043855
0.045712
0.045018
0.044284
0.045552
0.044372
0.044039
0.045202
0.048262
0.048234
0.044650
0.044804
0.044715
0.044843
0.044712
0.046281
0.044099
0.044042
0.045016
0.045419
0.043882
0.045641
0.044794
0.046112
0.044230
0.044178
0.045048
0.046817
0.045728
0.043996
0.045087
0.045545
0.044153
0.046800
0.045301
0.174473
0.044319
0.045640
0.044854
0.047008
0.045005
0.046120
0.044048
0.044627
0.046494
0.045215
0.045213
0.045031
0.043754
0.044972
0.046052
0.044710
0.044737
0.044954
0.044644
0.043966
0.044679
0.043818
0.044878
0.044947
0.045234
0.045118
0.044886
0.044755
0.043901
0.043751
0.045288
0.044573
0.045205
0.045139
0.044623
0.044374
0.045029
0.044614
0.045612
0.045187
0.045348
0.045297
0.044658
0.046569
0.048427
0.049010
0.045591
0.045697
0.043912
0.004754
0.047217
0.044023
0.044749
0.047379
0.044583
0.044851
0.044419
0.004366
0.044644
0.044224
0.044689
0.072270
0.051762
0.044373
0.044558
0.044103
0.047888
0.045014
0.044658
0.045295
0.043815
0.044857
0.046535
0.047294
0.044510
0.043896
0.043699
0.043986
0.047094
0.045677
0.052550
0.044796
0.044928
0.044554
0.044480
0.045173
0.045907
0.045008
0.044093
0.043679
0.043879
0.045322
0.044976
0.044302
0.045063
0.044973
0.043989
0.045756
0.044679
0.044685
0.043722
0.044061
0.044511
0.047136
0.044743
0.045110
0.044027
0.043830
0.122113
0.047324
0.044862
0.044243
0.043837
0.044155
0.045075
0.045354
0.045146
0.046106
0.046837
0.044739
0.044799
0.044829
0.044803
0.044569
0.052634
0.044526
0.044677
0.044927
0.043872
0.048848
0.045620
0.047582
0.044893
0.044741
0.043781
0.047321
0.103227
0.044064
0.045913
0.047461
0.063638
0.056458
0.046476
0.045137
0.045093
0.044184
0.044984
0.044465
0.044644
0.045993
0.049081
0.045966
0.043812
0.044644
0.045910
0.046223
0.044590
0.044561
0.048179
0.045327
0.046347
0.045557
0.045617
0.044880
0.044708
0.044692
0.044696
0.048649
0.048862
0.045834
0.048742
0.045257
0.045682
0.045639
0.045023
0.044560
0.045279
0.044631
0.045832
0.045125
0.045960
0.044597
0.044877
0.045012
0.044891
0.045139
0.044621
0.046746
0.043992
0.043746
0.046182
0.045615
0.174566
0.131015
0.173575
0.044727
0.044639
0.046330
0.044905
0.044987
0.045728
0.044828
0.045144
0.045493
0.044787
0.046108
0.044665
0.044946
0.044435
0.044434
0.044728
0.049786
0.044422
0.051396
0.044837
0.046220
0.044766
0.044742
0.044892
0.044745
0.044423
0.044775
0.044884
0.044609
0.045083
0.046640
0.044915
0.043758
0.043410
0.050978
0.044929
0.046623
0.045177
0.046171
0.044728
0.044825
0.044257
0.044381
0.044724
0.045090
0.047886
0.045279
0.044679
0.048137
0.045156
0.043990
0.044674
0.044642
0.044601
0.045716
0.045494
0.044426
0.044640
0.044187
0.045739
0.044634
0.044817
0.044634
0.044754
0.045071
0.045393
0.045263
0.046330
0.044694
0.044912
0.045239
0.044656
0.046418
0.046012
0.043715
0.044264
0.004540
0.045233
0.110773
0.049997
0.048492
0.045461
0.045076
0.044997
0.045248
0.048747
0.043983
0.043920
0.044888
0.045673
0.044631
0.044372
0.044884
0.044390
0.044994
0.046647
0.048268
0.045342
0.044328
0.044703
0.044699
0.045514
0.044630
0.044774
0.045987
0.045620
0.051292
0.044561
0.044750
0.044975
0.044386
0.044017
0.044801
0.045261
0.046223
0.046864
0.044463
0.044024
0.044717
0.044633
0.044788
0.044329
0.044541
0.044377
0.044716
0.045545
0.044085
0.044934
0.053809
0.047651
0.044215
0.044491
0.044425
0.044617
0.045187
0.044438
0.043577
0.044704
0.045561
0.044141
0.045592
0.047347
0.045766
0.043829
0.045686
0.044015
0.045433
0.044693
0.045786
0.043983
0.044453
0.044728
0.044994
0.045288
0.054203
0.044784
0.044654
0.044734
0.050975
0.044668
0.045716
0.043761
0.047769
0.180405
0.044392
0.044330
0.045740
0.044545
0.044203
0.049308
0.046595
0.044575
0.045824
0.044403
0.044643
0.045905
0.044698
0.004026
0.043621
0.045772
0.044918
0.044812
0.043797
0.044252
0.044551
0.044545
0.044611
0.045185
0.043692
0.045646
0.045711
0.046466
0.048753
0.044483
0.045254
0.044618
0.044334
0.044906
0.044988
0.044751
0.045849
0.044672
0.044494
0.044054
0.045826
0.045480
0.044602
0.044763
0.044692
0.045349
0.044277
0.044693
0.045043
0.044456
0.050747
0.044311
0.044144
0.044078
0.044790
0.045468
0.044188
0.044761
0.052685
0.098962
0.047264
0.107638
0.048450
0.044113
0.045940
0.044352
0.045509
0.045478
0.045645
0.044786
0.045066
0.045272
0.045120
0.045959
0.044103
0.044536
0.044190
0.045896
0.046223
0.045824
0.045255
0.045450
0.045679
0.044667
0.046513
0.044090
0.045613
0.046400
0.045747
0.043810
0.049778
0.044203
0.045007
0.046040
0.043899
0.044307
0.044074
0.044986
0.044672
0.043793
0.044045
0.043816
0.048209
0.045311
0.044634
0.043913
0.134118
0.044118
0.048784
0.045796
0.046178
0.043848
0.046031
0.043967
0.044967
0.044588
0.048134
0.044805
0.044650
0.043823
0.045891
0.043840
0.044793
0.045232
0.044549
0.043980
0.045601
0.045769
0.044569
0.044650
0.043790
0.044422
0.049889
0.045478
0.044911
0.048876
0.044993
0.048002
0.044694
0.044366
0.044497
0.045058
0.044941
0.044007
0.044355
0.044641
0.045070
0.044218
0.043967
0.048874
0.048388
0.044659
0.044161
0.043850
0.044776
0.045120
0.044820
0.045508
0.045719
0.045281
0.044815
0.043694
0.045025
0.045548
0.003505
0.045631
0.043899
0.044825
0.044648
0.046809
0.044045
0.043971
0.044904
0.044836
0.044788
0.044821
0.044616
0.044139
0.044548
0.045043
0.044616
0.044310
0.055664
0.044859
0.045289
0.046706
0.044803
0.048459
0.044940
0.046176
0.048813
0.044438
