0.021407
0.017628
0.011908
0.011499
0.010855
0.012152
0.012434
0.014358
0.013955
0.013547
0.023004
0.025343
0.019539
0.019691
0.015438
0.017317
0.013233
0.016851
0.012662
0.024022
0.013652
0.012650
0.023706
0.014829
0.016662
0.021458
0.012532
0.014205
0.017822
0.013136
0.015318
0.014793
0.011104
0.015859
0.016387
0.016958
0.012992
0.012898
0.012522
0.012078
0.019154
0.026083
0.014608
0.014470
0.012384
0.014602
0.011602
0.011988
0.022007
0.013400
0.013715
0.023754
0.012724
0.014991
0.013501
0.030567
0.011948
0.011987
0.011053
0.012887
0.012652
0.015643
0.012864
0.012862
0.016710
0.025407
0.014091
0.014356
0.013484
0.011684
0.012343
0.013996
0.023263
0.014838
0.013720
0.014241
0.016267
0.011547
0.010333
0.016174
0.017909
0.017227
0.012354
0.011733
0.012260
0.015904
0.018219
0.013355
0.011700
0.018423
0.012554
0.014986
0.011313
0.013336
0.017977
0.013442
0.013454
0.011720
0.011909
0.016692
0.019874
0.021671
0.014054
0.011743
0.014458
0.015973
0.018539
0.016093
0.011039
0.012731
0.014987
0.016679
0.023086
0.011034
0.028779
0.044948
0.017708
0.013703
0.015267
0.018886
0.017004
0.019539
0.018429
0.016944
0.013508
0.025285
0.012855
0.014982
0.015298
0.010817
0.013172
0.013652
0.013124
0.022735
0.012809
0.017982
0.014318
0.021723
0.022188
0.028898
0.017794
0.012472
0.011368
0.011581
0.016578
0.013160
0.011345
0.011968
0.012949
0.021063
0.018766
0.015632
0.016459
0.014722
0.022939
0.010223
0.015293
0.029960
0.020813
0.020147
0.013752
0.024495
0.011796
0.017608
0.017452
0.021434
0.021563
0.020119
0.018355
0.014293
0.013905
0.015708
0.014833
0.018835
0.014164
0.014916
0.015907
0.011812
0.013872
0.024776
0.017874
0.018772
0.017079
0.018498
0.016432
0.014017
0.017763
0.014360
0.024624
0.023326
0.012894
0.074533
0.014671
0.017432
0.024711
0.013683
0.033710
0.018326
0.021993
0.017386
0.017334
0.016498
0.017559
0.012275
0.019262
0.015104
0.022303
0.015428
0.014107
0.014897
0.015981
0.011819
0.018223
0.013721
0.013136
0.014709
0.023458
0.017209
0.013322
0.020166
0.018111
0.016742
0.015578
0.013744
0.020081
0.019848
0.021781
0.016923
0.022934
0.019545
0.016257
0.019065
0.021383
0.016399
0.015918
0.014146
0.013120
0.018550
0.018515
0.022239
0.013839
0.011627
0.015570
0.021166
0.014011
0.018577
0.023308
0.016635
0.014350
0.016256
0.021410
0.018890
0.018362
0.021834
0.013124
0.016954
0.029766
0.017888
0.013799
0.017584
0.015549
0.012885
0.015493
0.011608
0.014454
0.017486
0.012975
0.015071
0.030432
0.010143
0.012795
0.026726
0.016136
0.015208
0.027078
0.021875
0.016619
0.034111
0.013062
0.016066
0.019325
0.018382
0.020873
0.012536
0.012980
0.015417
0.014916
0.017378
0.019524
0.018297
0.015015
0.012278
0.016956
0.014729
0.011558
0.012216
0.015171
0.012789
0.013120
0.015398
0.019561
0.011498
0.013559
0.019088
0.019163
0.015880
0.010913
0.017616
0.010915
0.015046
0.017761
0.020690
0.011096
0.014160
0.018078
0.012752
0.014499
0.012593
0.026618
0.013002
0.019353
0.018262
0.012345
0.012166
0.013718
0.012178
0.011682
0.019198
0.016420
0.016747
0.013360
0.012037
0.011471
0.012896
0.014873
0.011142
0.018017
0.013554
0.021171
0.019086
0.012534
0.029625
0.017838
0.021718
0.013366
0.015231
0.010986
0.010579
0.012057
0.013989
0.038962
0.017451
0.014519
0.017585
0.016086
0.014042
0.013735
0.012613
0.016362
0.016360
0.016326
0.011378
0.015496
0.015044
0.015661
0.014029
0.010913
0.012630
0.014599
0.015962
0.011284
0.011449
0.012016
0.094861
0.011820
0.013750
0.012970
0.016040
0.011594
0.016049
0.019847
0.020605
0.013523
0.012189
0.013660
0.018286
0.017055
0.016395
0.015661
0.016252
0.019131
0.030911
0.018232
0.021855
0.020020
0.011791
0.017220
0.017136
0.018090
0.014864
0.011610
0.013302
0.017636
0.014985
0.011790
0.016339
0.014701
0.016093
0.015900
0.011219
0.018713
0.019598
0.020612
0.017039
0.010888
0.017976
0.014005
0.026109
0.013272
0.011082
0.011740
0.011206
0.015751
0.013080
0.013432
0.011113
0.014322
0.013915
0.015586
0.014168
0.011761
0.011379
0.013607
0.012240
0.015129
0.013408
0.011503
0.015742
0.079697
0.027794
0.014037
0.018247
0.014816
0.011681
0.020331
0.012206
0.014538
0.018472
0.014010
0.012963
0.013927
0.013179
0.014487
0.013770
0.013957
0.012495
0.026518
0.013684
0.014843
0.012957
0.012438
0.011318
0.023550
0.012680
0.013828
0.015245
0.015674
0.016858
0.013528
0.107271
0.022723
0.017647
0.021084
0.021641
0.020087
0.012296
0.016745
0.033379
0.011645
0.028935
0.050649
0.014484
0.017317
0.013063
0.012076
0.012020
0.019252
0.020136
0.020115
0.017854
0.013398
0.020329
0.020447
0.021209
0.017955
0.014825
0.013863
0.011147
0.019167
0.014351
0.018499
0.014716
0.021372
0.013012
0.017988
0.031591
0.016910
0.020448
0.030718
0.017865
0.019154
0.019295
0.022052
0.025285
0.017178
0.017646
0.023645
0.020610
0.018521
0.014625
0.019759
0.022804
0.016694
0.012753
0.015423
0.017725
0.018361
0.016104
0.014995
0.016564
0.023990
0.027435
0.011836
0.019169
0.015937
0.016836
0.013472
0.016525
0.012239
0.023690
0.014381
0.012519
0.012252
0.016977
0.011265
0.015447
0.015287
0.017360
0.010833
0.017712
0.010483
0.014868
0.011596
0.013630
0.017496
0.016128
0.012570
0.014625
0.020751
0.013353
0.015906
0.012906
0.011513
0.011831
0.011864
0.023187
0.014224
0.014969
0.016434
0.014929
0.012497
0.017769
0.018439
0.015489
0.022596
0.015917
0.012730
0.015974
0.011535
0.014878
0.016891
0.014091
0.012786
0.019527
0.023678
0.019162
0.012036
0.020313
0.010769
0.017260
0.014973
0.012654
0.023176
0.011537
0.012286
0.012246
0.018926
0.017653
0.017046
0.025807
0.026631
0.017684
0.014643
0.013792
0.015503
0.020410
0.019098
0.017292
0.017313
0.016041
0.022811
0.024146
0.018027
0.020535
0.027538
0.011770
0.027959
0.022825
0.023618
0.019203
0.016636
0.018522
0.018427
0.021654
0.019310
0.016523
0.012681
0.013483
0.017301
0.025529
0.019898
0.018926
0.012916
0.016826
0.018222
0.022064
0.023463
0.034990
0.015342
0.015534
0.018453
0.034626
0.020437
0.014500
0.019789
0.022040
0.019832
0.018829
0.018379
0.016487
0.021040
0.016153
0.018927
0.015238
0.018504
0.020302
0.015492
0.019270
0.011930
0.014048
0.012488
0.014911
0.015791
0.010582
0.015685
0.017308
0.013177
0.017447
0.037939
0.012898
0.011851
0.014304
0.012547
0.012596
0.018893
0.024052
0.022124
0.013834
0.016200
0.016491
0.012867
0.026136
0.013089
0.021336
0.012631
0.016796
0.012138
0.010627
0.022671
0.012759
0.012728
0.011868
0.010736
0.012015
0.011435
0.011588
0.012022
0.011502
0.022695
0.012568
0.011307
0.012733
0.012053
0.015457
0.019634
0.014914
0.011328
0.012945
0.017923
0.015577
0.020365
0.011436
0.020531
0.011337
0.017844
0.012722
0.010577
0.017513
0.014390
0.012132
0.016631
0.059199
0.042385
0.014402
0.015789
0.012411
0.012481
0.024593
0.015786
0.011253
0.015080
0.014235
0.016865
0.015789
0.013597
0.018535
0.014311
0.012639
0.012117
0.013253
0.012031
0.039486
0.012317
0.012517
0.012897
0.013085
0.011618
0.016334
0.024716
0.016940
0.011323
0.023987
0.011663
0.027144
0.011571
0.012598
0.011274
0.018501
0.009941
0.014137
0.012149
0.011134
0.017754
0.016490
0.011949
0.015104
0.012658
0.011848
0.017714
0.014464
0.017353
0.013107
0.012297
0.013892
0.014684
0.014394
0.018741
0.017763
0.012229
0.012060
0.014015
0.010450
0.020720
0.011030
0.012181
0.018289
0.018062
0.011207
0.013167
0.014384
0.011142
0.011944
0.016073
0.017259
0.010511
0.013015
0.011967
0.011295
0.016673
0.011402
0.012135
0.014979
0.015074
0.016200
0.016849
0.014253
0.017755
0.011824
0.019067
0.015099
0.016311
0.017270
0.011320
0.011312
0.015990
0.013994
0.018721
0.012885
0.015231
0.013698
0.015951
0.014793
0.021372
0.011661
0.014510
0.016581
0.014289
0.015774
0.013605
0.013390
0.015956
0.019544
0.012696
0.011040
0.011782
0.021968
0.016107
0.013827
0.012917
0.018111
0.010851
0.010747
0.014707
0.017702
0.011660
0.012835
0.017411
0.018021
0.013847
0.018290
0.011058
0.013551
0.010897
0.015777
0.012170
0.010607
0.013602
0.015663
0.016242
0.015754
0.016797
0.011710
0.010784
0.012089
0.014209
0.010425
0.015221
0.013400
0.017599
0.016103
0.014174
0.013010
0.017855
0.013068
0.015619
0.015083
0.012162
0.012928
0.020540
0.011827
0.024664
0.016007
0.011843
0.017371
0.015004
0.011591
0.133408
0.016426
0.011681
0.014272
0.018276
0.019463
0.020302
0.014862
0.015512
0.019544
0.015996
0.013520
0.021415
0.014068
0.016089
0.019712
0.018022
0.013057
0.014044
0.012296
0.011763
0.011511
0.021412
0.018368
0.018340
0.011712
0.012961
0.014069
0.017269
0.014096
0.018811
0.019190
0.013432
0.016648
0.015443
0.018447
0.011375
0.011983
0.016993
0.019627
0.010797
0.012989
0.012385
0.013176
0.016897
0.016893
0.015280
0.011134
0.014226
0.012154
0.019082
0.017379
0.015424
0.013828
0.020669
0.010440
0.014259
0.017688
0.014258
0.017512
0.015698
0.013179
0.015625
0.013509
0.016659
0.019307
0.011177
0.011817
0.014908
0.016434
0.022178
0.013814
0.023861
0.016711
0.011700
0.020058
0.012142
0.018043
0.019962
0.013610
0.011048
0.020511
0.013412
0.017049
0.017003
0.011591
0.012058
0.011320
0.011721
0.019340
0.012161
0.016591
0.013034
0.012601
0.012226
0.018000
0.010956
0.016103
0.012034
0.012951
0.011682
0.015194
0.015971
0.016328
0.011720
0.014323
0.013784
0.011793
0.016001
0.011744
0.013630
0.013477
0.017186
0.016055
0.015026
0.013743
0.011786
0.013316
0.012597
0.017280
0.017106
0.011181
0.012119
0.015008
0.011067
0.017227
0.013505
0.012004
0.018273
0.019210
0.014088
0.010697
0.011586
0.013533
0.012762
0.013502
0.011421
0.011620
0.011372
0.016089
0.015974
0.012451
0.015194
0.011568
0.015386
0.013581
0.012811
0.015088
0.015560
0.016547
0.012034
0.017154
0.014172
0.012048
0.012357
0.012174
0.022810
0.016800
0.011977
0.015152
0.011034
0.011061
0.012208
0.017695
0.012313
0.013086
0.012792
0.013947
0.018416
0.021205
0.015476
0.014465
0.015899
0.012610
0.010691
0.020110
0.014290
0.015473
0.012632
0.016699
0.011874
0.011587
0.012503
0.013664
0.015412
0.016160
0.011469
0.013079
0.011180
0.015000
0.014068
0.013145
0.013664
0.011735
0.015167
0.019150
0.013513
0.015434
0.014422
0.018155
0.016606
0.015201
0.017255
0.014060
0.021101
0.012586
0.015154
0.011783
0.013369
0.010864
0.013705
0.013322
0.022210
0.011899
0.010892
0.012619
0.017935
0.013471
0.011630
0.012361
0.011447
0.011240
0.011601
0.014217
0.013144
0.011102
0.016946
0.012037
0.012578
0.019041
0.013049
0.012574
0.012112
0.017261
0.010940
0.017555
0.029644
0.019722
0.013909
0.018367
0.015754
0.014322
0.011296
0.017394
0.012491
0.020646
0.012647
0.014982
0.012092
0.017061
0.013332
0.013700
0.011074
0.013453
0.012538
0.017380
0.016806
0.013864
0.016068
0.020484
0.011743
0.011215
0.012379
0.011560
0.011444
0.018044
0.011678
0.017809
0.016270
0.018012
0.010886
0.011412
0.013906
0.014566
0.012840
0.016997
0.011355
0.012455
0.014949
0.013081
0.011781
0.015111
0.013887
0.011903
0.017138
0.015497
0.014493
0.012778
0.017503
0.017375
0.011941
0.014477
0.012953
0.014875
0.012206
0.016703
0.014483
0.016150
0.015179
0.013300
0.012256
0.017224
0.014627
0.011457
0.014826
0.013095
0.018266
0.013804
0.012241
0.011552
0.012178
0.013587
0.011676
0.012454
0.013034
0.017911
0.017289
0.014254
0.013848
0.011636
0.011923
0.011128
0.014928
0.014535
0.017787
0.013456
0.010653
0.012622
0.011662
0.024940
0.018618
0.013894
0.015127
0.017385
0.016059
0.018008
0.019950
0.017548
0.013046
0.023356
0.018406
0.015918
0.012938
0.013278
0.019111
0.012724
0.022562
0.017040
0.025033
0.014491
0.013919
0.014721
0.019769
0.017991
0.016152
0.025506
0.016685
0.011399
0.013818
0.016115
0.018446
0.014037
0.016316
0.011049
0.019807
0.012668
0.014255
0.011625
0.016859
0.013383
0.011469
0.016649
0.015328
0.016083
0.014284
0.012325
0.014714
0.016188
0.017706
0.013337
0.015543
0.020561
0.018770
0.015904
0.017208
0.011987
0.019183
0.016200
0.015181
0.012684
0.016006
0.017902
0.012071
0.020307
0.011670
0.016732
0.015312
0.011496
0.017438
0.015143
0.012350
0.011403
0.016270
0.013808
0.017447
0.016340
0.014885
0.015103
0.015407
0.014875
0.016227
0.012648
0.010387
0.014122
0.011124
0.016903
0.011177
0.016886
0.018282
0.014759
0.012297
0.013447
0.015219
0.012405
0.012160
0.017739
0.011766
0.017617
0.014990
0.011091
0.015291
0.012730
0.013676
0.012619
0.011527
0.011160
0.019182
0.011981
0.011859
0.011090
0.011031
0.014599
0.012031
0.010636
0.011185
0.015373
0.011128
0.016104
0.013561
0.011889
0.017489
0.011438
0.013936
0.011192
0.012077
0.011702
0.012914
0.012556
0.013988
0.016625
0.030333
0.013061
0.013695
0.012709
0.014733
0.012044
0.026231
0.020539
0.011920
0.017175
0.015010
0.012684
0.015697
0.012782
0.017747
0.012412
0.014452
0.015789
0.011433
0.014136
0.014578
0.020838
0.013778
0.015843
0.011651
0.017220
0.016534
0.011461
0.016003
0.014946
0.016294
0.015873
0.017741
0.013524
0.012209
0.012314
0.020097
0.013874
0.014514
0.012892
0.015173
0.016524
0.017013
0.015538
0.018082
0.012323
0.032805
0.011750
0.013283
0.013254
0.011763
0.017628
0.016102
0.012217
0.018903
0.015574
0.014415
0.011261
0.019202
0.013343
0.014064
0.017096
0.011964
0.016529
0.018514
0.018049
0.018740
0.014004
0.015855
0.019521
0.015018
0.010067
0.013808
0.018104
0.017678
0.016362
0.014820
0.019543
0.019273
0.015097
0.018113
0.013163
0.015264
0.012597
0.013110
0.013861
0.013382
0.023231
0.013041
0.012204
0.013204
0.022098
0.011303
0.012135
0.011212
0.020746
0.013877
0.012156
0.013296
0.021527
0.018561
0.012904
0.012558
0.014697
0.018297
0.013684
0.014012
0.013207
0.016479
0.012793
0.017045
0.011217
0.013820
0.023693
0.013899
0.012813
0.015444
0.011354
0.036682
0.018642
0.012967
0.013403
0.018377
0.014728
0.012154
0.015920
0.015185
0.011248
0.012807
0.011573
0.016156
0.011579
0.011105
0.010747
0.011778
0.011080
0.029153
0.018013
0.014067
0.016020
0.013673
0.011454
0.014495
0.012232
0.023945
0.016396
0.017509
0.015670
0.016291
0.016122
0.010746
0.011856
0.013368
0.014052
0.010477
0.014564
0.015998
0.010389
0.013037
0.010860
0.016454
0.012304
0.021278
0.011531
0.015485
0.020749
0.014164
0.012592
0.018701
0.012537
0.012506
0.014792
0.014780
0.015469
0.015654
0.014700
0.021028
0.012943
0.012336
0.012770
0.018052
0.015949
0.013441
0.014203
0.014581
0.011574
0.013035
0.013685
0.014938
0.021086
0.018337
0.015188
0.014518
0.014820
0.015485
0.016981
0.019345
0.010805
0.014307
0.016981
0.020440
0.016149
0.013082
0.016862
0.013957
0.011928
0.011749
0.011144
0.010991
0.012723
0.011143
0.015610
0.015617
0.023660
0.012787
0.016489
0.014625
0.010897
0.017199
0.016359
0.012854
0.015306
0.011609
0.017057
0.016257
0.013346
0.018232
0.016954
0.015746
0.014069
0.017146
0.014307
0.017121
0.014350
0.012947
0.017627
0.013683
0.016630
0.022629
0.012807
0.013741
0.014559
0.013991
0.012656
0.013582
0.010847
0.011081
0.019083
0.013193
0.017384
0.076436
0.033251
0.016475
0.016038
0.010464
0.024842
0.020001
0.026034
0.015154
0.089674
0.032660
0.021936
0.016370
0.018660
0.012438
0.012777
0.013759
0.017541
0.011936
0.053089
0.020526
0.043855
0.015934
0.018952
0.020487
0.011289
0.017124
0.010505
0.013744
0.012826
0.014434
0.012267
0.014844
0.014260
0.011806
0.011518
0.011813
0.015664
0.021062
0.010709
0.011615
0.013499
0.013404
0.014266
0.026119
0.013869
0.019407
0.012500
0.014284
0.016181
0.014315
0.021605
0.015625
0.016204
0.014969
0.021487
0.018076
0.012948
0.014446
0.012137
0.015328
0.039561
0.019924
0.013420
0.024237
0.015295
0.014723
0.015944
0.011347
0.018105
0.010699
0.023081
0.015399
0.020724
0.013042
0.010854
0.012688
0.019368
0.019209
0.019771
0.020735
0.016863
0.028297
0.021904
0.019839
0.013066
0.018548
0.010539
0.015211
0.018217
0.010622
0.022431
0.011237
0.018852
0.011960
0.013251
0.011070
0.012653
0.012891
0.012246
0.016687
0.022858
0.011799
0.012043
0.017681
0.011144
0.014894
0.012646
0.014289
0.019709
0.019117
0.012011
0.019240
0.011059
0.013431
0.012827
0.022920
0.015635
0.017566
0.013453
0.011256
0.018218
0.012405
0.013154
0.011811
0.012776
0.012321
0.015569
0.015731
0.011288
0.011849
0.021105
0.015198
0.013182
0.011868
0.016303
0.017011
0.018547
0.018910
0.016992
0.020938
0.012253
0.012297
0.018395
0.015853
0.016051
0.020794
0.015338
0.019247
0.013744
0.018361
0.013470
0.012147
0.017354
0.011647
0.023551
0.017537
0.011834
0.020624
0.013513
0.012835
0.017325
0.015335
0.016356
0.011932
0.013424
0.015741
0.012023
0.012798
0.011932
0.013883
0.012756
0.010740
0.011459
0.010970
0.012487
0.011268
0.013836
0.013055
0.014601
0.014567
0.014257
0.012236
0.014581
0.015688
0.014062
0.012752
0.011257
0.019240
0.013092
0.017875
0.011315
0.012652
0.011684
0.011950
0.014344
0.016114
0.015549
0.021363
0.011738
0.012748
0.012303
0.014098
0.011222
0.010945
0.011570
0.015285
0.013889
0.022607
0.013163
0.013642
0.018266
0.012307
0.013666
0.019457
0.014680
0.012642
0.014740
0.011958
0.013747
0.010606
0.012522
0.015178
0.013317
0.011595
0.014233
0.013104
0.016519
0.011635
0.014972
0.014831
0.012983
0.010881
0.012043
0.012037
0.013076
0.014433
0.013701
0.020283
0.011703
0.010588
0.010068
0.015632
0.011680
0.015062
0.011866
0.019165
0.011963
0.012445
0.016956
0.011302
0.015552
0.011881
0.013201
0.014060
0.016555
0.012451
0.012830
0.017432
0.012001
0.011126
0.013089
0.011287
0.011476
0.014192
0.011709
0.011129
0.012227
0.012110
0.020416
0.012268
0.012582
0.012396
0.018148
0.011876
0.013093
0.015811
0.013532
0.011826
0.011741
0.014570
0.013041
0.014479
0.016423
0.011820
0.013638
0.013455
0.011993
0.012482
0.014042
0.011671
0.012431
0.011117
0.012275
0.014396
0.010858
0.012171
0.011389
0.010803
0.012168
0.012024
0.011373
0.015031
0.013913
0.012727
0.012902
0.013877
0.017572
0.012956
0.012568
0.010716
0.014267
0.016039
0.011762
0.012899
0.012299
0.010749
0.011467
0.011236
0.011862
0.012018
0.011339
0.011914
0.010244
0.012029
0.016952
0.020140
0.014910
0.022189
0.015926
0.012774
0.011968
0.017247
0.014468
0.011421
0.010972
0.012513
0.016385
0.011191
0.018146
0.011388
0.010800
0.012346
0.022722
0.022755
0.019487
0.011742
0.012043
0.018795
0.015582
0.020817
0.017787
0.015535
0.012861
0.012479
0.012394
0.013473
0.013260
0.015096
0.010220
0.010392
0.012520
0.018879
0.016739
0.010643
0.018015
0.010972
0.013801
0.016952
0.013995
0.013688
0.013369
0.011362
0.013839
0.014300
0.012034
0.014069
0.011426
0.014190
0.011096
0.020358
0.011873
0.020625
0.010829
0.012904
0.013035
0.012206
0.015208
0.019424
0.011601
0.017214
0.020854
0.013806
0.020331
0.018052
0.019645
0.016280
0.013235
0.011885
0.014289
0.014977
0.015905
0.016762
0.021284
0.018609
0.020643
0.017693
0.019890
0.021133
0.018063
0.014774
0.014906
0.014722
0.020849
0.018524
0.033022
0.038731
0.031361
0.023842
0.017042
0.025513
0.017981
0.023062
0.019591
0.025015
0.020427
0.012835
0.011697
0.011651
0.015293
0.012709
0.024031
0.027147
0.036648
0.019728
0.011638
0.016995
0.016874
0.021495
0.014961
0.018091
0.023195
0.028213
0.013038
0.012835
0.014944
0.015459
0.012787
0.012055
0.019987
0.013572
0.013869
0.027280
0.017454
0.020644
0.013514
0.011154
0.017568
0.018411
0.013471
0.012056
0.026094
0.019468
0.011421
0.019606
0.022998
0.015443
0.013978
0.012091
0.011479
0.017788
0.013055
0.011696
0.013240
0.011740
0.013542
0.013078
0.015688
0.012359
0.011798
0.010938
0.012038
0.011777
0.016623
0.011572
0.011406
0.011610
0.016460
0.015944
0.013493
0.012873
0.013325
0.014339
0.011436
0.015455
0.011630
0.012124
0.013119
0.012038
0.011311
0.017483
0.011623
0.011497
0.014555
0.011893
0.012614
0.012393
0.018182
0.010990
0.013889
0.011571
0.015409
0.012110
0.015225
0.011348
0.011643
0.012436
0.014218
0.014505
0.022223
0.011568
0.010195
0.011075
0.012495
0.015771
0.011544
0.011820
0.014086
0.010851
0.012136
0.016801
0.012005
0.013972
0.019056
0.012902
0.011925
0.012234
0.011533
0.011868
0.010904
0.011514
0.021524
0.012992
0.015520
0.019306
0.012267
0.015478
0.017332
0.017047
0.015118
0.021370
0.021251
0.011832
0.010755
0.017362
0.013320
0.012746
0.017017
0.013121
0.012428
0.015725
0.013403
0.012055
0.012728
0.015718
0.013802
0.011718
0.017472
0.011803
0.011494
0.012596
0.021093
0.015402
0.015905
0.014954
0.011728
0.017211
0.015649
0.012231
0.011595
0.012261
0.022644
0.015674
0.017698
0.013350
0.015366
0.012762
0.014341
0.013145
0.013747
0.011282
0.015402
0.014803
0.012917
0.018535
0.015445
0.012809
0.015674
0.018591
0.016838
0.016581
0.019631
0.018290
0.012793
0.012996
0.018628
0.010780
0.013543
0.013283
0.015425
0.013953
0.020082
0.015823
0.011902
0.013123
0.013061
0.014530
0.018037
0.015144
0.012980
0.014118
0.019841
0.017617
0.014934
0.017863
0.016160
0.016703
0.016860
0.014772
0.017144
0.013758
0.026946
0.018128
0.017648
0.011985
0.018944
0.017097
0.018558
0.020945
0.016394
0.016466
0.018431
0.019221
0.017398
0.016446
0.017158
0.014291
0.016849
0.016520
0.014533
0.010449
0.011551
0.015980
0.014725
0.015017
0.015751
0.016842
0.012455
0.019783
0.017426
0.014564
0.019318
0.017375
0.012441
0.012658
0.023140
0.018833
0.014516
0.014195
0.014455
0.017651
0.010590
0.014718
0.018823
0.011430
0.017772
0.019707
0.016894
0.019787
0.014648
0.015196
0.015541
0.014249
0.013681
0.011888
0.011923
0.011193
0.011985
0.013888
0.017515
0.017244
0.013372
0.015410
0.015457
0.011259
0.016998
0.016023
0.011409
0.016259
0.021410
0.045501
0.065508
0.043315
0.011425
0.014454
0.012032
0.014596
0.013034
0.011504
0.013250
0.011633
0.016083
0.018560
0.016681
0.013322
0.013129
0.015465
0.021225
0.019353
0.016444
0.018077
0.016685
0.038837
0.012752
0.014758
0.012962
0.015923
0.011267
0.011501
0.013972
0.012250
0.012608
0.015389
0.012595
0.013095
0.015481
0.015242
0.015659
0.015216
0.013561
0.012005
0.014754
0.014014
0.023154
0.013765
0.012570
0.013722
0.013457
0.012684
0.012834
0.015033
0.014483
0.015046
0.012648
0.018681
0.014570
0.012245
0.014439
0.015719
0.010629
0.014277
0.015686
0.010947
0.012204
0.011165
0.019439
0.011444
0.012911
0.012830
0.025915
0.015070
0.011671
0.014934
0.018142
0.013795
0.014342
0.019917
0.015963
0.019255
0.013693
0.019847
0.016805
0.018404
0.011170
0.028235
0.014453
0.014438
0.015985
0.012011
0.014255
0.015204
0.012799
0.013371
0.018429
0.011333
0.020696
0.017313
0.018755
0.017977
0.013151
0.012435
0.011557
0.014885
0.012922
0.011190
0.017640
0.015944
0.013309
0.011402
0.019568
0.010570
0.015637
0.012869
0.012755
0.011299
0.011841
0.013482
0.010799
0.011014
0.011606
0.021498
0.010954
0.048382
0.019744
0.013455
0.015047
0.024542
0.017087
0.014644
0.012801
0.016781
0.012808
0.016624
0.019081
