0.022355
0.022402
0.022312
0.022453
0.022379
0.022290
0.022763
0.022532
0.022549
0.021794
0.024377
0.024621
0.023010
0.024102
0.022137
0.022662
0.021797
0.022010
0.022255
0.022925
0.022235
0.022350
0.022124
0.022477
0.023389
0.022838
0.023496
0.022324
0.021667
0.022179
0.023074
0.024042
0.022005
0.022008
0.021805
0.022518
0.022000
0.022063
0.024040
0.021940
0.022179
0.021939
0.023367
0.022044
0.022951
0.022534
0.022234
0.023915
0.023643
0.023628
0.022168
0.028619
0.022630
0.022228
0.022025
0.021929
0.021848
0.022285
0.022696
0.022468
0.022954
0.022123
0.021962
0.023706
0.021964
0.021881
0.022160
0.022690
0.022405
0.022240
0.021886
0.022044
0.023344
0.023688
0.022708
0.022041
0.022181
0.022400
0.021944
0.021855
0.022597
0.022052
0.022226
0.022184
0.002278
0.022366
0.022008
0.021906
0.023347
0.021909
0.022167
0.022180
0.021994
0.022330
0.022703
0.022288
0.022018
0.022287
0.024381
0.023598
0.023129
0.022202
0.022129
0.022047
0.022038
0.022101
0.023431
0.022628
0.021884
0.022226
0.021926
0.022000
0.022427
0.022242
0.023348
0.022240
0.022212
0.023390
0.022612
0.022158
0.022716
0.021914
0.022473
0.021743
0.021977
0.023403
0.022103
0.022071
0.022244
0.022191
0.021983
0.022041
0.022895
0.022213
0.022236
0.022052
0.022509
0.021817
0.022049
0.022112
0.022472
0.021824
0.022157
0.022799
0.022084
0.022672
0.022440
0.021874
0.022163
0.023303
0.022475
0.024179
0.022291
0.022165
0.022282
0.022298
0.022161
0.022036
0.022133
0.022226
0.022237
0.022419
0.022168
0.023119
0.021816
0.022680
0.021740
0.022133
0.024574
0.002401
0.022956
0.001583
0.022380
0.022584
0.021913
0.022349
0.022922
0.022460
0.022705
0.023353
0.022057
0.022036
0.023111
0.022045
0.022158
0.022486
0.022886
0.021693
0.032972
0.022405
0.022075
0.023931
0.022690
0.022551
0.023047
0.022145
0.022535
0.022396
0.022116
0.022484
0.022560
0.022093
0.022071
0.022233
0.022149
0.022114
0.022307
0.022069
0.021747
0.022042
0.021832
0.023269
0.022724
0.022159
0.023388
0.021820
0.022796
0.022558
0.022287
0.023595
0.027477
0.022467
0.021742
0.021807
0.042282
0.021971
0.022923
0.022617
0.022377
0.022162
0.022122
0.023823
0.023083
0.022295
0.022202
0.022790
0.022969
0.022179
0.023258
0.022172
0.024304
0.023999
0.023288
0.022504
0.023579
0.022391
0.021759
0.021976
0.022519
0.022200
0.023036
0.022701
0.022943
0.021866
0.022132
0.022127
0.026640
0.022426
0.021880
0.021937
0.022146
0.023117
0.022563
0.021855
0.022267
0.021844
0.022728
0.040973
0.023671
0.022206
0.022098
0.024341
0.021612
0.024114
0.023324
0.021701
0.022216
0.022065
0.022151
0.021823
0.022138
0.022802
0.022212
0.022448
0.022411
0.002232
0.024841
0.023453
0.022404
0.021830
0.022263
0.022048
0.022104
0.022200
0.022513
0.023502
0.022395
0.021842
0.022964
0.022145
0.021716
0.022428
0.022156
0.021635
0.021931
0.021964
0.021791
0.022207
0.022213
0.022608
0.023064
0.022073
0.022163
0.021908
0.022208
0.023048
0.022419
0.023131
0.022582
0.021868
0.022229
0.023097
0.022750
0.022014
0.022027
0.022379
0.022251
0.023047
0.022219
0.021971
0.022150
0.021705
0.022314
0.022958
0.022116
0.022085
0.021743
0.022082
0.021991
0.022712
0.022217
0.022054
0.022163
0.022359
0.022728
0.021921
0.022160
0.022067
0.022096
0.022237
0.022248
0.023838
0.022491
0.022373
0.021887
0.023655
0.023336
0.022471
0.023116
0.022044
0.022606
0.022325
0.022149
0.025709
0.022738
0.021955
0.022224
0.021947
0.022268
0.024669
0.022460
0.022821
0.021924
0.022068
0.024758
0.023756
0.022349
0.022884
0.022309
0.022181
0.023550
0.022236
0.022480
0.022243
0.022587
0.022775
0.022862
0.024705
0.021916
0.022219
0.022259
0.022141
0.022507
0.023994
0.022001
0.022032
0.022506
0.022065
0.021825
0.021931
0.021748
0.021973
0.022003
0.021975
0.022036
0.025267
0.023397
0.021978
0.022304
0.022230
0.022056
0.022827
0.023905
0.022250
0.022039
0.022758
0.022228
0.024651
0.023611
0.021840
0.021725
0.021677
0.022048
0.022958
0.024469
0.021872
0.022089
0.022406
0.024002
0.022079
0.001741
0.023733
0.022327
0.022237
0.022108
0.021998
0.022158
0.022263
0.002062
0.022510
0.022228
0.022288
0.022508
0.022730
0.022306
0.022503
0.022478
0.024112
0.022325
0.022387
0.034171
0.001860
0.022068
0.022414
0.022141
0.022474
0.022462
0.022341
0.022114
0.022144
0.022590
0.023473
0.022238
0.022184
0.022119
0.024172
0.023970
0.023792
0.024392
0.046573
0.022473
0.022327
0.025843
0.023998
0.024137
0.023634
0.022229
0.023550
0.024931
0.039291
0.031914
0.023291
0.021985
0.022579
0.023470
0.021769
0.022584
0.025951
0.022799
0.022043
0.021988
0.022219
0.021862
0.022541
0.022580
0.022512
0.022656
0.022978
0.022917
0.022392
0.022007
0.022745
0.022165
0.022445
0.024181
0.023814
0.021867
0.021727
0.022283
0.022410
0.022266
0.021910
0.023891
0.022848
0.022162
0.022155
0.022118
0.022174
0.021897
0.024154
0.022954
0.022064
0.022188
0.021991
0.022594
0.022181
0.022232
0.022110
0.022410
0.025099
0.023191
0.021917
0.023711
0.022513
0.022263
0.022674
0.022319
0.022552
0.022470
0.022383
0.024998
0.022290
0.022146
0.022113
0.023367
0.003926
0.023658
0.023430
0.022231
0.021941
0.023285
0.022249
0.022947
0.023219
0.022184
0.022138
0.024573
0.022350
0.022244
0.022397
0.022078
0.022107
0.021622
0.021740
0.022120
0.022026
0.022218
0.022296
0.022247
0.021686
0.022426
0.024063
0.022587
0.022389
0.022058
0.021772
0.022477
0.022706
0.022338
0.022631
0.022177
0.022005
0.023976
0.022456
0.022080
0.023486
0.022581
0.023982
0.022047
0.023032
0.023182
0.022016
0.022249
0.022374
0.022100
0.022140
0.021855
0.022002
0.022341
0.022065
0.030196
0.021740
0.021948
0.022141
0.022812
0.023225
0.021832
0.022285
0.022033
0.022287
0.022531
0.022212
0.021966
0.022761
0.022107
0.021965
0.022344
0.022443
0.022278
0.022980
0.022979
0.023054
0.023340
0.025672
0.024184
0.022308
0.022351
0.022392
0.022443
0.025430
0.022455
0.023344
0.022553
0.023013
0.022178
0.025288
0.023037
0.021974
0.022196
0.038931
0.022565
0.022060
0.023354
0.022355
0.022533
0.023168
0.022455
0.023615
0.022133
0.022014
0.022142
0.022133
0.021664
0.023319
0.022727
0.022347
0.023665
0.022934
0.021846
0.022577
0.021783
0.021969
0.021959
0.021747
0.021755
0.021742
0.028254
0.024269
0.022625
0.022192
0.001764
0.021714
0.022064
0.021740
0.024670
0.022925
0.021775
0.022163
0.022227
0.022415
0.022420
0.022501
0.021943
0.021994
0.022249
0.022095
0.022763
0.026357
0.024050
0.022297
0.022173
0.022228
0.021872
0.022146
0.021792
0.023217
0.022137
0.021891
0.022382
0.022332
0.022085
0.022471
0.022359
0.022077
0.022290
0.022298
0.022975
0.022145
0.022096
0.022233
0.022006
0.021795
0.021685
0.023173
0.022096
0.022165
0.022533
0.022126
0.022041
0.023123
0.025936
0.045746
0.031522
0.022380
0.022651
0.022410
0.022909
0.022083
0.023589
0.022181
0.021850
0.022065
0.023164
0.022519
0.022274
0.022144
0.021819
0.022215
0.022238
0.022347
0.022025
0.021917
0.022886
0.021815
0.022017
0.022248
0.022127
0.022004
0.022148
0.022882
0.022472
0.024113
0.022167
0.022098
0.022186
0.021864
0.022692
0.023128
0.022269
0.022111
0.022226
0.022022
0.023720
0.027006
0.022335
0.022148
0.022034
0.022381
0.022096
0.022262
0.022555
0.025085
0.022316
0.022151
0.021995
0.022341
0.023220
0.022001
0.022149
0.022305
0.022236
0.022708
0.021914
0.022146
0.022801
0.025240
0.023014
0.022099
0.021834
0.022743
0.025179
0.022667
0.022032
0.022167
0.022328
0.022356
0.022687
0.023288
0.021685
0.021831
0.022097
0.021698
0.021810
0.022569
0.022383
0.021726
0.022143
0.022143
0.022432
0.023355
0.022629
0.022074
0.022058
0.021943
0.022080
0.021884
0.023298
0.022498
0.022246
0.022145
0.021990
0.021842
0.022292
0.023523
0.021887
0.021852
0.022763
0.022633
0.025351
0.022636
0.022819
0.022230
0.021685
0.022087
0.022398
0.022335
0.021788
0.021990
0.022191
0.021777
0.022082
0.027381
0.021945
0.022247
0.021949
0.021945
0.022104
0.021953
0.022120
0.022128
0.022195
0.022490
0.021963
0.022219
0.022206
0.022217
0.021726
0.021894
0.022544
0.022000
0.022853
0.022147
0.022202
0.022127
0.022151
0.022327
0.022538
0.021758
0.022065
0.022532
0.021976
0.022243
0.022380
0.022083
0.022339
0.021906
0.021640
0.022543
0.022195
0.022112
0.022117
0.022269
0.022085
0.022111
0.023172
0.022425
0.022240
0.022062
0.022133
0.022010
0.023394
0.022008
0.022355
0.022084
0.022555
0.021969
0.023867
0.022165
0.022889
0.022369
0.022203
0.022213
0.022302
0.022187
0.021743
0.021862
0.021974
0.022240
0.022331
0.024980
0.023623
0.022417
0.022004
0.022435
0.025292
0.022287
0.022118
0.022101
0.021748
0.022238
0.022359
0.024303
0.024409
0.021944
0.022552
0.022225
0.022036
0.022586
0.022943
0.021816
0.002464
0.023627
0.024147
0.022556
0.022008
0.021805
0.021926
0.021765
0.022551
0.022219
0.021770
0.022395
0.022217
0.021903
0.025743
0.022162
0.022224
0.022328
0.022092
0.022481
0.024613
0.021823
0.021651
0.022069
0.021983
0.024784
0.022157
0.021793
0.022227
0.021954
0.022745
0.021874
0.022107
0.022165
0.022189
0.022011
0.022649
0.022226
0.021944
0.023865
0.022540
0.022106
0.021859
0.021767
0.021907
0.023163
0.022561
0.022729
0.022167
0.021847
0.022138
0.022470
0.023102
0.022376
0.022745
0.022190
0.022116
0.022323
0.022274
0.022032
0.022006
0.022200
0.022079
0.022160
0.021769
0.022414
0.022166
0.022109
0.022169
0.023976
0.023962
0.021913
0.021847
0.021964
0.022069
0.021712
0.022374
0.022341
0.022778
0.022073
0.022123
0.022035
0.021826
0.021933
0.022197
0.022157
0.022202
0.022225
0.022394
0.022449
0.021682
0.022302
0.021782
0.022660
0.022259
0.022013
0.022407
0.021983
0.021816
0.021779
0.022277
0.022377
0.022718
0.022241
0.022494
0.022181
0.022798
0.023254
0.021708
0.022182
0.022263
0.022118
0.021762
0.023270
0.022583
0.021824
0.021965
0.021798
0.021700
0.023295
0.022111
0.021818
0.022253
0.021782
0.021785
0.022272
0.022623
0.021737
0.021831
0.022290
0.022327
0.022809
0.021908
0.023184
0.022511
0.022240
0.021823
0.022120
0.021895
0.022265
0.022906
0.022460
0.021755
0.022253
0.022181
0.021959
0.023477
0.021988
0.023141
0.022010
0.022218
0.022175
0.022129
0.021800
0.022760
0.022731
0.021695
0.021976
0.022231
0.022240
0.022041
0.022375
0.022344
0.022118
0.022254
0.022378
0.023728
0.022199
0.022001
0.022232
0.022137
0.021710
0.022053
0.022209
0.021955
0.021867
0.021882
0.022751
0.024133
0.021819
0.021993
0.022063
0.022065
0.022151
0.022525
0.022433
0.021974
0.022619
0.022473
0.022332
0.022143
0.023855
0.022424
0.023206
0.022241
0.021922
0.022089
0.021829
0.022455
0.023445
0.021991
0.021886
0.021852
0.023156
0.021990
0.022652
0.021715
0.022248
0.022100
0.021918
0.022969
0.022492
0.022586
0.022186
0.022597
0.021914
0.022503
0.022225
0.022151
0.022140
0.022284
0.022125
0.022255
0.022208
0.022089
0.021805
0.022448
0.021968
0.022147
0.022272
0.023028
0.022141
0.022181
0.022754
0.021766
0.023154
0.022114
0.022983
0.022201
0.022267
0.022490
0.022339
0.022012
0.002017
0.022298
0.022127
0.022300
0.021946
0.022490
0.022615
0.022177
0.022280
0.022088
0.022487
0.023003
0.021663
0.023059
0.021877
0.022056
0.022297
0.022165
0.022661
0.021859
0.022269
0.022175
0.021735
0.022110
0.022410
0.022514
0.022928
0.022210
0.023014
0.023252
0.023536
0.022597
0.022469
0.022629
0.021663
0.022583
0.022340
0.023405
0.021661
0.077569
0.022344
0.022104
0.022337
0.022524
0.022478
0.022018
0.022058
0.021763
0.022341
0.022640
0.022753
0.021674
0.022161
0.022109
0.022079
0.021754
0.023732
0.022119
0.022170
0.021967
0.021846
0.022277
0.022412
0.021750
0.022435
0.022023
0.021886
0.022072
0.022501
0.022122
0.022298
0.022109
0.022426
0.022056
0.024792
0.022767
0.022207
0.021992
0.022103
0.022112
0.022244
0.022260
0.021843
0.022014
0.022701
0.022270
0.021723
0.024007
0.021870
0.021980
0.022025
0.022636
0.021930
0.022165
0.022271
0.022638
0.022662
0.022299
0.021991
0.022033
0.022235
0.022373
0.022037
0.022088
0.022236
0.022298
0.022208
0.022149
0.022531
0.022045
0.022395
0.021886
0.022142
0.022487
0.021705
0.022027
0.022080
0.022006
0.022536
0.021877
0.022165
0.021623
0.021764
0.021840
0.022046
0.022456
0.022116
0.001566
0.021979
0.021965
0.021867
0.022618
0.022176
0.022131
0.022240
0.022197
0.022067
0.022251
0.022172
0.021999
0.013257
0.022290
0.022186
0.021994
0.022443
0.022127
0.023730
0.022413
0.022318
0.022077
0.022328
0.022075
0.022691
0.022306
0.021782
0.022127
0.022416
0.021722
0.022116
0.022578
0.022150
0.022135
0.022673
0.022266
0.022189
0.021641
0.022793
0.023341
0.022028
0.022271
0.022562
0.022201
0.022043
0.022143
0.021974
0.022061
0.022332
0.022058
0.022156
0.024353
0.022208
0.022348
0.022278
0.023346
0.022152
0.022109
0.022137
0.022191
0.023080
0.022265
0.021984
0.022657
0.021980
0.023054
0.021882
0.022108
0.022243
0.021974
0.022639
0.021784
0.022051
0.022201
0.022265
0.022155
0.022200
0.022375
0.022173
0.022750
0.022135
0.024676
0.021742
0.022460
0.022065
0.021963
0.022038
0.022270
0.022199
0.022364
0.021730
0.022377
0.022243
0.022419
0.022161
0.025728
0.021920
0.021825
0.022078
0.022358
0.022063
0.023207
0.022134
0.022804
0.022433
0.022509
0.022581
0.021945
0.025457
0.024059
0.021684
0.022488
0.022504
0.022137
0.022403
0.022437
0.021796
0.021673
0.021908
0.022237
0.022277
0.021968
0.022368
0.021891
0.022793
0.022840
0.021825
0.022173
0.022556
0.024614
0.022540
0.022207
0.023173
0.022634
0.022346
0.022296
0.022303
0.022451
0.022492
0.022698
0.022394
0.022313
0.022239
0.022334
0.022572
0.022158
0.024404
0.022670
0.022338
0.021965
0.021940
0.022550
0.022204
0.022140
0.022227
0.021894
0.021829
0.022540
0.022007
0.022708
0.023119
0.022338
0.022136
0.022170
0.022150
0.022276
0.022262
0.021968
0.023749
0.021869
0.022034
0.021744
0.022231
0.022068
0.021859
0.021996
0.023147
0.022799
0.022212
0.022308
0.021745
0.022247
0.022334
0.022965
0.031182
0.022387
0.021777
0.022747
0.021851
0.021967
0.022288
0.022265
0.022190
0.023738
0.021827
0.023689
0.022203
0.021817
0.022024
0.021841
0.021689
0.022167
0.021918
0.022334
0.022288
0.022065
0.021977
0.022712
0.022030
0.022109
0.022143
0.021911
0.021871
0.022700
0.021866
0.022240
0.022374
0.022738
0.022829
0.021837
0.022346
0.022199
0.022659
0.021781
0.021934
0.022200
0.022155
0.021861
0.021955
0.022551
0.022265
0.021812
0.022226
0.022407
0.021843
0.022508
0.021749
0.022048
0.021761
0.022325
0.022806
0.022120
0.021767
0.021783
0.021729
0.021788
0.021965
0.022310
0.022184
0.021917
0.022040
0.022005
0.021913
0.022091
0.022656
0.022094
0.021854
0.022184
0.021993
0.022121
0.021996
0.022808
0.021760
0.023166
0.022242
0.022833
0.022226
0.021770
0.022135
0.021998
0.021783
0.021894
0.021947
0.021667
0.022094
0.021840
0.022519
0.022129
0.021717
0.021722
0.022260
0.023137
0.022068
0.022590
0.023464
0.021872
0.021832
0.022404
0.022197
0.022629
0.022515
0.022158
0.021719
0.023139
0.021745
0.022188
0.023707
0.022184
0.022114
0.022200
0.022406
0.023295
0.022088
0.022282
0.022112
0.022266
0.023703
0.022498
0.021995
0.022301
0.024112
0.021931
0.022358
0.022264
0.023274
0.022101
0.022132
0.022315
0.022327
0.022387
0.021796
0.022127
0.022053
0.021964
0.022265
0.022295
0.022518
0.022112
0.021853
0.022167
0.021960
0.022419
0.022429
0.022042
0.022125
0.021948
0.022238
0.022160
0.022480
0.021977
0.022002
0.022162
0.027064
0.022112
0.024671
0.022194
0.022022
0.022043
0.021954
0.024127
0.022677
0.022352
0.022053
0.021712
0.022380
0.021864
0.025360
0.022904
0.023180
0.022624
0.061639
0.022210
0.025429
0.022378
0.022457
0.022080
0.022211
0.021835
0.023652
0.024653
0.021785
0.022743
0.021781
0.022115
0.022372
0.022181
0.022099
0.022121
0.022366
0.022983
0.022600
0.022485
0.023216
0.022904
0.021753
0.022836
0.021668
0.023500
0.022010
0.022033
0.021996
0.022036
0.022082
0.022014
0.022049
0.022042
0.021813
0.022457
0.022587
0.022312
0.021758
0.023998
0.022824
0.021941
0.022137
0.022098
0.022011
0.022175
0.022393
0.021951
0.022077
0.022023
0.023681
0.023703
0.022804
0.022133
0.022961
0.022181
0.022144
0.021891
0.022626
0.022107
0.021710
0.022205
0.022273
0.022278
0.021899
0.021742
0.022025
0.024151
0.023524
0.022437
0.022160
0.022177
0.022264
0.021862
0.022077
0.021889
0.022722
0.024231
0.022593
0.022111
0.022196
0.022524
0.021948
0.023537
0.022009
0.022365
0.022559
0.022281
0.001757
0.023917
0.022327
0.022387
0.022208
0.021634
0.022033
0.022121
0.022087
0.022103
0.021892
0.021960
0.022021
0.022800
0.022501
0.022094
0.021972
0.022286
0.022070
0.022411
0.022443
0.022096
0.022148
0.022469
0.021662
0.022050
0.021674
0.022098
0.021886
0.021901
0.022059
0.021974
0.022151
0.021976
0.022379
0.022159
0.022313
0.022389
0.021966
0.022251
0.023339
0.022534
0.022226
0.022083
0.022154
0.021820
0.022631
0.021942
0.022087
0.021948
0.023066
0.023686
0.022177
0.022586
0.022649
0.021943
0.022293
0.023975
0.023526
0.022244
0.059098
0.040585
0.022142
0.022326
0.022420
0.022132
0.022047
0.022140
0.022118
0.022072
0.021861
0.021848
0.022018
0.022230
0.022692
0.022700
0.022300
0.022042
0.022354
0.022414
0.022202
0.022475
0.022202
0.021971
0.022200
0.021874
0.022192
0.022135
0.022325
0.022388
0.021920
0.021923
0.022131
0.021864
0.021820
0.022701
0.022664
0.022629
0.022470
0.021976
0.022196
0.022099
0.021849
0.022177
0.022247
0.021959
0.027189
0.022605
0.021820
0.021874
0.022453
0.022212
0.022416
0.022266
0.022180
0.022057
0.022093
0.021979
0.022565
0.022180
0.022173
0.021977
0.022346
0.022432
0.021878
0.021811
0.022112
0.022196
0.022202
0.022225
0.022497
0.023072
0.023102
0.022281
0.021929
0.022309
0.022295
0.022489
0.021839
0.022353
0.021909
0.021780
0.022802
0.022801
0.022902
0.022292
0.022109
0.022536
0.022611
0.022497
0.023123
0.021983
0.022083
0.022330
0.021986
0.022253
0.023754
0.022528
0.022392
0.022215
0.022191
0.022125
0.023127
0.022140
0.022503
0.022370
0.021843
0.022066
0.022272
0.022255
0.021903
0.022278
0.025097
0.023422
0.024843
0.022203
0.001611
0.024712
0.021723
0.022273
0.022007
0.022254
0.021850
0.022380
0.022556
0.022154
0.022160
0.021900
0.024866
0.023302
0.022198
0.022553
0.061451
0.023577
0.022972
0.022513
0.021829
0.021962
0.022040
0.022181
0.025191
0.022049
0.022409
0.022341
0.022447
0.022139
0.023346
0.024805
0.022150
0.022273
0.022255
0.022256
0.022380
0.022193
0.022345
0.022108
0.021817
0.022283
0.022608
0.022145
0.022458
0.021853
0.021913
0.022303
0.021796
0.021815
0.022815
0.021944
0.022147
0.022083
0.021829
0.022149
0.022359
0.022193
0.021758
0.021733
0.025852
0.021815
0.022557
0.021690
0.022560
0.022223
0.021982
0.021945
0.022970
0.023774
0.022412
0.022263
0.022040
0.021853
0.022303
0.022313
0.022151
0.022909
0.021981
0.022118
0.022420
0.022392
0.022260
0.022250
0.022222
0.032204
0.025121
0.062795
0.022246
0.022835
0.022211
0.023018
0.022375
0.021745
0.002543
0.022401
0.022140
0.022665
0.024035
0.024379
0.023220
0.022660
0.021638
0.022080
0.022303
0.022781
0.022644
0.022262
0.022187
0.022070
0.022186
0.022428
0.022754
0.021974
0.021682
0.021917
0.022079
0.022140
0.022457
0.022231
0.022200
0.022112
0.022958
0.023830
0.022520
0.022096
0.022278
0.022013
0.022208
0.021852
0.022340
0.021951
0.022466
0.022171
0.022422
0.022163
0.022734
0.022534
0.022083
0.022353
0.022430
0.022486
0.022194
0.282900
0.177817
0.088331
0.022271
0.021886
0.022054
0.022097
0.022929
0.022338
0.022097
0.022253
0.022862
0.023620
0.025689
0.028051
0.022316
0.022595
0.022134
0.022371
0.024940
0.023526
0.021770
0.022076
0.022495
0.022283
0.022190
0.022264
0.031166
0.022445
0.021681
0.022310
0.022555
0.022532
0.022067
0.021703
0.022068
0.022571
0.022145
0.022893
0.021674
0.021980
0.022243
0.022060
0.021961
0.022393
0.022428
0.022136
0.022430
0.022401
0.022540
0.022133
0.022378
0.022388
0.022210
0.022178
0.021779
0.021830
0.022164
0.022275
0.021956
0.021845
0.022663
0.021954
0.022196
0.022266
0.022242
0.022610
0.021717
0.022888
0.022449
0.022079
0.022292
0.022249
0.024082
0.022153
0.022706
0.022992
0.022594
0.022394
0.022123
0.022163
0.022550
0.022046
0.021879
0.022317
0.022154
0.021710
0.022317
0.024248
0.022437
0.022044
0.021786
0.022093
0.022228
0.021761
0.022327
0.021804
0.022507
0.022160
0.021925
0.022368
0.021991
0.022114
0.022034
0.022169
0.022387
0.022320
0.022102
0.022302
0.022554
0.022158
0.022299
0.022247
0.022304
0.023714
0.021882
0.022110
0.022227
0.022834
0.022092
0.022848
0.022391
0.021744
0.022543
0.023552
0.022815
0.021999
0.021960
0.021960
0.021667
0.021915
0.022286
0.022453
0.021983
0.022028
0.022159
0.022026
0.022244
0.022292
0.022068
0.022138
0.022450
0.022199
0.022425
0.022033
0.023928
0.022137
0.022084
0.054591
0.024381
0.024674
0.022270
0.021793
0.022077
0.021720
0.022187
0.022241
0.024537
0.023055
0.022269
0.022065
0.022170
0.023413
0.022651
0.022051
0.022328
0.022510
0.038657
0.022152
0.022168
0.021994
0.023270
0.021894
0.021952
0.022374
0.022182
0.021951
0.022107
0.022725
0.022081
0.022059
0.022496
0.021961
0.022123
0.022039
0.022102
0.023958
0.023125
0.022086
0.022125
0.022820
0.022393
0.021774
0.022713
0.022848
0.022806
0.022210
0.022501
0.022031
0.022190
0.022162
0.022613
0.024277
0.023644
0.022462
0.022145
0.021830
0.022066
0.022158
0.022001
0.022552
0.021613
0.022272
0.022119
0.021847
0.021761
0.022143
0.024804
0.023211
0.021719
0.021870
0.023918
0.022388
0.022676
0.022446
0.023697
0.036582
0.024834
0.046611
0.022150
0.021873
0.022639
0.022262
0.022453
0.021961
0.022695
0.021775
0.022243
0.022475
0.022158
0.022431
0.022669
0.024950
0.022377
0.023009
0.023414
0.022869
0.022344
0.022106
0.036986
0.023324
0.022702
0.022401
0.022239
0.022202
0.022459
0.022114
0.021807
0.022521
0.021977
0.021901
0.021794
0.022193
0.021887
0.022920
0.022265
0.023396
0.022124
0.021619
0.022161
0.022095
0.021957
0.021809
0.021745
0.023076
0.022342
0.022427
0.022602
0.022145
0.021832
0.022419
0.022228
0.024448
0.022381
0.022359
0.022349
0.021870
0.021803
0.021801
0.023274
0.024229
0.022378
0.022883
0.023349
0.021980
0.022191
0.021678
0.022204
0.022962
0.022211
0.022291
0.021944
0.022572
0.022033
0.021887
0.022665
0.022259
0.022186
0.022085
0.021999
0.021994
0.021894
0.023845
0.022330
0.021969
0.024072
0.022664
0.022221
0.021920
0.022389
0.022140
0.021788
0.025065
0.021786
0.022348
0.022248
0.022076
0.022171
0.021822
0.021767
0.022157
0.022263
0.022757
0.021968
0.022052
0.021785
0.022832
0.022701
0.022158
0.021846
0.022148
0.022297
0.021739
0.022287
0.022202
0.021864
0.022089
0.022511
0.024004
0.030270
0.022069
0.022128
0.022312
0.021965
0.022148
0.022293
0.022684
0.022180
0.024292
