0.021997
0.022338
0.022339
0.022052
0.021968
0.022265
0.022708
0.022049
0.022191
0.021838
0.022385
0.023604
0.021987
0.024153
0.022865
0.021902
0.021981
0.022256
0.021990
0.023780
0.022484
0.049474
0.022226
0.023413
0.023517
0.022419
0.022440
0.022197
0.024581
0.022382
0.022202
0.023096
0.021821
0.022522
0.021971
0.021704
0.022666
0.024797
0.022782
0.022157
0.022344
0.022931
0.022648
0.022429
0.022437
0.021915
0.022010
0.021952
0.022726
0.023001
0.022259
0.021834
0.022516
0.021932
0.022312
0.022018
0.021822
0.021919
0.021978
0.023214
0.022625
0.022334
0.024312
0.022211
0.022098
0.022698
0.021918
0.022715
0.022219
0.022365
0.021697
0.053739
0.024664
0.021944
0.022782
0.021853
0.022099
0.022151
0.022022
0.022514
0.023945
0.022605
0.022431
0.022167
0.022958
0.022398
0.022366
0.021855
0.022614
0.024287
0.022200
0.022117
0.022169
0.022109
0.022439
0.022680
0.022211
0.023273
0.022034
0.023348
0.023188
0.022014
0.022459
0.022111
0.022046
0.022267
0.024745
0.022909
0.022178
0.022097
0.022270
0.021843
0.021908
0.022819
0.022704
0.022095
0.024433
0.022060
0.021977
0.022148
0.022846
0.022146
0.022730
0.023659
0.022034
0.022227
0.022258
0.021779
0.022287
0.021785
0.022238
0.021937
0.022710
0.022118
0.021927
0.022492
0.024331
0.022172
0.022527
0.022495
0.022060
0.023900
0.022985
0.023361
0.023451
0.022019
0.022054
0.021866
0.022125
0.022820
0.022442
0.021993
0.022245
0.022380
0.022124
0.021805
0.021939
0.025479
0.024481
0.022447
0.022011
0.022076
0.021713
0.022719
0.021862
0.021983
0.022510
0.024854
0.021978
0.062327
0.021730
0.022453
0.022077
0.023343
0.023518
0.022527
0.022981
0.022058
0.022146
0.023837
0.022242
0.022436
0.023536
0.022797
0.025494
0.022847
0.022510
0.022141
0.025838
0.022952
0.021937
0.024183
0.021950
0.022303
0.022721
0.022080
0.023742
0.022164
0.022738
0.024253
0.023299
0.022332
0.021969
0.021878
0.022737
0.023827
0.022416
0.021974
0.021725
0.022236
0.021963
0.022595
0.021646
0.022263
0.023152
0.022107
0.022114
0.022140
0.021918
0.023708
0.024694
0.022062
0.022118
0.023525
0.024193
0.023726
0.023263
0.024639
0.022888
0.022191
0.022186
0.023676
0.021971
0.021938
0.022238
0.022055
0.022127
0.022026
0.023289
0.021714
0.022174
0.022275
0.022080
0.022168
0.023886
0.022032
0.022365
0.022070
0.022755
0.022115
0.022413
0.022866
0.021969
0.022150
0.022102
0.024076
0.022637
0.022610
0.023705
0.023992
0.023043
0.021884
0.022466
0.022103
0.022605
0.022301
0.021965
0.024005
0.030929
0.022693
0.022083
0.022381
0.022527
0.023186
0.023557
0.021912
0.021950
0.022380
0.023606
0.023187
0.023221
0.022190
0.023453
0.022130
0.021862
0.001717
0.022082
0.021577
0.022548
0.021855
0.021912
0.021936
0.021863
0.022257
0.022422
0.022514
0.022078
0.023737
0.022172
0.021941
0.022354
0.022220
0.022000
0.022348
0.023550
0.022604
0.022269
0.021787
0.022411
0.022207
0.022233
0.022030
0.021922
0.021882
0.022088
0.022596
0.022388
0.022007
0.022200
0.021982
0.022143
0.022070
0.001924
0.022110
0.022204
0.022188
0.022846
0.023542
0.022187
0.022384
0.022091
0.022449
0.022243
0.022719
0.022125
0.021802
0.022317
0.022491
0.021936
0.024089
0.022433
0.022160
0.021770
0.021887
0.022092
0.022279
0.021778
0.022502
0.022196
0.021735
0.023265
0.022654
0.001541
0.022766
0.023563
0.022164
0.023220
0.022365
0.022018
0.022410
0.022727
0.022109
0.022091
0.022006
0.022643
0.023000
0.024062
0.022248
0.022501
0.022413
0.023510
0.022391
0.022483
0.022969
0.022158
0.022545
0.022623
0.022468
0.021727
0.022203
0.024746
0.022139
0.022186
0.022179
0.022732
0.022515
0.023180
0.023392
0.021902
0.022258
0.022639
0.022205
0.022463
0.022781
0.022203
0.021993
0.021771
0.024322
0.023249
0.022672
0.022349
0.022059
0.022202
0.021776
0.022116
0.023950
0.024171
0.022346
0.021992
0.021656
0.021920
0.023808
0.023823
0.022253
0.022163
0.023851
0.024183
0.023221
0.022400
0.022227
0.022399
0.022050
0.023060
0.022466
0.022977
0.021711
0.022288
0.022713
0.022259
0.025326
0.001777
0.022870
0.022684
0.001852
0.024251
0.022138
0.022075
0.022273
0.027198
0.022612
0.022289
0.022805
0.024922
0.024067
0.022468
0.022016
0.022143
0.022224
0.022360
0.022089
0.022063
0.022339
0.022062
0.022150
0.022882
0.004733
0.022201
0.022247
0.022535
0.022392
0.021843
0.021835
0.022170
0.024299
0.023021
0.021844
0.022863
0.022729
0.022648
0.042941
0.027402
0.022603
0.024965
0.025583
0.023677
0.023548
0.022029
0.022391
0.022840
0.038154
0.026565
0.026158
0.022950
0.022441
0.022172
0.021886
0.022540
0.023295
0.023612
0.021858
0.022394
0.024208
0.022169
0.021843
0.022067
0.023066
0.022664
0.022775
0.022301
0.022425
0.021855
0.021690
0.022527
0.021947
0.022113
0.024509
0.023716
0.022313
0.023919
0.023315
0.021926
0.022317
0.022171
0.023734
0.022522
0.022178
0.021887
0.022716
0.025991
0.022582
0.024216
0.022657
0.022735
0.023999
0.024315
0.022194
0.022259
0.022515
0.022178
0.023565
0.023690
0.021791
0.022015
0.022234
0.022139
0.023184
0.022871
0.022696
0.021795
0.021764
0.041407
0.022160
0.002168
0.021968
0.022115
0.022164
0.059032
0.022205
0.023046
0.022599
0.022193
0.023018
0.022890
0.023279
0.022483
0.022089
0.022029
0.022289
0.022130
0.021975
0.022724
0.021964
0.023608
0.022923
0.023636
0.023305
0.022081
0.024253
0.022930
0.022109
0.023451
0.022102
0.024008
0.022484
0.022041
0.022024
0.022500
0.022056
0.022110
0.022987
0.022465
0.022138
0.023036
0.022885
0.022126
0.021958
0.022975
0.022935
0.022174
0.022223
0.021819
0.022109
0.021839
0.021946
0.022169
0.021936
0.022317
0.023794
0.023107
0.023642
0.023412
0.022079
0.021992
0.021875
0.021831
0.026638
0.023803
0.022291
0.022687
0.021993
0.022442
0.021892
0.023450
0.023014
0.022166
0.022027
0.022285
0.022137
0.024888
0.022773
0.023114
0.021995
0.022363
0.022426
0.022603
0.022275
0.024525
0.022514
0.022225
0.022216
0.021953
0.023543
0.023755
0.022302
0.023008
0.022801
0.035508
0.024740
0.024418
0.021819
0.024840
0.022610
0.024283
0.021819
0.024831
0.026953
0.022191
0.023279
0.023694
0.024068
0.024028
0.023206
0.022272
0.021851
0.022146
0.023201
0.022062
0.021968
0.021729
0.022088
0.022616
0.023710
0.022200
0.021864
0.022172
0.022206
0.022056
0.022152
0.022909
0.024105
0.022022
0.023285
0.021897
0.023393
0.021879
0.027520
0.022518
0.021793
0.022379
0.022115
0.022600
0.022482
0.023000
0.022335
0.021799
0.022206
0.022836
0.021733
0.022262
0.021900
0.022162
0.021948
0.023417
0.021968
0.022763
0.022085
0.022126
0.022094
0.022059
0.024228
0.024818
0.022552
0.021821
0.022303
0.022060
0.022511
0.022224
0.022490
0.022856
0.022075
0.023739
0.021957
0.021981
0.022708
0.022258
0.022025
0.022550
0.021877
0.022382
0.024238
0.023601
0.040787
0.027347
0.022471
0.022328
0.023562
0.022226
0.022238
0.021863
0.021642
0.022067
0.021884
0.022075
0.022346
0.022062
0.021947
0.021878
0.022007
0.022350
0.023641
0.024240
0.022258
0.021624
0.022309
0.022375
0.021816
0.022493
0.021761
0.021839
0.021765
0.022213
0.022863
0.022058
0.021729
0.022667
0.022711
0.023638
0.021938
0.024982
0.023729
0.022368
0.023196
0.021985
0.062017
0.021909
0.022026
0.022007
0.021831
0.022242
0.022101
0.021955
0.022547
0.022270
0.022212
0.022080
0.021810
0.022414
0.024080
0.021699
0.021881
0.021988
0.022030
0.022098
0.022455
0.023108
0.022713
0.021932
0.022070
0.022038
0.021977
0.024027
0.022325
0.022234
0.023693
0.022239
0.021996
0.022365
0.022947
0.021669
0.021739
0.022325
0.022153
0.022206
0.023713
0.022901
0.021722
0.024343
0.022050
0.021717
0.022287
0.024895
0.022786
0.023413
0.022092
0.022713
0.021991
0.022840
0.022160
0.022618
0.022133
0.021657
0.022141
0.022561
0.022081
0.022215
0.022344
0.022877
0.022180
0.023591
0.024180
0.022304
0.022014
0.022081
0.022271
0.021729
0.023609
0.021663
0.022308
0.022214
0.022762
0.023031
0.058993
0.022320
0.021738
0.022677
0.022362
0.022533
0.022613
0.022041
0.021847
0.022155
0.022953
0.021835
0.022124
0.022270
0.022268
0.022024
0.024382
0.021916
0.021947
0.022333
0.022129
0.021777
0.022129
0.021728
0.021880
0.022013
0.022029
0.021809
0.022296
0.021727
0.022587
0.023288
0.022149
0.021850
0.022067
0.022253
0.021977
0.021845
0.022028
0.022188
0.002484
0.022106
0.022174
0.002809
0.002492
0.021866
0.022435
0.022165
0.022050
0.022173
0.024639
0.022264
0.022017
0.022858
0.023468
0.023931
0.022220
0.024329
0.022180
0.021728
0.021992
0.022078
0.021764
0.022905
0.022560
0.022125
0.022421
0.023730
0.022362
0.022952
0.021943
0.022798
0.023671
0.022777
0.022128
0.022280
0.022079
0.022257
0.023739
0.021878
0.023681
0.022039
0.022279
0.021921
0.022225
0.022804
0.021978
0.022127
0.022049
0.022151
0.022262
0.022215
0.022193
0.001904
0.021846
0.022342
0.023649
0.023482
0.022448
0.021946
0.021892
0.001691
0.022853
0.023126
0.022950
0.022079
0.022187
0.021978
0.022208
0.025585
0.021998
0.021921
0.021769
0.022139
0.024866
0.022205
0.023294
0.022055
0.022360
0.021964
0.021882
0.021944
0.022446
0.022458
0.022872
0.022089
0.022270
0.022267
0.021913
0.022439
0.022073
0.021811
0.022037
0.021777
0.022683
0.022442
0.022305
0.022140
0.022046
0.022158
0.022295
0.022164
0.025898
0.021748
0.021912
0.022087
0.022982
0.022390
0.022128
0.021862
0.022006
0.021988
0.022213
0.021916
0.022187
0.023447
0.022073
0.023354
0.021844
0.022474
0.022118
0.001601
0.022125
0.022202
0.022340
0.022648
0.022237
0.022233
0.022218
0.021716
0.022557
0.022041
0.022179
0.022135
0.022660
0.021998
0.022094
0.021779
0.022382
0.022376
0.022127
0.021925
0.022646
0.021867
0.022002
0.022443
0.022332
0.021987
0.022120
0.022204
0.024794
0.025010
0.023092
0.022373
0.022096
0.021791
0.022623
0.022241
0.021815
0.022308
0.021895
0.023922
0.022111
0.021980
0.022176
0.022124
0.022390
0.022004
0.022357
0.023335
0.021786
0.021895
0.021732
0.021836
0.021815
0.021967
0.022129
0.022117
0.022412
0.021650
0.022619
0.021969
0.022185
0.022095
0.022033
0.022139
0.022018
0.022036
0.021858
0.021627
0.021944
0.021954
0.021773
0.021824
0.021811
0.021993
0.022343
0.021765
0.022448
0.022343
0.022406
0.021836
0.021719
0.021888
0.022105
0.022273
0.022150
0.021771
0.022430
0.021959
0.025079
0.022103
0.022352
0.022533
0.021887
0.022173
0.021697
0.022363
0.022189
0.021943
0.021795
0.021949
0.022178
0.023723
0.022189
0.022494
0.021789
0.022086
0.022146
0.023736
0.022234
0.021990
0.021944
0.022273
0.021962
0.022906
0.022193
0.021914
0.022406
0.022003
0.022003
0.022024
0.022681
0.021837
0.021778
0.022630
0.021761
0.021900
0.021707
0.022859
0.022294
0.021818
0.022048
0.022348
0.022351
0.021930
0.022086
0.021694
0.022100
0.021752
0.022452
0.024542
0.022169
0.022339
0.022552
0.021869
0.022146
0.022467
0.022003
0.021919
0.022248
0.022032
0.021715
0.023181
0.027885
0.022832
0.022457
0.022033
0.022805
0.022662
0.023016
0.021867
0.021950
0.022156
0.023132
0.023980
0.032118
0.021864
0.023940
0.023128
0.022109
0.022425
0.022177
0.022280
0.022446
0.022050
0.022471
0.022720
0.022882
0.021713
0.022197
0.022059
0.022179
0.022219
0.023012
0.022427
0.021871
0.021781
0.022019
0.022140
0.024181
0.022824
0.021751
0.022534
0.022194
0.022037
0.022416
0.022525
0.022184
0.021970
0.022876
0.022649
0.022647
0.022316
0.022169
0.022164
0.022143
0.021894
0.023597
0.001756
0.022125
0.022050
0.021965
0.022469
0.022143
0.022323
0.021819
0.022588
0.022320
0.022002
0.021970
0.022064
0.022306
0.021730
0.022453
0.022264
0.022273
0.022197
0.023340
0.023214
0.022253
0.022087
0.021795
0.022391
0.022191
0.021931
0.022300
0.022216
0.021729
0.021948
0.022577
0.022254
0.021909
0.022165
0.026797
0.023234
0.023054
0.022075
0.022086
0.022009
0.022081
0.021903
0.022290
0.022285
0.022156
0.021884
0.022335
0.022199
0.023246
0.022605
0.022137
0.021907
0.022185
0.022328
0.022151
0.022098
0.024040
0.022155
0.022122
0.021799
0.022054
0.022122
0.022435
0.022067
0.021812
0.021845
0.022100
0.022282
0.022890
0.021850
0.022333
0.022817
0.022010
0.024281
0.023353
0.022739
0.021688
0.022093
0.021833
0.022087
0.022538
0.022081
0.021964
0.022107
0.021840
0.022379
0.023723
0.022655
0.021829
0.021867
0.021988
0.024008
0.022642
0.022347
0.022092
0.002087
0.021748
0.022023
0.023749
0.021728
0.022095
0.022554
0.022129
0.021799
0.022188
0.022181
0.021905
0.022348
0.022656
0.022166
0.022372
0.022113
0.021941
0.021929
0.022046
0.022432
0.021939
0.022068
0.021984
0.022161
0.022184
0.022319
0.022006
0.025236
0.021854
0.022712
0.022018
0.022094
0.023391
0.022162
0.021952
0.022371
0.022005
0.021895
0.022521
0.023468
0.022068
0.022440
0.022379
0.021980
0.022069
0.023073
0.021830
0.022209
0.022226
0.022306
0.025073
0.022685
0.022912
0.022152
0.022008
0.021962
0.021953
0.022690
0.023806
0.021699
0.022123
0.022395
0.022269
0.022417
0.022126
0.022189
0.022047
0.022121
0.021731
0.022003
0.022220
0.024377
0.022342
0.022081
0.021811
0.023773
0.022505
0.021858
0.021936
0.022989
0.022190
0.021787
0.023405
0.022459
0.021945
0.022251
0.022275
0.022142
0.022654
0.022342
0.025957
0.023918
0.022489
0.021915
0.022609
0.022085
0.022208
0.022533
0.022258
0.022119
0.022277
0.023976
0.022085
0.022040
0.021893
0.021722
0.022492
0.022315
0.023218
0.022082
0.021745
0.021848
0.022127
0.022332
0.021696
0.022260
0.022690
0.022199
0.025218
0.022323
0.022010
0.022232
0.022256
0.022154
0.022335
0.022522
0.047107
0.022341
0.021799
0.022341
0.022599
0.022163
0.022169
0.021864
0.022455
0.022126
0.022350
0.022465
0.022952
0.023641
0.022392
0.022033
0.022654
0.021905
0.021984
0.022135
0.021821
0.022412
0.021951
0.022324
0.022038
0.021940
0.022831
0.022209
0.022017
0.022086
0.023204
0.022556
0.022404
0.022114
0.024098
0.023934
0.022290
0.022615
0.022206
0.021730
0.022006
0.021976
0.023005
0.021657
0.022763
0.022340
0.022106
0.022182
0.021812
0.021989
0.022440
0.024273
0.022074
0.022085
0.021764
0.021977
0.021918
0.023085
0.022264
0.022153
0.023970
0.022096
0.022079
0.021699
0.022696
0.022131
0.021936
0.022089
0.022049
0.021933
0.022799
0.022192
0.022479
0.021906
0.022171
0.021829
0.022215
0.022205
0.021886
0.021711
0.022132
0.022106
0.021769
0.022287
0.022997
0.024244
0.021885
0.021717
0.023026
0.023024
0.022473
0.021833
0.022082
0.022309
0.022160
0.022078
0.057371
0.023717
0.021912
0.023927
0.021931
0.023555
0.022033
0.022765
0.022148
0.022353
0.021984
0.022105
0.021819
0.022530
0.021980
0.022042
0.024290
0.021997
0.025049
0.021953
0.022189
0.023844
0.022177
0.022063
0.021763
0.024418
0.022601
0.021750
0.022083
0.021993
0.023038
0.022002
0.022292
0.022054
0.022160
0.022123
0.022441
0.021898
0.021875
0.021706
0.021838
0.022081
0.023707
0.022365
0.022082
0.022056
0.021755
0.021665
0.021874
0.023272
0.021682
0.021886
0.022659
0.021892
0.021806
0.022081
0.021872
0.021941
0.021713
0.022158
0.022049
0.021936
0.024266
0.021813
0.021971
0.022038
0.022057
0.022507
0.022135
0.021842
0.022264
0.022129
0.022530
0.023597
0.023549
0.022318
0.023770
0.022750
0.023294
0.022330
0.023203
0.022134
0.021932
0.022801
0.022060
0.022109
0.022718
0.021962
0.022253
0.022139
0.021860
0.022896
0.021673
0.021835
0.022361
0.022154
0.021806
0.023303
0.023203
0.021993
0.022901
0.022645
0.022237
0.022650
0.022178
0.021838
0.022326
0.022016
0.022016
0.022883
0.022242
0.021912
0.022036
0.021881
0.022117
0.022740
0.022557
0.024050
0.022016
0.022165
0.022213
0.022870
0.024348
0.022402
0.022590
0.022005
0.022217
0.022616
0.022699
0.022491
0.022104
0.022016
0.021813
0.022440
0.022419
0.024219
0.022620
0.023359
0.021802
0.023365
0.022000
0.024416
0.022168
0.022184
0.022808
0.021795
0.022213
0.021972
0.022527
0.022164
0.021989
0.022029
0.022232
0.022274
0.024968
0.023316
0.022188
0.023922
0.021932
0.022057
0.022140
0.022076
0.022151
0.022087
0.022067
0.022006
0.022108
0.022073
0.022183
0.021971
0.022210
0.022374
0.022201
0.022350
0.023822
0.023804
0.021922
0.022204
0.021975
0.022268
0.022351
0.021905
0.022044
0.023044
0.021970
0.022013
0.022289
0.024053
0.021850
0.021735
0.021731
0.021974
0.023012
0.021937
0.021870
0.021803
0.022263
0.022128
0.023162
0.022083
0.023314
0.022108
0.023176
0.022177
0.022025
0.021953
0.021682
0.021985
0.022271
0.022141
0.023688
0.022511
0.022262
0.022257
0.022083
0.021767
0.023183
0.022284
0.022417
0.022074
0.022571
0.022228
0.023062
0.023510
0.022013
0.022264
0.023028
0.021874
0.021935
0.022058
0.021914
0.022649
0.021788
0.021790
0.021929
0.022309
0.022359
0.021921
0.022172
0.021866
0.021890
0.022034
0.022211
0.023780
0.021862
0.021976
0.022029
0.022042
0.023050
0.021979
0.021892
0.022068
0.022133
0.021881
0.021949
0.023121
0.021846
0.022054
0.021752
0.021948
0.022390
0.022378
0.023026
0.023548
0.021938
0.021783
0.021916
0.027193
0.023037
0.022195
0.023230
0.022397
0.022033
0.021846
0.023125
0.023228
0.022713
0.023015
0.024541
0.022007
0.022350
0.022296
0.021910
0.021937
0.001806
0.022065
0.021886
0.021843
0.023257
0.021723
0.022632
0.022232
0.021870
0.021714
0.022301
0.022112
0.022766
0.021920
0.022141
0.022441
0.022203
0.022070
0.021981
0.022557
0.021994
0.022272
0.021902
0.021889
0.021833
0.022711
0.023162
0.022687
0.022107
0.021940
0.022256
0.021819
0.021922
0.021784
0.022329
0.022113
0.022470
0.022501
0.021882
0.022437
0.022101
0.022222
0.022280
0.022288
0.022045
0.021971
0.022078
0.022401
0.021999
0.022240
0.022096
0.021986
0.022720
0.022573
0.022356
0.022159
0.021952
0.022081
0.021988
0.021657
0.022039
0.022249
0.022108
0.021837
0.023069
0.022343
0.022349
0.022972
0.021923
0.021881
0.023227
0.022228
0.022228
0.022276
0.022527
0.021993
0.021723
0.022368
0.021844
0.021831
0.022228
0.022233
0.022379
0.021781
0.021974
0.022045
0.022105
0.022241
0.021867
0.022216
0.022684
0.022124
0.021892
0.022125
0.022098
0.022033
0.021895
0.022568
0.022142
0.022679
0.022091
0.022087
0.021940
0.022487
0.021892
0.022189
0.022032
0.021925
0.021994
0.023605
0.023624
0.023705
0.022043
0.022588
0.022531
0.023660
0.021782
0.021799
0.021815
0.021824
0.021897
0.021858
0.021897
0.022062
0.021926
0.022200
0.022013
0.023454
0.022359
0.021699
0.022257
0.024525
0.022549
0.022592
0.022117
0.024353
0.021996
0.024169
0.025161
0.021901
0.022349
0.021889
0.021952
0.021895
0.023511
0.022888
0.022123
0.021977
0.021920
0.022005
0.022186
0.022526
0.022678
0.021956
0.022443
0.022417
0.022130
0.022319
0.022406
0.021779
0.022235
0.022643
0.021858
0.021697
0.022201
0.022372
0.022192
0.022108
0.021924
0.022038
0.022149
0.021876
0.021944
0.021862
0.022242
0.022189
0.021653
0.022857
0.022114
0.022058
0.022062
0.023822
0.022743
0.023603
0.021949
0.021851
0.022140
0.022148
0.022097
0.025648
0.022600
0.022109
0.021885
0.022314
0.021799
0.024336
0.022162
0.022275
0.026804
0.027175
0.025398
0.025314
0.022628
0.022151
0.021937
0.024850
0.027116
0.022897
0.024198
0.021951
0.021890
0.022243
0.023613
0.022151
0.024689
0.024056
0.021914
0.021941
0.022115
0.022395
0.023076
0.022259
0.021875
0.022327
0.023023
0.023618
0.022480
0.022721
0.022165
0.022135
0.021816
0.022730
0.024846
0.024010
0.022170
0.022760
0.022341
0.022417
0.022159
0.022241
0.022710
0.022232
0.024168
0.022279
0.023492
0.022209
0.022411
0.022298
0.023842
0.022151
0.022948
0.022039
0.022237
0.022035
0.021693
0.022669
0.022535
0.038211
0.075716
0.075648
0.022211
0.022154
0.021937
0.021973
0.022206
0.022002
0.021701
0.021980
0.022451
0.022168
0.021984
0.022028
0.021734
0.021868
0.022027
0.021982
0.023256
0.022109
0.022095
0.022010
0.022031
0.022839
0.021897
0.021981
0.022266
0.022056
0.022829
0.021723
0.021860
0.024081
0.026105
0.022117
0.021925
0.021812
0.022253
0.022374
0.022003
0.021997
0.021964
0.022211
0.021914
0.021967
0.022576
0.022195
0.021771
0.021872
0.022391
0.021565
0.022133
0.022298
0.021901
0.021818
0.022080
0.022223
0.021838
0.022162
0.022212
0.022116
0.022041
0.022293
0.022155
0.022075
0.021853
0.022089
0.021831
0.022207
0.022681
0.021983
0.022629
0.022160
0.024026
0.022122
0.022652
0.022476
0.027318
0.021762
0.022188
0.022186
0.022053
0.022114
0.021867
0.022303
0.022059
0.021993
0.021909
0.022317
0.021998
0.021841
0.022255
0.021957
0.022284
0.022315
0.021858
0.021861
0.023099
0.022350
0.022515
0.021792
0.022490
0.022166
0.022023
0.021768
0.021782
0.022032
0.022171
0.022106
0.022166
0.022162
0.022285
0.021915
0.021829
0.022562
0.021818
0.021761
0.022355
0.023166
0.022058
0.022638
0.022122
0.023945
0.021995
0.022263
0.022135
0.022061
0.022031
0.022316
0.022156
0.022261
0.023516
0.022003
0.022273
0.021973
0.021926
0.021816
0.022257
0.022225
0.022398
0.022095
0.021809
0.021650
0.022058
0.023307
0.022791
0.022048
0.022096
0.021791
0.022439
0.022940
0.022091
0.021891
0.022131
0.022036
0.021928
0.022076
0.022290
0.022037
0.022287
0.023666
0.026185
0.021852
0.022410
0.022150
0.022051
0.022333
0.022133
0.022330
0.022469
0.023972
0.022564
0.021939
0.022363
0.022036
0.021965
0.021825
0.022052
0.022056
0.021983
0.021967
0.021690
0.022277
0.021999
0.022199
0.024241
0.022530
0.022583
0.022076
0.021841
0.022328
0.022580
0.025040
0.021920
0.021736
0.022422
0.022173
0.022753
0.022421
0.022210
0.021961
0.022010
0.022964
0.023809
0.022632
0.021862
0.022583
0.022041
0.022806
0.022552
0.024238
0.022266
0.021975
0.021948
0.022659
0.022433
0.022823
0.023029
0.022045
0.021843
0.022130
0.022936
0.022535
0.022109
0.022462
0.022557
0.032325
0.023226
0.043128
0.024767
0.022266
0.022067
0.022216
0.022699
0.023588
0.021964
0.021719
0.021894
0.023273
0.023211
0.021812
0.024955
0.022179
0.022839
0.021793
0.022517
0.023082
0.022126
0.022412
0.027201
0.022119
0.022256
0.023068
0.022216
0.021572
0.021864
0.022068
0.022005
0.022160
0.022080
0.022234
0.022286
0.022340
0.021854
0.022416
0.022091
0.021866
0.022412
0.022054
0.022224
0.022486
0.022474
0.021864
0.021964
0.021931
0.022103
0.022148
0.021965
0.022140
0.021719
0.022293
0.021992
0.039205
0.021870
0.022154
0.022068
0.022189
0.022006
0.022009
0.022000
0.022038
0.022535
0.022362
0.021944
0.022704
0.021953
0.021912
0.022002
0.022067
0.023210
0.022096
0.022546
0.021788
0.021948
0.022608
0.021988
0.022514
0.021961
0.021828
0.021909
0.022069
0.022279
0.024090
0.022077
0.023504
0.022372
0.022304
0.023804
0.022276
0.022002
0.022110
0.022142
0.022206
0.021960
0.023168
0.022134
0.021868
0.021922
0.021964
0.022044
0.021878
0.022248
0.023210
0.022364
0.022383
0.021793
0.022111
0.021797
0.021789
0.021927
0.022271
0.022056
0.022065
0.022208
0.022010
0.021654
0.022146
0.022288
0.060173
0.022017
0.022310
0.022480
0.022542
0.022069
0.022215
0.022776
0.022090
0.022601
0.022454
0.023584
