0.023364
0.022326
0.022242
0.022349
0.022957
0.022661
0.023889
0.022958
0.022326
0.023902
0.022774
0.023030
0.023169
0.022153
0.021990
0.022226
0.022235
0.021921
0.022865
0.023741
0.002024
0.022112
0.022175
0.022040
0.023000
0.022736
0.023130
0.021868
0.023776
0.022553
0.022682
0.022236
0.022133
0.022824
0.022471
0.023799
0.022345
0.022769
0.023003
0.021876
0.023017
0.022211
0.022706
0.022909
0.022443
0.022450
0.024053
0.023403
0.022438
0.022531
0.022341
0.022340
0.021887
0.023749
0.022575
0.021854
0.022214
0.022804
0.022532
0.023051
0.022027
0.022394
0.022763
0.022600
0.021775
0.022472
0.022540
0.021917
0.022015
0.022404
0.022056
0.022165
0.022602
0.025743
0.023398
0.021977
0.021931
0.022355
0.022162
0.022799
0.022241
0.022434
0.022257
0.022225
0.001853
0.025157
0.022592
0.022346
0.022471
0.024609
0.001983
0.022496
0.022360
0.022627
0.022900
0.022319
0.022884
0.022344
0.022501
0.021852
0.022758
0.022732
0.022974
0.022367
0.022269
0.021964
0.022223
0.021907
0.023806
0.022157
0.022324
0.022229
0.022260
0.022627
0.023785
0.022114
0.022215
0.022065
0.022604
0.022066
0.022011
0.021880
0.022499
0.022016
0.022070
0.023264
0.022328
0.022188
0.022676
0.022612
0.021937
0.022211
0.022648
0.022037
0.022232
0.022495
0.022650
0.023820
0.022061
0.022393
0.022529
0.022311
0.022275
0.022355
0.024353
0.021735
0.021944
0.022525
0.023181
0.023499
0.023161
0.022086
0.022359
0.024112
0.022336
0.022085
0.023355
0.024684
0.022372
0.022049
0.022661
0.022582
0.023404
0.022755
0.021828
0.023850
0.022537
0.022355
0.022153
0.002197
0.021920
0.022071
0.023500
0.023846
0.022372
0.001784
0.022506
0.023371
0.022212
0.022917
0.022917
0.023136
0.021970
0.022295
0.023136
0.022458
0.021827
0.022355
0.023397
0.023758
0.022199
0.027029
0.022137
0.025506
0.022844
0.022270
0.024486
0.022168
0.022166
0.022039
0.023052
0.022973
0.022204
0.022235
0.022348
0.022618
0.022405
0.023562
0.024337
0.022077
0.024845
0.022203
0.021995
0.023707
0.022833
0.022518
0.022131
0.023324
0.022357
0.022584
0.022811
0.022948
0.022702
0.021881
0.022704
0.024736
0.022622
0.022875
0.021833
0.022494
0.021884
0.022307
0.032272
0.022273
0.022410
0.022764
0.022837
0.022193
0.022593
0.021846
0.022074
0.022904
0.022344
0.023038
0.022413
0.022595
0.022997
0.022502
0.021914
0.022000
0.022543
0.021854
0.022324
0.022591
0.022937
0.023205
0.023076
0.021951
0.021929
0.024713
0.022381
0.022443
0.022451
0.022348
0.022846
0.021763
0.022120
0.024203
0.022508
0.022554
0.023203
0.024376
0.022216
0.027663
0.022886
0.022959
0.021838
0.022133
0.022592
0.023878
0.022753
0.022825
0.024568
0.023153
0.022038
0.022651
0.022107
0.023451
0.022425
0.022067
0.021892
0.024822
0.003849
0.025758
0.022324
0.024233
0.022437
0.023184
0.023141
0.024151
0.023619
0.022414
0.022128
0.023300
0.024351
0.022255
0.022276
0.022297
0.022053
0.003079
0.023485
0.022161
0.022093
0.023513
0.022494
0.023382
0.022753
0.023223
0.022472
0.022672
0.021867
0.022703
0.022354
0.022366
0.022129
0.023337
0.023312
0.022029
0.022119
0.022597
0.022212
0.022676
0.023029
0.022032
0.021943
0.021817
0.022057
0.022343
0.024092
0.024629
0.021996
0.022100
0.022228
0.024081
0.022124
0.022746
0.022410
0.022173
0.022108
0.022220
0.021953
0.022587
0.022457
0.022374
0.022260
0.022297
0.022545
0.022675
0.022678
0.023168
0.022428
0.023606
0.022935
0.022629
0.021939
0.022689
0.022593
0.022896
0.022612
0.023776
0.023938
0.023220
0.022255
0.022465
0.023845
0.023165
0.025362
0.022614
0.024181
0.023758
0.022335
0.022373
0.022122
0.022222
0.024505
0.022631
0.022307
0.023902
0.022007
0.021936
0.022137
0.023641
0.022540
0.023143
0.022225
0.022284
0.022552
0.022511
0.047091
0.022216
0.022579
0.022027
0.022078
0.022347
0.022345
0.022606
0.023278
0.024833
0.022535
0.021760
0.023634
0.022605
0.022366
0.022272
0.002496
0.022744
0.024876
0.022778
0.022206
0.022166
0.022759
0.022789
0.022791
0.022417
0.024838
0.022581
0.021733
0.023290
0.024138
0.022366
0.022171
0.023589
0.022636
0.021885
0.023977
0.022932
0.022091
0.022561
0.002236
0.023951
0.022827
0.022076
0.022762
0.022608
0.022970
0.022150
0.002881
0.026636
0.023818
0.022673
0.022643
0.023024
0.023554
0.021880
0.022464
0.021918
0.022033
0.023868
0.025543
0.022505
0.022299
0.021994
0.022094
0.023900
0.025845
0.021864
0.025045
0.025118
0.022052
0.023054
0.027676
0.022480
0.024273
0.022176
0.024974
0.024989
0.023468
0.022282
0.031530
0.045327
0.022146
0.022923
0.024266
0.022283
0.022088
0.021978
0.022425
0.023017
0.022762
0.022237
0.022699
0.022434
0.024248
0.022289
0.022194
0.022497
0.022564
0.024255
0.022661
0.022481
0.022939
0.022334
0.022255
0.023120
0.022157
0.023138
0.026217
0.022385
0.022232
0.022079
0.022138
0.022416
0.024351
0.022232
0.028909
0.022160
0.022311
0.024795
0.022939
0.022404
0.022599
0.022607
0.001933
0.022202
0.025268
0.023372
0.022382
0.021903
0.022540
0.025216
0.022264
0.022301
0.022571
0.022013
0.022020
0.022215
0.022347
0.022719
0.022342
0.022860
0.023536
0.022374
0.023288
0.021970
0.022227
0.024098
0.022811
0.021860
0.022519
0.022264
0.022418
0.022297
0.021803
0.022530
0.022244
0.024180
0.022270
0.021819
0.021893
0.022681
0.022637
0.022476
0.022047
0.022150
0.022274
0.022624
0.022502
0.022811
0.022420
0.022517
0.022392
0.023668
0.022487
0.021785
0.023360
0.022566
0.021934
0.022469
0.022357
0.022410
0.022656
0.023054
0.022844
0.021785
0.022594
0.022112
0.022065
0.021828
0.022004
0.022040
0.022697
0.022986
0.022916
0.021947
0.022373
0.021752
0.022835
0.024094
0.022125
0.021931
0.021902
0.022204
0.022090
0.021934
0.022297
0.027360
0.021983
0.022707
0.022861
0.021806
0.022430
0.021949
0.022031
0.022372
0.022785
0.022032
0.022791
0.024299
0.023899
0.022707
0.022117
0.022004
0.023557
0.022455
0.023907
0.022323
0.023588
0.022250
0.022281
0.022319
0.022193
0.022721
0.023005
0.024324
0.023602
0.026540
0.022820
0.022186
0.021986
0.022166
0.022270
0.022947
0.023581
0.024227
0.022273
0.023072
0.022426
0.022320
0.022155
0.021993
0.022266
0.021858
0.022897
0.021818
0.022085
0.021893
0.021855
0.022164
0.022098
0.023582
0.022379
0.002175
0.022058
0.022272
0.021827
0.022108
0.023134
0.024360
0.022511
0.022320
0.022100
0.022242
0.022592
0.022258
0.022374
0.023357
0.022064
0.024166
0.022366
0.022676
0.022490
0.023437
0.022284
0.022711
0.022152
0.022418
0.026391
0.024297
0.022025
0.022024
0.022106
0.022267
0.023085
0.024875
0.022164
0.022146
0.021900
0.021959
0.022470
0.022043
0.027328
0.022391
0.022142
0.022644
0.022239
0.064977
0.022470
0.022065
0.022098
0.022143
0.022159
0.021962
0.022569
0.022596
0.022306
0.022378
0.023494
0.023081
0.023562
0.023646
0.027010
0.036686
0.024099
0.023272
0.022491
0.022434
0.022203
0.022442
0.022896
0.023635
0.022340
0.022030
0.023630
0.022524
0.022186
0.022117
0.023256
0.022692
0.022119
0.022865
0.024626
0.022212
0.021931
0.023048
0.022222
0.022119
0.022648
0.022702
0.022325
0.022179
0.022411
0.022274
0.021735
0.022204
0.022435
0.022639
0.023058
0.022213
0.022666
0.021840
0.022305
0.023804
0.023586
0.022824
0.024046
0.022335
0.022478
0.021798
0.022420
0.025866
0.023117
0.023518
0.022416
0.022007
0.022660
0.022323
0.023028
0.031326
0.022332
0.022177
0.022794
0.022484
0.022795
0.022096
0.022256
0.025473
0.021930
0.022458
0.021926
0.022235
0.024591
0.023578
0.024315
0.022365
0.022222
0.023282
0.022465
0.022185
0.021951
0.022322
0.022863
0.022296
0.023023
0.023752
0.022267
0.023941
0.022649
0.022862
0.023381
0.022203
0.022210
0.047064
0.021964
0.022233
0.022071
0.021785
0.022981
0.022580
0.022266
0.021844
0.022294
0.022529
0.022525
0.022382
0.022254
0.022061
0.022689
0.022251
0.023666
0.022828
0.022771
0.022935
0.022188
0.022447
0.022700
0.021998
0.022272
0.024598
0.023750
0.022145
0.023255
0.024515
0.023029
0.022344
0.022236
0.022306
0.023139
0.022861
0.023197
0.021964
0.022268
0.022125
0.022129
0.022479
0.022160
0.022181
0.022161
0.021901
0.022037
0.022947
0.022343
0.021946
0.022558
0.022216
0.022379
0.022054
0.022014
0.022065
0.021888
0.022306
0.028049
0.024481
0.023397
0.021808
0.022030
0.021883
0.022138
0.022216
0.021801
0.022174
0.022203
0.022185
0.022126
0.022170
0.022300
0.023766
0.022716
0.024046
0.022133
0.022030
0.022400
0.022120
0.025891
0.021992
0.022262
0.022139
0.022819
0.022130
0.024319
0.022615
0.022222
0.021930
0.022398
0.022422
0.022439
0.021923
0.022725
0.022520
0.023016
0.022053
0.022682
0.022187
0.021916
0.021808
0.022515
0.022004
0.048193
0.022275
0.022920
0.023826
0.022354
0.022168
0.021933
0.022056
0.023747
0.023529
0.022667
0.023666
0.022537
0.022024
0.002576
0.022971
0.030033
0.021874
0.022306
0.021825
0.022224
0.001761
0.024149
0.022281
0.021954
0.022562
0.022717
0.022343
0.022558
0.021927
0.022145
0.023332
0.021918
0.025193
0.024294
0.022085
0.022211
0.022111
0.021974
0.022023
0.022693
0.022773
0.023005
0.023061
0.022361
0.021798
0.021929
0.022994
0.022242
0.021926
0.022112
0.022182
0.023252
0.025244
0.023125
0.022261
0.022657
0.022247
0.021961
0.022304
0.022299
0.022494
0.022200
0.022419
0.022987
0.022747
0.023576
0.023222
0.002242
0.021780
0.023219
0.024142
0.024513
0.022262
0.021936
0.022528
0.022126
0.021901
0.022250
0.022036
0.022624
0.047488
0.022344
0.022381
0.022668
0.021901
0.021933
0.021774
0.022529
0.021974
0.022681
0.022237
0.022323
0.022573
0.022906
0.022204
0.059370
0.024324
0.022147
0.021904
0.022343
0.022714
0.021913
0.022196
0.022630
0.022615
0.022171
0.022326
0.023143
0.022440
0.022805
0.022033
0.023176
0.022548
0.022737
0.023220
0.023769
0.022174
0.022332
0.022421
0.022612
0.022406
0.022567
0.022321
0.022116
0.022211
0.022399
0.021863
0.029218
0.021912
0.001779
0.022143
0.001950
0.022273
0.022253
0.022281
0.022081
0.024378
0.022648
0.022205
0.022063
0.022071
0.022046
0.021954
0.022645
0.022449
0.021842
0.022281
0.022456
0.022671
0.022776
0.023862
0.022417
0.022049
0.021815
0.022224
0.022367
0.022199
0.022350
0.022153
0.022116
0.022425
0.022484
0.022194
0.021924
0.022125
0.021947
0.021927
0.022538
0.022363
0.022069
0.021838
0.022297
0.022989
0.022130
0.025429
0.022162
0.022015
0.022626
0.022138
0.022761
0.022341
0.022341
0.022160
0.022198
0.021868
0.021889
0.022318
0.022267
0.022125
0.022307
0.021924
0.022409
0.022193
0.023246
0.024225
0.021832
0.022510
0.022466
0.021879
0.021872
0.022392
0.022157
0.021923
0.022027
0.022517
0.024543
0.022119
0.022840
0.022457
0.022388
0.021766
0.022592
0.022356
0.022749
0.022479
0.022839
0.022447
0.022467
0.022487
0.022515
0.022262
0.021838
0.022057
0.022402
0.022280
0.024242
0.022216
0.022341
0.022684
0.023541
0.022217
0.022567
0.021978
0.022888
0.022498
0.022103
0.021959
0.022875
0.022975
0.024541
0.024401
0.022045
0.022305
0.023539
0.022517
0.022111
0.022240
0.022135
0.022011
0.022188
0.022477
0.022472
0.022215
0.024109
0.021774
0.021908
0.024848
0.023419
0.022591
0.022380
0.022469
0.022094
0.021835
0.022245
0.022024
0.022540
0.022351
0.022588
0.022403
0.022840
0.022869
0.022226
0.022611
0.022136
0.021914
0.023858
0.023928
0.022888
0.022617
0.022308
0.022471
0.022187
0.022845
0.023061
0.023362
0.023132
0.022733
0.022385
0.022378
0.022540
0.023440
0.022211
0.022784
0.022535
0.023574
0.022512
0.022120
0.023299
0.022425
0.023306
0.022366
0.022285
0.022024
0.022184
0.021874
0.022207
0.022962
0.022098
0.024392
0.022490
0.021831
0.021962
0.022332
0.022668
0.022168
0.023031
0.023339
0.022600
0.022086
0.022300
0.022131
0.022258
0.022236
0.023223
0.022751
0.021951
0.021877
0.022203
0.022172
0.023996
0.022960
0.022100
0.022339
0.022146
0.022200
0.022257
0.022318
0.023411
0.022133
0.022039
0.022564
0.022506
0.022296
0.022643
0.022382
0.024081
0.022657
0.022466
0.021961
0.022447
0.022486
0.022712
0.022080
0.021696
0.022244
0.022230
0.022234
0.022323
0.021836
0.023109
0.022188
0.024295
0.022202
0.022008
0.022787
0.022453
0.021942
0.022855
0.024453
0.023007
0.023150
0.021987
0.021952
0.022167
0.024842
0.021942
0.022191
0.022222
0.023214
0.022166
0.022162
0.022173
0.022103
0.022124
0.022232
0.022003
0.022164
0.022975
0.022130
0.022078
0.022046
0.022117
0.022171
0.021911
0.022000
0.024107
0.023054
0.022274
0.022515
0.022162
0.022034
0.022886
0.022398
0.022360
0.023726
0.022424
0.024526
0.022573
0.022279
0.023263
0.022114
0.022335
0.022271
0.022223
0.022994
0.022295
0.022789
0.022135
0.024190
0.023003
0.022704
0.022650
0.022191
0.060534
0.022369
0.023300
0.021951
0.022166
0.022388
0.026889
0.022366
0.022209
0.022924
0.022092
0.024784
0.022904
0.022180
0.022314
0.022179
0.022375
0.022852
0.024192
0.022896
0.022152
0.022131
0.023657
0.022098
0.023007
0.022360
0.022402
0.022127
0.022296
0.024005
0.024299
0.022508
0.022204
0.022417
0.022087
0.022301
0.021805
0.023764
0.022166
0.022108
0.021926
0.022332
0.022367
0.022427
0.021897
0.023938
0.022521
0.022670
0.023191
0.022773
0.022668
0.022374
0.022598
0.021934
0.022256
0.021943
0.022273
0.022334
0.022327
0.023346
0.022224
0.022684
0.022515
0.022223
0.022226
0.022259
0.022508
0.021827
0.021865
0.021748
0.022401
0.021924
0.022359
0.024006
0.022259
0.021976
0.022198
0.022346
0.022547
0.022256
0.021830
0.021852
0.022215
0.022340
0.022429
0.022386
0.023495
0.002146
0.022401
0.031065
0.022660
0.022507
0.022974
0.022174
0.022644
0.022989
0.022338
0.022148
0.022016
0.022080
0.022908
0.021898
0.022450
0.022381
0.022879
0.022801
0.022266
0.022270
0.022139
0.023733
0.022460
0.022878
0.022783
0.022197
0.021913
0.022145
0.022210
0.022413
0.022561
0.021905
0.022007
0.022077
0.022325
0.024203
0.022230
0.022416
0.022140
0.022622
0.022090
0.022366
0.022610
0.022327
0.022390
0.022552
0.022285
0.024334
0.022195
0.022681
0.021999
0.022489
0.021860
0.022610
0.022348
0.023696
0.022411
0.022357
0.022220
0.021939
0.023086
0.021885
0.022594
0.023365
0.022151
0.022182
0.021944
0.022222
0.023747
0.021893
0.021889
0.022287
0.022187
0.024213
0.022540
0.022289
0.022274
0.022320
0.022486
0.022277
0.022525
0.022387
0.022619
0.022007
0.021961
0.022302
0.022331
0.022265
0.022231
0.022405
0.021928
0.022056
0.021890
0.023875
0.023066
0.022378
0.021903
0.022067
0.021906
0.022006
0.022050
0.022157
0.022021
0.022316
0.022092
0.022251
0.022187
0.023968
0.022882
0.021779
0.022291
0.022094
0.023679
0.022434
0.022286
0.021978
0.022292
0.021800
0.021956
0.023365
0.021998
0.022327
0.022139
0.022249
0.022189
0.022541
0.022821
0.022400
0.022259
0.022535
0.022630
0.022385
0.022085
0.021804
0.022288
0.021967
0.023166
0.022204
0.023058
0.022258
0.022227
0.022210
0.022399
0.022358
0.024337
0.022177
0.022164
0.023404
0.022321
0.023078
0.022478
0.021740
0.022223
0.023783
0.022230
0.022173
0.024525
0.021986
0.024217
0.022945
0.023084
0.022455
0.022495
0.022229
0.022252
0.022238
0.022408
0.022102
0.023011
0.024147
0.021965
0.022218
0.022203
0.023062
0.022088
0.022397
0.022222
0.022801
0.022140
0.022782
0.022288
0.022079
0.022341
0.022409
0.021752
0.021864
0.022429
0.023210
0.023043
0.023734
0.022244
0.022229
0.022125
0.022240
0.022055
0.022398
0.022395
0.022199
0.022108
0.022119
0.021846
0.021754
0.022241
0.022053
0.024611
0.022020
0.022239
0.022132
0.022151
0.021903
0.022422
0.022725
0.022444
0.023815
0.022715
0.022313
0.022850
0.022831
0.023751
0.023041
0.022656
0.022355
0.023199
0.024056
0.023016
0.022475
0.022020
0.022232
0.022164
0.024450
0.022251
0.022369
0.022349
0.022218
0.022636
0.025265
0.022198
0.021996
0.022090
0.022318
0.003522
0.022616
0.025406
0.022503
0.022413
0.022295
0.022288
0.022429
0.025923
0.021773
0.022045
0.022713
0.022306
0.022076
0.022746
0.022243
0.021726
0.022109
0.023269
0.021934
0.022233
0.022234
0.022220
0.022189
0.022139
0.022077
0.022309
0.022354
0.022157
0.022219
0.022174
0.021775
0.021726
0.022088
0.022090
0.022241
0.022191
0.022238
0.023064
0.022096
0.022681
0.022969
0.022249
0.022347
0.021841
0.023199
0.023451
0.022311
0.021871
0.021966
0.022219
0.022610
0.023539
0.025865
0.023229
0.022413
0.022154
0.022281
0.021980
0.022089
0.022516
0.022083
0.022184
0.022105
0.022558
0.022890
0.023944
0.022160
0.022155
0.022197
0.023216
0.022034
0.026021
0.022264
0.022797
0.022162
0.022319
0.022924
0.022286
0.022546
0.022029
0.022432
0.022332
0.023609
0.001977
0.021944
0.022598
0.022191
0.023925
0.022022
0.023084
0.022520
0.022299
0.023039
0.022140
0.022341
0.022218
0.022134
0.022162
0.021703
0.021733
0.022197
0.021810
0.022491
0.022219
0.021812
0.022058
0.022142
0.023359
0.022238
0.022274
0.022174
0.021710
0.022638
0.022840
0.023704
0.022077
0.022163
0.022045
0.022643
0.022292
0.022242
0.022297
0.024758
0.023180
0.021991
0.022329
0.022148
0.022403
0.022796
0.022073
0.022204
0.022474
0.022188
0.022454
0.022200
0.022768
0.023458
0.022750
0.022513
0.022644
0.022569
0.022306
0.022436
0.022298
0.022240
0.022286
0.021970
0.024933
0.024040
0.022305
0.022222
0.022820
0.022250
0.022244
0.022258
0.022146
0.023227
0.022080
0.022210
0.022087
0.022203
0.022916
0.022594
0.022060
0.022667
0.022403
0.022389
0.021856
0.022239
0.022200
0.022020
0.022164
0.022382
0.022055
0.022459
0.022010
0.022157
0.022147
0.022258
0.022698
0.022079
0.022339
0.022008
0.025519
0.022102
0.022368
0.022417
0.022712
0.021918
0.021820
0.022234
0.022186
0.022238
0.021836
0.022440
0.023182
0.022444
0.022333
0.022431
0.022259
0.023098
0.023402
0.022379
0.022564
0.022449
0.022453
0.024018
0.022364
0.022610
0.022191
0.022832
0.022639
0.022225
0.022466
0.022175
0.022607
0.022227
0.023270
0.022258
0.024216
0.022271
0.021913
0.022298
0.021818
0.022996
0.022248
0.022641
0.022442
0.022143
0.022395
0.022300
0.022239
0.022364
0.022447
0.022114
0.022242
0.021835
0.022171
0.022387
0.021912
0.022386
0.022726
0.023555
0.022922
0.022512
0.022057
0.023791
0.022447
0.022160
0.024030
0.022676
0.022311
0.021903
0.023231
0.027493
0.022262
0.021912
0.022189
0.001765
0.023304
0.021715
0.022095
0.022296
0.024292
0.022110
0.022569
0.022326
0.022410
0.021947
0.022436
0.029607
0.023310
0.022969
0.022217
0.022836
0.023512
0.023307
0.022978
0.022135
0.022286
0.022350
0.022671
0.023223
0.021941
0.022092
0.022220
0.022117
0.023613
0.023395
0.023024
0.022253
0.022600
0.021860
0.022588
0.022386
0.022564
0.021771
0.022587
0.021876
0.021814
0.023002
0.022326
0.021862
0.021936
0.022509
0.022458
0.022473
0.021914
0.022207
0.021948
0.022216
0.022401
0.022150
0.022529
0.026114
0.021978
0.021819
0.022188
0.022143
0.023745
0.022482
0.022286
0.022541
0.022242
0.022175
0.022439
0.022266
0.023862
0.022163
0.022208
0.022171
0.022318
0.022442
0.022395
0.021977
0.022866
0.022262
0.022412
0.021723
0.022828
0.022027
0.023096
0.022370
0.022279
0.022537
0.053998
0.022677
0.022270
0.024607
0.022215
0.027435
0.022031
0.025086
0.023762
0.022122
0.022657
0.022533
0.022375
0.022568
0.022218
0.022263
0.021863
0.022338
0.023587
0.022627
0.022470
0.022388
0.022960
0.022589
0.022783
0.022224
0.022465
0.022172
0.022267
0.022646
0.022281
0.022375
0.021992
0.021870
0.022161
0.022386
0.023028
0.022396
0.022087
0.022231
0.022216
0.022282
0.022502
0.022846
0.022454
0.022047
0.022227
0.023957
0.024827
0.022834
0.022286
0.023254
0.022348
0.022553
0.022184
0.097958
0.153576
0.150615
0.087094
0.022297
0.022332
0.023271
0.022299
0.022948
0.022603
0.022143
0.022457
0.024418
0.022070
0.023955
0.021941
0.022604
0.023217
0.021848
0.023335
0.023108
0.022082
0.023002
0.022877
0.023020
0.022688
0.023113
0.022203
0.022691
0.022461
0.022457
0.022608
0.022462
0.022517
0.021852
0.022011
0.022546
0.022126
0.023131
0.022720
0.021887
0.022524
0.022256
0.022604
0.022443
0.022589
0.023606
0.022807
0.058040
0.021984
0.023148
0.022307
0.022544
0.022179
0.022531
0.022386
0.022269
0.022033
0.022134
0.022069
0.022344
0.022229
0.022190
0.022284
0.022696
0.022302
0.022690
0.022225
0.022872
0.023042
0.022422
0.022579
0.022811
0.022565
0.022539
0.022817
0.022278
0.022726
0.023108
0.021847
0.022218
0.022078
0.022730
0.022071
0.022278
0.024245
0.022458
0.022635
0.023882
0.025973
0.022429
0.021914
0.021903
0.022206
0.021920
0.022691
0.022498
0.022192
0.022200
0.022340
0.022424
0.022293
0.022309
0.022253
0.022265
0.021951
0.022624
0.022341
0.022633
0.022320
0.022283
0.022208
0.022088
0.022074
0.022003
0.022273
0.021693
0.023133
0.023987
0.022819
0.022040
0.022417
0.022331
0.022096
0.022116
0.022236
0.022285
0.022257
0.021953
0.022147
0.021907
0.022938
0.022240
0.022225
0.022218
0.022925
0.022665
0.022058
0.022200
0.022234
0.022188
0.022792
0.022115
0.022178
0.022685
0.022530
0.022077
0.023283
0.022085
0.022153
0.022337
0.025000
0.023607
0.022095
0.021884
0.022100
0.022579
0.022076
0.022980
0.022016
0.021792
0.022088
0.023985
0.021980
0.022779
0.022371
0.022432
0.022149
0.023693
0.022274
0.022838
0.021756
0.022152
0.022334
0.022225
0.022427
0.022254
0.022266
0.069390
0.023972
0.022380
0.023356
0.025346
0.022319
0.022719
0.022098
0.021709
0.021883
0.021920
0.022231
0.022767
0.022285
0.022225
0.021998
0.022090
0.022264
0.022372
0.022695
0.022096
0.021967
0.022158
0.022501
0.022453
0.022200
0.027891
0.022667
0.022219
0.022289
0.021962
0.022766
0.022279
0.021926
0.022605
0.022216
0.022048
0.021853
0.022039
0.022746
0.022371
0.021824
0.021819
0.022685
0.022413
0.022220
0.022003
0.022661
0.027855
0.031681
0.038497
0.039249
0.022605
0.023384
0.021893
0.023363
0.021885
0.024403
0.023215
0.022566
0.022420
0.022212
0.023114
0.022121
0.022328
0.022315
0.022229
0.022765
0.022667
0.029350
0.022608
0.022424
0.024337
0.022376
0.022561
0.022707
0.022395
0.022825
0.022278
0.022359
0.022572
0.022227
0.021829
0.021878
0.022324
0.022529
0.021996
0.022349
0.022287
0.022103
0.023001
0.022099
0.022222
0.023672
0.024037
0.022609
0.022296
0.021879
0.021891
0.024918
0.022385
0.022410
0.022365
0.022241
0.022473
0.022294
0.022065
0.022320
0.021698
0.023389
0.022701
0.022530
0.001793
0.021943
0.021870
0.023148
0.022367
0.022560
0.022232
0.022263
0.022211
0.022147
0.022448
0.022676
0.022488
0.021852
0.047096
0.022487
0.023012
0.023183
0.021826
0.022199
0.022319
0.022669
0.021934
0.022622
0.022266
0.022209
0.022512
0.023218
0.022189
0.022945
0.021748
0.022156
0.022305
0.022684
0.021829
0.024280
0.023536
0.022196
0.023641
0.022225
0.022245
0.021913
0.022375
0.021796
0.022177
0.021763
0.022340
0.023488
0.022226
0.022466
0.022303
0.022324
0.022705
0.022768
0.022408
0.021983
0.022338
0.021803
0.023022
0.023247
0.022366
0.021937
0.022215
0.021987
0.022298
0.022005
0.022298
0.022407
0.022750
0.023131
