0.022789
0.022134
0.022047
0.022488
0.021670
0.022200
0.022641
0.021933
0.021888
0.023703
0.022575
0.022121
0.023223
0.024200
0.022499
0.022060
0.021691
0.021930
0.022719
0.023109
0.022045
0.021882
0.022135
0.022602
0.022010
0.022279
0.022056
0.021763
0.022678
0.022520
0.022698
0.022136
0.024008
0.024047
0.021894
0.022072
0.024461
0.022147
0.021832
0.022207
0.022278
0.024120
0.021931
0.022338
0.022785
0.022629
0.022151
0.022740
0.023403
0.022161
0.022406
0.022690
0.022078
0.022090
0.022089
0.022370
0.022194
0.022188
0.021872
0.022320
0.022472
0.022270
0.022032
0.025481
0.023347
0.023289
0.022180
0.021993
0.022088
0.022109
0.021953
0.021921
0.023852
0.022062
0.023325
0.022564
0.022564
0.022188
0.022347
0.025343
0.021949
0.021889
0.021977
0.021949
0.022184
0.022037
0.021724
0.021752
0.021906
0.022233
0.021858
0.023184
0.022526
0.023109
0.022645
0.022301
0.022157
0.022345
0.022108
0.024653
0.022709
0.022083
0.022105
0.021941
0.022088
0.021701
0.022411
0.022091
0.022884
0.023643
0.022296
0.022039
0.021868
0.058422
0.022219
0.027504
0.022184
0.021947
0.021802
0.024796
0.022484
0.022101
0.022215
0.022188
0.022328
0.025527
0.022151
0.022404
0.022090
0.022199
0.022281
0.022372
0.021811
0.022348
0.022437
0.021857
0.022608
0.022237
0.021952
0.022034
0.022160
0.022089
0.022228
0.023176
0.022011
0.022828
0.021920
0.023128
0.023836
0.022046
0.022736
0.022682
0.021949
0.022219
0.022695
0.022048
0.021993
0.022509
0.024115
0.022583
0.022089
0.021893
0.022397
0.022493
0.022197
0.022311
0.021873
0.022602
0.025123
0.022441
0.022173
0.021565
0.021794
0.022998
0.022099
0.022213
0.022970
0.023186
0.022716
0.024308
0.021892
0.022353
0.022359
0.022852
0.022597
0.022120
0.022107
0.024383
0.021991
0.022691
0.022765
0.022636
0.024444
0.023650
0.023316
0.022199
0.023213
0.023014
0.036846
0.023583
0.022855
0.022209
0.022195
0.022171
0.022024
0.021976
0.022084
0.021933
0.022471
0.022217
0.023680
0.022551
0.021934
0.022499
0.021975
0.021746
0.021846
0.021976
0.022147
0.025756
0.023015
0.022805
0.022185
0.022778
0.022089
0.022578
0.023407
0.021764
0.021929
0.021778
0.022013
0.021992
0.021860
0.021987
0.021753
0.022190
0.023878
0.024281
0.022405
0.022057
0.022384
0.022154
0.023751
0.023211
0.023327
0.022741
0.022610
0.022505
0.022661
0.023638
0.022436
0.063848
0.022862
0.022040
0.022710
0.023067
0.022555
0.022905
0.022750
0.022858
0.022582
0.024580
0.021827
0.022474
0.021950
0.022033
0.022711
0.023410
0.021999
0.022723
0.022011
0.023644
0.022463
0.023479
0.022752
0.024058
0.022486
0.022690
0.022577
0.022586
0.021954
0.022234
0.022861
0.022383
0.023070
0.021950
0.023572
0.023841
0.023091
0.022372
0.022223
0.022204
0.026561
0.022106
0.022468
0.021848
0.023283
0.022425
0.022465
0.021953
0.022014
0.023275
0.022216
0.001745
0.021925
0.021937
0.024186
0.021852
0.022012
0.022118
0.001558
0.023498
0.022041
0.021976
0.022413
0.023712
0.022106
0.022493
0.024096
0.021918
0.022437
0.022361
0.023591
0.021822
0.021928
0.022005
0.026354
0.021827
0.022176
0.021758
0.022023
0.067145
0.021913
0.021822
0.022078
0.021937
0.021942
0.022012
0.022188
0.022653
0.022142
0.021832
0.022227
0.022589
0.021867
0.022052
0.022079
0.021917
0.022051
0.023047
0.023369
0.023240
0.021828
0.022402
0.022101
0.022046
0.023001
0.022354
0.022273
0.022064
0.022098
0.023941
0.025081
0.022503
0.022136
0.022216
0.021967
0.022106
0.023033
0.025986
0.022635
0.022496
0.022985
0.024495
0.022828
0.022648
0.022672
0.021991
0.022264
0.022282
0.022753
0.022944
0.021938
0.021934
0.022371
0.021964
0.023664
0.022759
0.022583
0.022491
0.021765
0.022743
0.022598
0.022188
0.022063
0.022153
0.022083
0.021799
0.026287
0.023692
0.022482
0.022264
0.022375
0.022533
0.022117
0.022101
0.022014
0.022085
0.021812
0.023387
0.022214
0.022172
0.023001
0.022984
0.021824
0.021969
0.022099
0.023506
0.021911
0.021952
0.021956
0.022140
0.022459
0.022121
0.022815
0.022765
0.021788
0.022047
0.022124
0.022101
0.022727
0.022640
0.022568
0.022231
0.022139
0.022376
0.023527
0.022855
0.021971
0.021785
0.001814
0.022153
0.025410
0.022323
0.024489
0.023304
0.024307
0.022145
0.023333
0.022297
0.021935
0.022687
0.022197
0.022204
0.022489
0.022026
0.022076
0.023834
0.023559
0.022686
0.022177
0.022037
0.022484
0.022345
0.022172
0.022296
0.022157
0.023188
0.040960
0.023032
0.023571
0.023327
0.022710
0.021992
0.021784
0.023991
0.023596
0.024138
0.046164
0.039157
0.022134
0.022145
0.025679
0.022173
0.022366
0.021979
0.024648
0.024960
0.022999
0.021774
0.022001
0.022754
0.022397
0.021804
0.022092
0.021962
0.022222
0.023787
0.023125
0.022161
0.022742
0.022301
0.022013
0.021849
0.021953
0.022487
0.021835
0.022041
0.022276
0.022657
0.022208
0.022137
0.022232
0.022100
0.022188
0.021771
0.022150
0.023094
0.022058
0.022269
0.021956
0.022001
0.021699
0.022054
0.023531
0.022855
0.022699
0.022732
0.022774
0.022223
0.023965
0.022138
0.022373
0.022119
0.022401
0.022583
0.023259
0.021987
0.022392
0.022119
0.023611
0.022064
0.021838
0.022203
0.021884
0.022381
0.022218
0.024525
0.023941
0.021887
0.125284
0.021806
0.023317
0.024103
0.021746
0.021792
0.022883
0.021524
0.022154
0.022762
0.022158
0.022047
0.022691
0.022067
0.021690
0.025288
0.023704
0.022269
0.023351
0.021982
0.022378
0.023791
0.022596
0.021671
0.022310
0.022502
0.022319
0.022192
0.022349
0.021951
0.022975
0.022217
0.023984
0.021667
0.022072
0.021830
0.023381
0.021901
0.022179
0.046711
0.024409
0.023285
0.021974
0.022211
0.021890
0.021977
0.022551
0.024106
0.022528
0.022044
0.024211
0.022664
0.021606
0.021918
0.022560
0.026162
0.022525
0.022359
0.021847
0.021764
0.022079
0.022069
0.022985
0.022214
0.022376
0.021802
0.024202
0.022682
0.023001
0.021971
0.024370
0.022100
0.023509
0.022629
0.022845
0.022037
0.023380
0.023828
0.022650
0.023970
0.022670
0.022495
0.022925
0.022639
0.021974
0.025465
0.023921
0.022300
0.021988
0.022070
0.023379
0.022995
0.022113
0.022610
0.022841
0.021985
0.021755
0.022611
0.021940
0.022032
0.023868
0.023436
0.022203
0.023594
0.021741
0.021577
0.022629
0.024217
0.021887
0.022263
0.022261
0.022154
0.021985
0.022099
0.021893
0.021684
0.022210
0.022049
0.022354
0.022044
0.021756
0.021679
0.022358
0.022068
0.022484
0.022775
0.022359
0.021876
0.024182
0.023636
0.022337
0.023121
0.022041
0.024443
0.021962
0.022676
0.023932
0.021646
0.024124
0.022156
0.022088
0.022147
0.022982
0.022039
0.021847
0.022017
0.023543
0.021706
0.021844
0.022566
0.024325
0.021966
0.022412
0.022285
0.022613
0.024026
0.024537
0.022191
0.022056
0.021964
0.022127
0.021812
0.022941
0.024858
0.022426
0.022265
0.022213
0.021771
0.022202
0.024539
0.038516
0.039369
0.023190
0.021983
0.023080
0.022906
0.032141
0.023990
0.023246
0.022272
0.022871
0.001975
0.021947
0.022309
0.022432
0.021855
0.022057
0.022814
0.022621
0.022427
0.021944
0.021851
0.022283
0.023346
0.022681
0.022020
0.022138
0.022053
0.021884
0.021845
0.027552
0.024175
0.022186
0.021939
0.022177
0.021712
0.022395
0.022999
0.021952
0.022150
0.022092
0.022109
0.022058
0.022252
0.021975
0.022109
0.022048
0.022679
0.021878
0.023190
0.022797
0.023167
0.024799
0.022313
0.022130
0.023091
0.023566
0.022307
0.021639
0.024265
0.021856
0.022437
0.022459
0.022074
0.022340
0.022279
0.022111
0.022398
0.022476
0.023408
0.023582
0.022096
0.021738
0.022081
0.022321
0.021895
0.022154
0.021749
0.021947
0.022023
0.021947
0.022336
0.023376
0.023526
0.021810
0.021721
0.021697
0.022185
0.021603
0.021893
0.021870
0.022002
0.021860
0.022275
0.023282
0.021889
0.021906
0.022166
0.021868
0.022105
0.021903
0.022226
0.023936
0.022799
0.022261
0.023290
0.022426
0.022708
0.022989
0.021813
0.022009
0.022234
0.021756
0.022222
0.022092
0.023476
0.022630
0.022220
0.021570
0.022100
0.022347
0.022386
0.022063
0.021661
0.021703
0.022065
0.022865
0.022170
0.021926
0.021902
0.021964
0.022052
0.021967
0.023078
0.022066
0.021783
0.022494
0.022381
0.022214
0.024094
0.021932
0.021988
0.021903
0.022133
0.021979
0.022450
0.022327
0.021893
0.021833
0.021945
0.021713
0.021890
0.022794
0.021798
0.022072
0.021961
0.022220
0.022022
0.021959
0.022207
0.022052
0.022064
0.022522
0.022426
0.021913
0.021767
0.021792
0.022294
0.024022
0.022104
0.021768
0.022565
0.022266
0.021898
0.022455
0.022744
0.022674
0.022859
0.021952
0.022852
0.021876
0.022505
0.022463
0.022337
0.021970
0.021877
0.021644
0.022253
0.023496
0.021767
0.021847
0.021884
0.022365
0.022728
0.025280
0.022304
0.021877
0.024046
0.024722
0.022100
0.021872
0.021912
0.022181
0.022084
0.022016
0.021814
0.021771
0.022278
0.023308
0.022378
0.022262
0.021901
0.023239
0.021959
0.022120
0.022093
0.022630
0.022079
0.022084
0.021899
0.021689
0.022094
0.022087
0.022071
0.022184
0.021619
0.021952
0.022478
0.022329
0.022152
0.023170
0.022116
0.023156
0.022098
0.024057
0.023629
0.022843
0.029641
0.021922
0.022171
0.021672
0.021894
0.023355
0.023504
0.024232
0.022258
0.022008
0.022098
0.022752
0.022450
0.022240
0.023152
0.021830
0.023202
0.022023
0.022636
0.024673
0.021902
0.021930
0.021794
0.021985
0.022047
0.023365
0.025631
0.023794
0.022359
0.022690
0.022212
0.022368
0.022420
0.022462
0.022129
0.023436
0.022842
0.022073
0.022087
0.021638
0.022117
0.022198
0.022440
0.023727
0.022845
0.021975
0.023798
0.022196
0.023556
0.022256
0.022218
0.021936
0.022171
0.022182
0.023028
0.022111
0.021835
0.022824
0.022298
0.022139
0.023057
0.021951
0.022067
0.022073
0.022255
0.022101
0.022026
0.022850
0.022486
0.021938
0.022148
0.022179
0.022206
0.022637
0.022347
0.022901
0.021820
0.022552
0.022364
0.022038
0.022692
0.021892
0.022383
0.021893
0.022040
0.022085
0.022886
0.022493
0.022092
0.022056
0.023028
0.021886
0.023085
0.021945
0.022663
0.022213
0.042630
0.023455
0.022030
0.022078
0.022193
0.022684
0.021943
0.022137
0.022305
0.022335
0.021722
0.022153
0.023288
0.022721
0.021955
0.024257
0.022789
0.022100
0.022246
0.022146
0.023800
0.021988
0.022152
0.021881
0.022096
0.022452
0.022062
0.022238
0.022234
0.021759
0.022223
0.022227
0.022298
0.021901
0.022630
0.022011
0.021860
0.022017
0.022265
0.021881
0.022026
0.022100
0.021917
0.022110
0.023160
0.024213
0.022137
0.022065
0.023361
0.023430
0.021978
0.022970
0.022899
0.023638
0.061499
0.022365
0.022219
0.022458
0.022089
0.022969
0.021969
0.022816
0.022782
0.022033
0.022142
0.022022
0.022271
0.023275
0.022674
0.022428
0.021945
0.022460
0.022068
0.022008
0.021965
0.022163
0.022129
0.022435
0.022374
0.021912
0.024855
0.024186
0.022246
0.022699
0.021934
0.022084
0.022078
0.021870
0.022842
0.024255
0.022137
0.021895
0.024033
0.022055
0.021855
0.022330
0.022141
0.022236
0.022245
0.022026
0.056352
0.029267
0.022094
0.022345
0.022113
0.023291
0.022168
0.022799
0.021960
0.022041
0.022518
0.022088
0.022210
0.022148
0.022449
0.022061
0.022909
0.021770
0.024048
0.023074
0.022067
0.022518
0.021921
0.023605
0.022311
0.022479
0.021926
0.022071
0.022585
0.022574
0.022256
0.022613
0.022181
0.022079
0.022355
0.023352
0.022026
0.022138
0.021918
0.022464
0.021999
0.023731
0.022257
0.023043
0.022092
0.022429
0.022495
0.023471
0.022334
0.024581
0.023373
0.022580
0.022381
0.022706
0.022102
0.022001
0.021925
0.022258
0.022155
0.022707
0.022281
0.022311
0.022438
0.021768
0.021941
0.021903
0.021669
0.021845
0.024307
0.022398
0.021852
0.021861
0.021964
0.021671
0.022110
0.022281
0.022024
0.022418
0.022114
0.022714
0.022260
0.021842
0.021992
0.022361
0.021874
0.022247
0.022648
0.022031
0.024273
0.023908
0.022166
0.022231
0.021930
0.022074
0.022398
0.024020
0.021775
0.022065
0.022466
0.022338
0.022261
0.022275
0.022339
0.022150
0.022171
0.022353
0.022008
0.021887
0.022257
0.022259
0.022098
0.022290
0.022909
0.022217
0.021844
0.023844
0.024384
0.021908
0.022285
0.022074
0.021852
0.022378
0.022082
0.022830
0.021994
0.022836
0.022652
0.021798
0.022061
0.021775
0.021968
0.021916
0.021922
0.021947
0.023059
0.022094
0.021846
0.022290
0.001823
0.021970
0.021774
0.022010
0.022744
0.022327
0.021988
0.021985
0.022019
0.001698
0.022078
0.024277
0.002255
0.022154
0.022022
0.001581
0.022572
0.022495
0.022278
0.021994
0.021690
0.021952
0.021642
0.022566
0.022255
0.022088
0.022069
0.022903
0.023788
0.021955
0.021947
0.022374
0.022099
0.022256
0.022093
0.022054
0.021956
0.021820
0.022084
0.021965
0.022048
0.021932
0.022780
0.021852
0.022479
0.022404
0.023775
0.021952
0.023642
0.024761
0.021989
0.022066
0.022950
0.022029
0.022732
0.023050
0.021814
0.022046
0.021839
0.022329
0.023944
0.022895
0.022158
0.023334
0.021957
0.021809
0.022102
0.022044
0.022095
0.021720
0.022116
0.022034
0.022038
0.022067
0.023008
0.022273
0.022010
0.021955
0.021753
0.022466
0.022103
0.022179
0.022040
0.022258
0.022187
0.022042
0.022022
0.022083
0.022291
0.021706
0.022018
0.022290
0.022103
0.021677
0.021903
0.021714
0.021930
0.022277
0.021951
0.025014
0.022627
0.022098
0.021806
0.021518
0.022157
0.022307
0.022138
0.022230
0.023708
0.023588
0.022495
0.022277
0.022475
0.022036
0.022040
0.022273
0.021632
0.021615
0.021657
0.023505
0.022186
0.022052
0.021829
0.023563
0.022096
0.021742
0.022676
0.022076
0.021999
0.021961
0.021914
0.022696
0.021825
0.021918
0.021997
0.022146
0.022256
0.021920
0.022114
0.024179
0.022319
0.021618
0.022278
0.022393
0.022673
0.021955
0.022793
0.022130
0.021767
0.022788
0.022169
0.022011
0.021777
0.022269
0.022696
0.022154
0.022104
0.022440
0.021683
0.023562
0.021967
0.022552
0.023811
0.022075
0.022263
0.021841
0.022848
0.022027
0.022899
0.022146
0.022328
0.022021
0.022036
0.022206
0.022095
0.022164
0.022267
0.022302
0.023911
0.021890
0.021853
0.022032
0.022363
0.021874
0.022034
0.023420
0.022355
0.022239
0.021900
0.021924
0.021874
0.022609
0.022852
0.022029
0.024030
0.021813
0.022166
0.021627
0.022143
0.022382
0.023496
0.021974
0.021622
0.022164
0.021961
0.021995
0.025089
0.024289
0.021893
0.021988
0.021825
0.022241
0.021955
0.022627
0.022295
0.022029
0.022316
0.022091
0.022143
0.022393
0.022007
0.022060
0.021813
0.021722
0.021864
0.021594
0.023024
0.022123
0.022106
0.021744
0.021754
0.021814
0.022060
0.021896
0.024577
0.022236
0.021813
0.022006
0.022049
0.021930
0.022028
0.021745
0.021700
0.023835
0.022594
0.022244
0.023500
0.022137
0.022347
0.022602
0.022105
0.021919
0.021979
0.022427
0.022185
0.021954
0.025222
0.023578
0.021676
0.022295
0.022014
0.021644
0.022158
0.022000
0.029979
0.022297
0.001545
0.022858
0.021831
0.022525
0.021659
0.023568
0.022384
0.021977
0.022364
0.021940
0.022500
0.022021
0.022372
0.021914
0.023462
0.022201
0.023103
0.022014
0.022052
0.022054
0.021792
0.022513
0.021972
0.022289
0.021711
0.023747
0.024248
0.022606
0.022069
0.021802
0.021808
0.021946
0.021895
0.022048
0.022091
0.022625
0.021936
0.021779
0.023758
0.023566
0.025377
0.022089
0.021693
0.021893
0.021691
0.021620
0.022024
0.022335
0.022121
0.025811
0.023421
0.022011
0.021913
0.056897
0.023468
0.022194
0.023463
0.023026
0.022153
0.021877
0.022357
0.022226
0.022620
0.022241
0.021860
0.021850
0.022128
0.022222
0.022072
0.022195
0.022320
0.022002
0.021705
0.022065
0.022352
0.022163
0.021856
0.021908
0.021758
0.021858
0.022021
0.022542
0.022161
0.022272
0.021718
0.022456
0.022160
0.022456
0.022187
0.022118
0.021947
0.021836
0.022244
0.021766
0.021969
0.022241
0.023233
0.021979
0.022071
0.023323
0.023217
0.021910
0.022295
0.022367
0.022491
0.022510
0.022449
0.022871
0.021942
0.022130
0.022547
0.023405
0.022350
0.023193
0.021697
0.021775
0.021900
0.021879
0.024121
0.022168
0.022272
0.022200
0.022378
0.023993
0.021862
0.023402
0.023635
0.022004
0.021796
0.023782
0.022142
0.021878
0.022245
0.021928
0.021859
0.022401
0.021781
0.021908
0.022489
0.022346
0.022287
0.022069
0.021678
0.021937
0.022491
0.021776
0.022216
0.021875
0.023846
0.023139
0.022038
0.022227
0.022579
0.022033
0.021916
0.021749
0.021902
0.026921
0.022355
0.021769
0.021863
0.022364
0.021975
0.022194
0.021876
0.022435
0.022515
0.022071
0.021735
0.021850
0.022037
0.022140
0.022243
0.021866
0.023614
0.022059
0.022597
0.021838
0.022172
0.021879
0.021919
0.022169
0.022162
0.022306
0.021872
0.023781
0.022231
0.021740
0.022149
0.021977
0.021655
0.022214
0.022280
0.022531
0.022696
0.022229
0.022113
0.022058
0.022110
0.022091
0.022194
0.022238
0.022424
0.021850
0.021884
0.022003
0.022355
0.022051
0.024688
0.021980
0.021968
0.021737
0.021881
0.021985
0.021906
0.022057
0.021798
0.022039
0.021897
0.022150
0.022948
0.060900
0.023866
0.021979
0.021857
0.023116
0.022179
0.022001
0.022179
0.022037
0.021948
0.022320
0.021832
0.021719
0.023000
0.022405
0.021949
0.022363
0.022030
0.023033
0.026253
0.022212
0.043732
0.041534
0.021793
0.021719
0.022511
0.024125
0.022573
0.022119
0.022240
0.022108
0.024196
0.021814
0.022115
0.021923
0.021832
0.022089
0.021735
0.029178
0.022016
0.022343
0.021805
0.021962
0.022582
0.022713
0.022492
0.022471
0.022169
0.021931
0.023720
0.022165
0.022057
0.021919
0.022076
0.021821
0.021578
0.021759
0.022551
0.022022
0.022191
0.021912
0.021683
0.022300
0.021953
0.022109
0.022026
0.021649
0.021907
0.022458
0.022092
0.022535
0.023112
0.021798
0.022066
0.021941
0.023818
0.022468
0.021931
0.022479
0.022156
0.021998
0.021793
0.022534
0.022696
0.022099
0.022693
0.022744
0.022121
0.022034
0.022687
0.021602
0.021884
0.022442
0.021988
0.023131
0.022119
0.022067
0.022238
0.022812
0.021900
0.022565
0.022153
0.022069
0.022302
0.022019
0.022020
0.021747
0.021963
0.023118
0.021995
0.022218
0.022092
0.022061
0.022311
0.021838
0.021956
0.022211
0.021823
0.022675
0.022033
0.021978
0.022520
0.021903
0.022035
0.022724
0.022290
0.022332
0.021695
0.022287
0.023415
0.022091
0.022992
0.022415
0.022224
0.023774
0.022314
0.022832
0.022366
0.023192
0.022102
0.021911
0.022258
0.021791
0.023355
0.025889
0.023613
0.021613
0.022796
0.022114
0.002624
0.022002
0.022215
0.022054
0.022167
0.021678
0.022273
0.021890
0.022126
0.022217
0.003056
0.022552
0.024261
0.005610
0.022256
0.024145
0.022019
0.023935
0.022024
0.022151
0.022111
0.021978
0.022203
0.023331
0.024014
0.021602
0.023075
0.022129
0.023938
0.022690
0.022226
0.023937
0.022080
0.022709
0.021996
0.022581
0.022247
0.022075
0.021622
0.022720
0.022114
0.022145
0.021928
0.022658
0.022272
0.022327
0.022310
0.022048
0.022172
0.022032
0.022079
0.021992
0.021653
0.022150
0.022007
0.022054
0.022311
0.021821
0.021587
0.022411
0.022193
0.022243
0.021931
0.021677
0.022274
0.022319
0.022137
0.022363
0.023017
0.022700
0.024018
0.022129
0.022250
0.021979
0.021837
0.024056
0.022047
0.022023
0.022047
0.022574
0.021951
0.023371
0.022383
0.023130
0.028019
0.022142
0.022444
0.028456
0.023056
0.023498
0.023126
0.022057
0.024436
0.023682
0.022803
0.022436
0.023769
0.022007
0.022985
0.022283
0.022136
0.022503
0.022014
0.022176
0.022380
0.022269
0.022079
0.022062
0.022514
0.002194
0.021951
0.022269
0.022030
0.021812
0.022866
0.022235
0.022698
0.022119
0.021785
0.024714
0.022301
0.021868
0.022149
0.022339
0.022242
0.021761
0.021967
0.022274
0.024141
0.022755
0.021975
0.021866
0.022209
0.022592
0.022249
0.022296
0.021936
0.001768
0.022164
0.022345
0.022061
0.022627
0.042581
0.086205
0.086719
0.021982
0.022491
0.022199
0.022305
0.022382
0.023013
0.022067
0.021984
0.022868
0.022613
0.022240
0.022307
0.022109
0.022057
0.021936
0.021696
0.022404
0.022544
0.024133
0.024050
0.022331
0.022419
0.022129
0.022475
0.022094
0.023760
0.022200
0.022168
0.022129
0.022356
0.022416
0.025781
0.021825
0.023111
0.021932
0.024212
0.022989
0.021957
0.022131
0.022213
0.022189
0.022182
0.022276
0.022444
0.022178
0.023751
0.022033
0.022187
0.022825
0.022272
0.022392
0.021848
0.021846
0.022065
0.022825
0.022343
0.021789
0.022426
0.022174
0.022049
0.022590
0.022226
0.021979
0.022108
0.022072
0.022305
0.022470
0.022020
0.022199
0.022228
0.022292
0.023896
0.022281
0.025705
0.024323
0.022023
0.022232
0.022208
0.022098
0.022132
0.021927
0.021817
0.022138
0.022662
0.021974
0.023535
0.026461
0.021861
0.021806
0.022095
0.022503
0.022972
0.022289
0.021948
0.021874
0.021820
0.022436
0.022156
0.022350
0.022492
0.022493
0.021800
0.021978
0.022804
0.022218
0.022708
0.022217
0.024033
0.022476
0.022019
0.023980
0.111518
0.021931
0.022124
0.022210
0.022084
0.022650
0.021907
0.022087
0.022076
0.022189
0.021696
0.024167
0.022936
0.021804
0.022116
0.021827
0.022534
0.022549
0.024385
0.022213
0.022209
0.023217
0.022256
0.021868
0.022615
0.022672
0.021833
0.022083
0.021871
0.023313
0.022293
0.022256
0.022132
0.022158
0.022031
0.022327
0.021731
0.022093
0.022297
0.022098
0.022041
0.021873
0.022303
0.022056
0.022254
0.022502
0.026279
0.021917
0.022426
0.022445
0.021966
0.022088
0.022886
0.022516
0.021864
0.021879
0.022256
0.021735
0.022044
0.021912
0.022138
0.021877
0.021946
0.021812
0.022607
0.022060
0.022445
0.021731
0.022140
0.021898
0.022054
0.022081
0.021907
0.022068
0.023890
0.023291
0.021751
0.022075
0.021858
0.021817
0.021955
0.022009
0.021970
0.022058
0.021867
0.022523
0.021999
0.021949
0.021880
0.022749
0.022174
0.022110
0.022078
0.022219
0.022265
0.022565
0.021991
0.022083
0.022069
0.021749
0.022142
0.022070
0.021813
0.021636
0.024087
0.023411
0.025103
0.042002
0.022061
0.021839
0.022010
0.021860
0.029884
0.039055
0.040584
0.030308
0.021786
0.022418
0.024092
0.021992
0.022594
0.022130
0.022069
0.022222
0.022566
0.021986
0.024097
0.022222
0.021856
0.021664
0.023486
0.022010
0.022188
0.029553
0.027504
0.022002
0.022084
0.023245
0.021986
0.022462
0.023265
0.021660
0.023106
0.022092
0.022447
0.022451
0.021864
0.021966
0.023198
0.022774
0.022289
0.022130
0.021671
0.021930
0.022104
0.022016
0.023141
0.022474
0.021918
0.021700
0.022250
0.023293
0.022009
0.022426
0.022116
0.023225
0.021696
0.022026
0.021992
0.023709
0.022346
0.021851
0.022056
0.022581
0.022086
0.022164
0.002065
0.022100
0.021748
0.021673
0.024046
0.022145
0.022769
0.022217
0.022026
0.022272
0.022087
0.022072
0.022026
0.021729
0.022152
0.022132
0.022214
0.022526
0.022164
0.021716
0.022077
0.021727
0.002937
0.022168
0.023421
0.022072
0.021793
0.022235
0.022077
0.023091
0.021929
0.021880
0.022279
0.022563
0.022137
0.022061
0.022131
0.021895
0.021883
0.024094
0.022461
0.023671
0.021976
0.022207
0.022086
0.022006
0.021877
0.022836
0.021631
0.022058
0.022373
0.022485
0.021891
0.021854
0.021968
0.022136
0.022168
0.021775
0.029531
0.023892
0.022055
0.022027
0.022190
0.022315
0.024365
0.022125
0.022488
0.022677
0.022610
0.022384
