0.001888
0.000393
0.000320
0.000296
0.000300
0.000280
0.000289
0.000260
0.000269
0.000280
0.000395
0.000534
0.000443
0.001783
0.000303
0.000697
0.000268
0.000665
0.000302
0.001209
0.000459
0.000306
0.000701
0.000912
0.000290
0.001523
0.000266
0.000287
0.000489
0.000268
0.000520
0.000248
0.000266
0.000740
0.000440
0.000629
0.000313
0.000281
0.000319
0.000465
0.000849
0.001354
0.000273
0.000850
0.000518
0.000358
0.000273
0.000259
0.000386
0.000222
0.000278
0.001770
0.000280
0.000326
0.000418
0.002498
0.000358
0.000276
0.000260
0.000392
0.000320
0.000248
0.000743
0.000276
0.000395
0.000382
0.000309
0.000850
0.000265
0.000338
0.000300
0.000472
0.000868
0.000309
0.000276
0.000359
0.000823
0.000434
0.000239
0.002332
0.000383
0.000296
0.000452
0.000411
0.000254
0.000274
0.001108
0.000264
0.000275
0.000658
0.000322
0.000530
0.000337
0.000383
0.000272
0.000272
0.000399
0.000356
0.000418
0.000275
0.000494
0.000985
0.000237
0.000249
0.000285
0.001843
0.000346
0.000906
0.000279
0.000362
0.000566
0.000606
0.001022
0.000278
0.001049
0.001564
0.000348
0.000287
0.000348
0.000505
0.000374
0.000347
0.000356
0.001049
0.000641
0.004026
0.000264
0.000388
0.000356
0.000269
0.000364
0.000271
0.000430
0.002557
0.000265
0.001335
0.000307
0.000923
0.000409
0.002064
0.000554
0.000805
0.000334
0.000382
0.000512
0.000282
0.000311
0.000647
0.000292
0.000328
0.000306
0.000449
0.000345
0.000299
0.000294
0.000245
0.001095
0.000363
0.000566
0.000306
0.000441
0.000350
0.000285
0.000760
0.000409
0.002575
0.000488
0.000480
0.000360
0.000275
0.000346
0.000341
0.000331
0.000522
0.000310
0.000284
0.000328
0.000348
0.000284
0.001333
0.000330
0.000302
0.000378
0.000589
0.000592
0.000447
0.000652
0.000340
0.001717
0.000315
0.000298
0.021162
0.000555
0.000297
0.000751
0.000257
0.000746
0.000354
0.000518
0.001309
0.000285
0.000278
0.000465
0.000262
0.001158
0.000385
0.000362
0.000479
0.000254
0.000565
0.000284
0.000304
0.000301
0.000316
0.000278
0.000516
0.000377
0.000329
0.000210
0.001199
0.000363
0.000256
0.000558
0.000229
0.000500
0.000285
0.000231
0.000286
0.002112
0.000328
0.000306
0.000293
0.001089
0.000259
0.000369
0.000322
0.000348
0.000741
0.000459
0.000280
0.000284
0.000263
0.000497
0.000465
0.000405
0.000696
0.000312
0.000357
0.000324
0.000354
0.000312
0.000777
0.000321
0.000420
0.000236
0.000407
0.002203
0.000352
0.000324
0.000265
0.000293
0.000254
0.000482
0.000437
0.000274
0.000429
0.000296
0.000232
0.000587
0.000276
0.000259
0.000313
0.000302
0.000284
0.000288
0.000757
0.000998
0.000835
0.000370
0.000426
0.000832
0.000349
0.000290
0.000855
0.000270
0.000338
0.000510
0.000247
0.000543
0.000328
0.000451
0.000378
0.000313
0.000376
0.000237
0.000247
0.000281
0.000208
0.000354
0.000291
0.000596
0.000438
0.000548
0.000726
0.000808
0.000297
0.000191
0.000249
0.000370
0.000475
0.000284
0.001017
0.000241
0.000338
0.000536
0.000239
0.000242
0.000252
0.000486
0.000285
0.000437
0.000388
0.000223
0.000245
0.000316
0.000564
0.000365
0.000294
0.000368
0.000419
0.000261
0.000433
0.000240
0.000252
0.000265
0.000249
0.000704
0.000233
0.000259
0.000306
0.000242
0.000607
0.000288
0.000248
0.000232
0.000216
0.000586
0.000324
0.000351
0.000328
0.001417
0.000321
0.000247
0.000254
0.000286
0.000311
0.000232
0.000177
0.000267
0.000761
0.000624
0.000203
0.000413
0.000254
0.000229
0.000204
0.000253
0.000204
0.000283
0.000240
0.000205
0.000191
0.000199
0.000198
0.000266
0.000202
0.000235
0.000485
0.000213
0.000333
0.000285
0.000255
0.000461
0.000298
0.000226
0.000322
0.000299
0.000259
0.000275
0.000243
0.000959
0.000416
0.000322
0.000384
0.000438
0.000296
0.000336
0.000198
0.000356
0.000266
0.000208
0.000258
0.000402
0.000313
0.000265
0.000415
0.000212
0.000197
0.000248
0.000205
0.000303
0.000233
0.000220
0.000234
0.000224
0.000256
0.000195
0.000222
0.000255
0.000203
0.000280
0.000211
0.000259
0.000242
0.000178
0.000240
0.000262
0.000239
0.000273
0.000278
0.000218
0.000228
0.000205
0.000242
0.000248
0.000194
0.000239
0.000406
0.003540
0.000400
0.000313
0.000402
0.000252
0.000280
0.000283
0.000361
0.000244
0.000393
0.000295
0.000253
0.000254
0.000274
0.000327
0.000425
0.000341
0.000256
0.000314
0.000303
0.000447
0.000257
0.000419
0.000228
0.000346
0.000254
0.000248
0.000288
0.000240
0.000522
0.000246
0.000475
0.000333
0.000363
0.000258
0.000330
0.000417
0.000472
0.000387
0.002758
0.000228
0.000335
0.000258
0.000246
0.000273
0.000358
0.000319
0.000257
0.000383
0.000828
0.001944
0.000274
0.000309
0.000325
0.000318
0.001243
0.000523
0.000256
0.000470
0.000210
0.000484
0.000639
0.000312
0.000322
0.000452
0.000234
0.000312
0.000832
0.000373
0.000501
0.000393
0.000548
0.000413
0.000362
0.000541
0.000426
0.000727
0.000266
0.000269
0.000302
0.000281
0.000601
0.000274
0.000474
0.000679
0.000245
0.000260
0.000337
0.000702
0.000313
0.000549
0.000288
0.000275
0.000611
0.000479
0.001189
0.000329
0.000231
0.000363
0.000254
0.000254
0.000707
0.000374
0.000401
0.000275
0.001018
0.000296
0.000269
0.000249
0.000260
0.000225
0.000648
0.000266
0.000327
0.000244
0.000253
0.000286
0.000366
0.000454
0.000299
0.002357
0.000286
0.000232
0.000229
0.000273
0.000509
0.000430
0.001320
0.000247
0.000288
0.000329
0.000239
0.000251
0.000605
0.000279
0.000487
0.000380
0.000243
0.000209
0.000459
0.000258
0.000228
0.000797
0.000300
0.000251
0.000319
0.000401
0.000444
0.000257
0.000313
0.000252
0.000276
0.000446
0.000253
0.000850
0.000596
0.000309
0.000256
0.000279
0.000383
0.000923
0.000305
0.000504
0.000326
0.000272
0.000350
0.000276
0.000487
0.000312
0.000315
0.000311
0.000532
0.000413
0.000655
0.000340
0.000289
0.000355
0.000250
0.000308
0.000284
0.000274
0.000558
0.000277
0.000313
0.000288
0.000422
0.000638
0.000252
0.000302
0.000253
0.001801
0.000554
0.000407
0.000319
0.000474
0.000392
0.000292
0.000302
0.003332
0.000603
0.000280
0.000293
0.000293
0.003135
0.000311
0.000229
0.000309
0.000281
0.000679
0.000321
0.000387
0.000261
0.000294
0.000373
0.000300
0.000354
0.000519
0.000290
0.000277
0.000975
0.000196
0.000205
0.000310
0.000517
0.000285
0.000175
0.000260
0.000273
0.000231
0.000296
0.000272
0.000214
0.000258
0.000230
0.000236
0.000245
0.000496
0.000379
0.000295
0.000464
0.000190
0.000290
0.000207
0.001413
0.000253
0.000422
0.000223
0.000989
0.000226
0.000254
0.000456
0.000236
0.000255
0.000171
0.000172
0.000239
0.000230
0.000196
0.000199
0.000240
0.000294
0.000204
0.000225
0.000183
0.000261
0.000264
0.000746
0.000283
0.000212
0.000188
0.000448
0.000235
0.000206
0.000214
0.000341
0.000219
0.000221
0.000202
0.000190
0.000382
0.000199
0.000198
0.000897
0.000206
0.000232
0.000209
0.000243
0.000316
0.000188
0.000259
0.000371
0.000189
0.000276
0.000273
0.000237
0.000487
0.000218
0.000305
0.001287
0.000227
0.000208
0.000261
0.000207
0.000693
0.000199
0.000215
0.000191
0.000284
0.000197
0.000256
0.000409
0.000284
0.000194
0.000197
0.000202
0.000972
0.000193
0.000181
0.000212
0.000220
0.000178
0.000224
0.000217
0.000279
0.000303
0.000273
0.000200
0.000260
0.000280
0.000217
0.000345
0.000917
0.000259
0.000241
0.000179
0.000259
0.000322
0.000312
0.000867
0.000257
0.000217
0.000188
0.000272
0.000202
0.000850
0.000174
0.000199
0.000352
0.000911
0.000215
0.000297
0.000259
0.000177
0.000277
0.000265
0.000402
0.000201
0.000274
0.000452
0.000293
0.000358
0.000247
0.000299
0.000539
0.000326
0.000756
0.000231
0.000248
0.000314
0.000195
0.000382
0.000245
0.000213
0.000842
0.000220
0.000292
0.000262
0.000241
0.000263
0.000190
0.000307
0.000228
0.000267
0.000270
0.000223
0.000222
0.000205
0.000227
0.000223
0.000401
0.000208
0.000210
0.000251
0.000333
0.000184
0.000189
0.000209
0.000285
0.000215
0.000225
0.000185
0.000312
0.000201
0.000193
0.000270
0.000212
0.000226
0.000288
0.000343
0.000353
0.000258
0.000380
0.000210
0.000273
0.000203
0.000285
0.000324
0.000260
0.000195
0.000280
0.000293
0.000247
0.000639
0.000303
0.000257
0.000275
0.000409
0.000181
0.000205
0.000213
0.000744
0.000297
0.000220
0.000284
0.000263
0.000272
0.000225
0.000287
0.000315
0.000225
0.000484
0.000233
0.000291
0.000282
0.000222
0.000269
0.000420
0.000226
0.000349
0.000297
0.000203
0.000177
0.000392
0.001531
0.000441
0.000359
0.000196
0.000352
0.000328
0.000239
0.000295
0.000240
0.000365
0.000518
0.000321
0.000207
0.000312
0.000366
0.000301
0.000458
0.000281
0.000192
0.000318
0.000227
0.000219
0.000306
0.000541
0.000235
0.000287
0.000287
0.000187
0.000206
0.000257
0.000272
0.000229
0.000262
0.000246
0.000268
0.000191
0.000195
0.000177
0.000187
0.000339
0.000176
0.000215
0.000234
0.000238
0.000308
0.000316
0.000881
0.000320
0.000183
0.000442
0.000191
0.000248
0.000407
0.000197
0.000443
0.000326
0.000210
0.000275
0.000187
0.000339
0.000434
0.000197
0.000298
0.000246
0.001789
0.000259
0.000274
0.000429
0.000235
0.000214
0.000283
0.000180
0.000237
0.000392
0.000232
0.000204
0.000300
0.000242
0.000303
0.000252
0.000269
0.000255
0.000187
0.000200
0.000233
0.000220
0.000296
0.000213
0.000196
0.000252
0.000912
0.000183
0.000422
0.000260
0.000178
0.000213
0.000218
0.000207
0.000603
0.000199
0.000286
0.000218
0.000192
0.000258
0.000200
0.000299
0.000259
0.000421
0.000608
0.000241
0.000264
0.000184
0.000259
0.000279
0.000327
0.000362
0.000248
0.000236
0.000966
0.000254
0.000289
0.000190
0.000327
0.000265
0.000315
0.000228
0.000174
0.000234
0.000550
0.000200
0.000205
0.000230
0.000197
0.000191
0.000387
0.000256
0.000233
0.000400
0.000205
0.000335
0.000221
0.000197
0.000214
0.000235
0.000261
0.000192
0.000224
0.000280
0.000263
0.000270
0.000256
0.001044
0.000373
0.000274
0.000258
0.000186
0.000245
0.000215
0.000385
0.000245
0.000251
0.000241
0.000251
0.000313
0.000364
0.000226
0.000301
0.000265
0.000252
0.000256
0.000341
0.000265
0.000397
0.000296
0.001088
0.000264
0.000190
0.000195
0.000247
0.000275
0.000264
0.000235
0.000255
0.000206
0.000215
0.000253
0.000180
0.000255
0.000244
0.000288
0.000289
0.000239
0.000229
0.000334
0.000239
0.000382
0.000272
0.000317
0.000241
0.000320
0.000185
0.000375
0.000219
0.000214
0.000190
0.000210
0.000238
0.001148
0.000202
0.000215
0.000180
0.000783
0.000248
0.000219
0.000174
0.000237
0.000200
0.000207
0.000250
0.000229
0.000203
0.000210
0.000359
0.000211
0.001267
0.000199
0.000269
0.000244
0.000333
0.000201
0.000361
0.000267
0.002137
0.000288
0.000432
0.000327
0.000283
0.000173
0.000240
0.000213
0.000300
0.000196
0.000219
0.000187
0.000281
0.000211
0.000193
0.000228
0.000233
0.000194
0.000306
0.001098
0.000296
0.000260
0.000448
0.000271
0.000192
0.000206
0.000214
0.000215
0.000388
0.000205
0.000313
0.000257
0.000325
0.000240
0.000200
0.000266
0.000295
0.000206
0.000204
0.000202
0.000203
0.000413
0.000214
0.000203
0.000238
0.000221
0.000208
0.000268
0.000207
0.000217
0.000241
0.000237
0.000345
0.000207
0.000316
0.000198
0.000282
0.000206
0.000279
0.000218
0.000253
0.000233
0.000206
0.000242
0.000253
0.000319
0.000214
0.000204
0.000215
0.000376
0.000295
0.000251
0.000306
0.000197
0.000220
0.000231
0.000240
0.000179
0.000197
0.000321
0.000243
0.000217
0.000216
0.000270
0.000201
0.000233
0.000260
0.000312
0.000200
0.000238
0.000223
0.000202
0.004345
0.000308
0.000223
0.000398
0.000260
0.000546
0.000314
0.000454
0.000275
0.000191
0.000760
0.000335
0.000273
0.000295
0.000264
0.000728
0.000272
0.000297
0.000217
0.000398
0.000205
0.000345
0.000318
0.003505
0.000335
0.000231
0.000301
0.000319
0.000200
0.000220
0.000380
0.000364
0.000460
0.000298
0.000225
0.000630
0.000239
0.000450
0.000227
0.000321
0.000200
0.000208
0.000633
0.000546
0.000238
0.000274
0.000296
0.000293
0.000562
0.000259
0.000323
0.000274
0.000283
0.000459
0.000272
0.000277
0.000232
0.000305
0.000422
0.000342
0.000248
0.000250
0.000599
0.000320
0.000264
0.000220
0.000364
0.000632
0.000196
0.000592
0.000766
0.000181
0.000308
0.000280
0.000299
0.000298
0.000335
0.000254
0.000269
0.000319
0.000342
0.000289
0.000200
0.000193
0.000287
0.000271
0.000250
0.000218
0.000349
0.000349
0.000237
0.000927
0.000204
0.000272
0.000262
0.000201
0.000289
0.000268
0.000209
0.000413
0.000283
0.000273
0.000233
0.000251
0.000218
0.000221
0.000211
0.000265
0.000208
0.000197
0.000208
0.000205
0.000205
0.000209
0.000194
0.000199
0.000252
0.000238
0.000289
0.000194
0.000177
0.000328
0.000297
0.000352
0.000206
0.000226
0.000218
0.000236
0.000279
0.000344
0.001020
0.001321
0.000196
0.000283
0.000209
0.000273
0.000208
0.001951
0.000331
0.000205
0.000238
0.000261
0.000295
0.000290
0.000249
0.000246
0.000221
0.000251
0.000348
0.000192
0.000230
0.000262
0.000318
0.000356
0.000262
0.000180
0.000345
0.000297
0.000227
0.000314
0.000223
0.000252
0.000193
0.000234
0.000237
0.000295
0.000227
0.003098
0.000212
0.000350
0.000226
0.000425
0.000339
0.000329
0.000507
0.002030
0.000224
0.000691
0.000185
0.000234
0.000223
0.000284
0.000546
0.000255
0.000249
0.000336
0.000291
0.000340
0.000174
0.000462
0.000228
0.000188
0.000246
0.000190
0.000250
0.000243
0.000272
0.000247
0.000557
0.000228
0.000312
0.000282
0.000174
0.000199
0.000436
0.000398
0.000259
0.000319
0.000300
0.002664
0.000299
0.000302
0.000198
0.000223
0.000215
0.000195
0.000219
0.000239
0.000276
0.000205
0.000238
0.000232
0.000199
0.000173
0.000238
0.000194
0.000259
0.000344
0.000225
0.000229
0.000406
0.000272
0.000210
0.000287
0.000706
0.000325
0.000269
0.000224
0.000284
0.000325
0.000191
0.000374
0.000199
0.000323
0.000526
0.000203
0.000244
0.000402
0.000201
0.000384
0.000490
0.000395
0.000258
0.000207
0.000300
0.000197
0.000274
0.000232
0.000237
0.000265
0.000222
0.000354
0.000196
0.000199
0.000201
0.000175
0.000192
0.003187
0.000302
0.000245
0.000348
0.000253
0.000188
0.000293
0.000262
0.001145
0.000261
0.000258
0.000241
0.000275
0.000308
0.000240
0.000240
0.000212
0.000334
0.000262
0.000373
0.000261
0.000194
0.000188
0.000193
0.000245
0.000214
0.003674
0.000210
0.000272
0.000479
0.000247
0.000266
0.001088
0.000232
0.000354
0.000287
0.000251
0.000329
0.000257
0.000242
0.000314
0.000235
0.000263
0.000265
0.000296
0.000368
0.000220
0.000212
0.000253
0.000335
0.000222
0.000256
0.000597
0.001054
0.000286
0.000254
0.000248
0.000285
0.000347
0.000303
0.000297
0.000252
0.000275
0.000208
0.000401
0.000290
0.000306
0.000314
0.000213
0.000194
0.000202
0.000186
0.000188
0.000283
0.000255
0.000249
0.000546
0.000408
0.000317
0.000420
0.000263
0.000186
0.000807
0.001008
0.000214
0.000356
0.000198
0.000312
0.000251
0.000185
0.000301
0.000364
0.000240
0.000252
0.000263
0.000240
0.000295
0.000241
0.000290
0.000304
0.000270
0.000246
0.000259
0.000272
0.000663
0.000232
0.000431
0.000203
0.000225
0.000217
0.000416
0.000253
0.000208
0.000296
0.001082
0.000334
0.000382
0.000962
0.000228
0.000623
0.000404
0.000687
0.000347
0.011054
0.000752
0.000743
0.000393
0.000512
0.000229
0.000274
0.000254
0.000269
0.000243
0.001383
0.001519
0.000285
0.000276
0.000291
0.001146
0.000244
0.000734
0.000237
0.000455
0.000717
0.000594
0.000491
0.000384
0.000394
0.000285
0.000215
0.000265
0.000250
0.000278
0.000247
0.000253
0.000616
0.000444
0.000210
0.000253
0.000242
0.000207
0.000246
0.000248
0.000274
0.000254
0.000515
0.001237
0.000346
0.000317
0.000421
0.000315
0.000223
0.000240
0.000241
0.000290
0.004160
0.000465
0.000322
0.000476
0.000287
0.000522
0.000712
0.000393
0.000748
0.000216
0.000399
0.000267
0.000705
0.000833
0.000243
0.000331
0.005315
0.000240
0.001180
0.000256
0.000354
0.000269
0.000464
0.000262
0.000242
0.000278
0.000246
0.000369
0.001484
0.000244
0.000277
0.000328
0.000781
0.000243
0.000436
0.000265
0.000385
0.000247
0.000342
0.000222
0.000623
0.000252
0.000439
0.000613
0.000208
0.000591
0.000342
0.000381
0.000290
0.000261
0.000251
0.000342
0.000259
0.000331
0.000430
0.000438
0.000544
0.000355
0.000290
0.000282
0.000252
0.000462
0.000243
0.000346
0.000253
0.000459
0.001358
0.000409
0.000292
0.000225
0.000297
0.000245
0.000208
0.000273
0.000226
0.000424
0.000462
0.000252
0.000284
0.000268
0.000248
0.000247
0.000233
0.000218
0.000681
0.000948
0.000303
0.000246
0.000310
0.000250
0.000478
0.000396
0.000351
0.000238
0.000621
0.000289
0.000270
0.001423
0.000492
0.000206
0.000245
0.000213
0.000226
0.000187
0.000245
0.000450
0.000219
0.000278
0.000285
0.000235
0.000273
0.000342
0.000297
0.000242
0.000247
0.000277
0.000190
0.000254
0.000292
0.001098
0.000349
0.000240
0.000171
0.000838
0.000247
0.000202
0.000204
0.000279
0.000257
0.000278
0.000200
0.000204
0.000197
0.000279
0.000254
0.000194
0.000295
0.000312
0.000233
0.000211
0.000207
0.000253
0.000184
0.000325
0.000203
0.000378
0.000224
0.000294
0.000213
0.000215
0.000298
0.000289
0.000274
0.000249
0.000236
0.000256
0.000240
0.000209
0.000256
0.000260
0.000209
0.000220
0.000217
0.000199
0.000254
0.000216
0.000319
0.000285
0.000280
0.000205
0.000176
0.000192
0.000219
0.000229
0.000219
0.000227
0.000218
0.000239
0.000199
0.000265
0.000191
0.000359
0.000217
0.000546
0.000257
0.000221
0.000208
0.000221
0.000263
0.000199
0.000299
0.000258
0.000233
0.000320
0.000324
0.000206
0.000195
0.000441
0.000210
0.000203
0.000261
0.000198
0.000205
0.000478
0.000195
0.000258
0.000245
0.000218
0.000378
0.000201
0.000201
0.000201
0.000342
0.000200
0.000240
0.000246
0.000185
0.000206
0.000196
0.000316
0.000204
0.000227
0.000265
0.000210
0.000248
0.000202
0.000193
0.000225
0.000279
0.000224
0.000218
0.000235
0.000200
0.000263
0.000199
0.000212
0.000177
0.000206
0.000273
0.000215
0.000273
0.000269
0.000272
0.000207
0.000208
0.000571
0.000236
0.000205
0.000229
0.000271
0.000343
0.000301
0.000244
0.000263
0.000221
0.000236
0.000217
0.000202
0.000250
0.000222
0.000208
0.000329
0.000221
0.000208
0.000310
0.000268
0.000249
0.000328
0.000311
0.000205
0.000210
0.000217
0.000233
0.000198
0.000220
0.000226
0.000284
0.000220
0.000195
0.000209
0.000208
0.000212
0.001670
0.000302
0.000316
0.000289
0.000220
0.000375
0.000267
0.001258
0.000295
0.000517
0.000302
0.000222
0.000243
0.000236
0.000281
0.000810
0.000256
0.000239
0.000246
0.000283
0.000439
0.000267
0.000271
0.000262
0.000239
0.000237
0.000417
0.000376
0.000278
0.000254
0.000359
0.000225
0.000408
0.000426
0.000258
0.000404
0.000227
0.000490
0.000932
0.000555
0.000291
0.000267
0.000264
0.000346
0.000414
0.000299
0.000250
0.000532
0.000326
0.000333
0.000300
0.000329
0.000679
0.000332
0.000397
0.000260
0.000521
0.000322
0.000702
0.001689
0.000547
0.003103
0.002415
0.000400
0.000302
0.001818
0.000383
0.000397
0.001024
0.000421
0.000585
0.000435
0.000298
0.000294
0.000267
0.000436
0.000250
0.000341
0.000255
0.000260
0.000332
0.000616
0.000237
0.000403
0.000311
0.000387
0.000329
0.000512
0.000821
0.000522
0.000277
0.000385
0.000225
0.000697
0.000340
0.003986
0.000462
0.000261
0.001970
0.000809
0.000645
0.000264
0.000322
0.000306
0.000284
0.000245
0.000706
0.000333
0.000232
0.000563
0.000317
0.000303
0.000358
0.000389
0.000526
0.000294
0.000333
0.000276
0.000317
0.000336
0.000243
0.000263
0.000423
0.000230
0.000261
0.000621
0.000304
0.000779
0.000389
0.000223
0.000373
0.000231
0.000248
0.000271
0.000302
0.000270
0.000214
0.000224
0.000204
0.000203
0.000325
0.000212
0.000200
0.000231
0.000237
0.000215
0.000288
0.000245
0.000249
0.000394
0.000208
0.000258
0.000209
0.000203
0.000197
0.000259
0.000252
0.000259
0.000207
0.000229
0.000319
0.000217
0.000440
0.000232
0.000231
0.000231
0.000316
0.000339
0.000202
0.000212
0.000276
0.000196
0.000229
0.000233
0.000315
0.000247
0.000352
0.000235
0.000200
0.000203
0.000199
0.000282
0.000291
0.000205
0.000220
0.000195
0.000358
0.000629
0.000267
0.000281
0.000346
0.000394
0.000208
0.000200
0.000215
0.000208
0.000201
0.000209
0.000298
0.000196
0.000248
0.000396
0.000200
0.000271
0.000338
0.000264
0.000683
0.000226
0.000400
0.000208
0.000207
0.000328
0.000241
0.000203
0.000322
0.000305
0.000245
0.000317
0.000202
0.000254
0.000459
0.000264
0.000294
0.000231
0.000504
0.000180
0.000227
0.000264
0.001623
0.000703
0.000253
0.000226
0.000206
0.000308
0.000277
0.000211
0.000276
0.000232
0.000842
0.000380
0.000290
0.000298
0.000246
0.000263
0.000314
0.000305
0.000209
0.000228
0.000268
0.000234
0.000248
0.000557
0.000366
0.000216
0.000302
0.000246
0.000294
0.000507
0.000445
0.000292
0.000349
0.000251
0.001626
0.000241
0.000248
0.000196
0.000315
0.000290
0.000717
0.000325
0.000274
0.000198
0.000253
0.000269
0.000187
0.000222
0.000185
0.000361
0.000254
0.000441
0.000253
0.000334
0.000579
0.000297
0.000208
0.000277
0.000260
0.000251
0.001466
0.000275
0.001806
0.000248
0.000238
0.000433
0.000260
0.000518
0.000515
0.000243
0.000264
0.001509
0.000291
0.000333
0.000274
0.000261
0.000325
0.000247
0.000274
0.000188
0.000200
0.000193
0.000313
0.000187
0.000219
0.000266
0.000202
0.000596
0.000474
0.000289
0.001187
0.000320
0.000210
0.000240
0.000306
0.001447
0.000221
0.000209
0.000389
0.000216
0.000219
0.000236
0.000282
0.000240
0.000477
0.000370
0.000582
0.000369
0.000242
0.000328
0.000577
0.000243
0.000203
0.000190
0.000361
0.000189
0.000260
0.000269
0.000269
0.000328
0.000210
0.000290
0.000260
0.000232
0.000299
0.000318
0.000206
0.000255
0.000725
0.000368
0.000206
0.000283
0.000197
0.000281
0.000193
0.000256
0.000217
0.000264
0.000218
0.000213
0.000246
0.000254
0.000300
0.000181
0.000228
0.000234
0.003402
0.000493
0.000224
0.000282
0.000351
0.000617
0.000225
0.000232
0.000263
0.000239
0.000267
0.000180
0.000645
0.000199
0.000222
0.000268
0.000244
0.000307
0.000254
0.000397
0.000276
0.000407
0.000244
0.000182
0.000268
0.000247
0.000307
0.000235
0.000169
0.000275
0.000235
0.000198
0.000244
0.000240
0.000247
0.000261
0.000207
0.000247
0.000277
0.000197
0.000221
0.000271
0.000191
0.000204
0.000839
0.000238
0.000227
0.000248
0.000401
0.000186
0.000246
0.000171
0.000333
0.000262
0.000202
0.000191
0.000201
0.000282
0.000332
0.000310
0.001220
0.000296
0.000299
0.000246
0.000245
0.000689
0.000225
0.000844
0.000286
0.000226
0.000297
0.000249
0.000307
0.000212
0.000383
0.000201
0.000283
0.000272
0.000306
0.000314
0.000284
0.000329
0.000219
0.000258
0.000307
0.000201
0.000351
0.000212
0.000400
0.000272
0.000248
0.000208
0.000530
0.000247
0.000220
0.000263
0.000264
0.000201
0.000224
0.000204
0.000197
0.000189
0.000199
0.000435
0.000198
0.001597
0.000407
0.000276
0.002086
0.000712
0.000301
0.000931
0.000259
0.000314
0.000329
0.000602
0.000452
