0.001395
0.001384
0.001375
0.002273
0.001388
0.001357
0.001370
0.001531
0.001535
0.001492
0.002817
0.001498
0.007289
0.001594
0.001686
0.001435
0.001689
0.001372
0.001642
0.002044
0.001490
0.001419
0.001431
0.002500
0.001290
0.001426
0.001522
0.002047
0.000577
0.001594
0.002435
0.001435
0.001619
0.001312
0.001647
0.001394
0.001309
0.000544
0.001402
0.001430
0.001389
0.001700
0.002851
0.001410
0.001631
0.001665
0.001435
0.001335
0.001447
0.001702
0.001744
0.001363
0.001347
0.001507
0.001371
0.001320
0.001299
0.001460
0.001596
0.001688
0.001461
0.001483
0.001434
0.001331
0.001281
0.001336
0.001686
0.000962
0.001461
0.001360
0.001505
0.001967
0.001463
0.001606
0.001419
0.001636
0.001828
0.001397
0.001339
0.001735
0.001268
0.001402
0.001595
0.001285
0.001383
0.001452
0.001593
0.001303
0.001355
0.001557
0.001855
0.001773
0.001485
0.001449
0.001549
0.001828
0.001443
0.001733
0.001294
0.001326
0.001412
0.001334
0.001272
0.001498
0.001341
0.001350
0.001421
0.001522
0.001407
0.001428
0.001759
0.001366
0.001550
0.001517
0.002745
0.005627
0.001446
0.001445
0.001713
0.001339
0.001270
0.001743
0.001620
0.001316
0.001525
0.001390
0.001698
0.000663
0.001207
0.001443
0.000747
0.001597
0.001337
0.001796
0.002076
0.001730
0.001345
0.003252
0.001575
0.001563
0.001265
0.001356
0.001715
0.001304
0.001641
0.001590
0.001652
0.001467
0.001991
0.001796
0.001586
0.001335
0.001566
0.001669
0.001312
0.001561
0.001599
0.002032
0.001706
0.002230
0.001259
0.001376
0.001278
0.001376
0.001349
0.001328
0.001398
0.001457
0.001565
0.001409
0.001544
0.001345
0.001328
0.001489
0.001577
0.001408
0.001646
0.001667
0.001824
0.001395
0.000999
0.001372
0.001407
0.001405
0.001770
0.001640
0.001328
0.002526
0.001352
0.001823
0.001291
0.001561
0.001820
0.001448
0.002788
0.001184
0.001689
0.009143
0.000549
0.001248
0.001830
0.001705
0.001369
0.001775
0.001838
0.001452
0.001473
0.001402
0.003703
0.001179
0.001242
0.001424
0.001434
0.001358
0.002365
0.000802
0.001499
0.001707
0.001354
0.001015
0.001489
0.001280
0.001252
0.001577
0.001504
0.001359
0.002692
0.000733
0.001338
0.001444
0.001489
0.001331
0.000746
0.001831
0.001993
0.001341
0.001211
0.001606
0.001471
0.001370
0.001855
0.001367
0.001331
0.001574
0.002642
0.001623
0.001508
0.001415
0.004040
0.001642
0.001360
0.001423
0.002106
0.001329
0.001369
0.001384
0.001600
0.001437
0.001437
0.001409
0.001681
0.002023
0.001345
0.001319
0.001371
0.001432
0.001296
0.001787
0.001523
0.001678
0.001714
0.001748
0.002475
0.001575
0.001438
0.001532
0.001391
0.001506
0.001429
0.001374
0.001484
0.001736
0.001949
0.001918
0.001416
0.001719
0.001431
0.001679
0.001450
0.001342
0.001443
0.003769
0.001888
0.001466
0.001645
0.001248
0.001682
0.001676
0.001813
0.001427
0.001679
0.001716
0.001330
0.001546
0.001368
0.001296
0.001321
0.001626
0.001464
0.001465
0.001390
0.001681
0.001508
0.002143
0.001384
0.001622
0.001298
0.001435
0.001551
0.001668
0.000566
0.001735
0.001257
0.001316
0.001670
0.001651
0.001369
0.003005
0.001662
0.001262
0.001762
0.001519
0.001399
0.001425
0.001015
0.000655
0.001417
0.001689
0.001394
0.001695
0.001432
0.001355
0.001600
0.001450
0.001254
0.001491
0.001425
0.001616
0.001393
0.005678
0.001605
0.001283
0.001288
0.000738
0.001318
0.003166
0.001209
0.003393
0.000526
0.001434
0.001636
0.001370
0.001288
0.001808
0.001480
0.001694
0.001549
0.001539
0.001404
0.001516
0.001647
0.001337
0.001643
0.000434
0.001653
0.001382
0.001368
0.001325
0.001322
0.001345
0.001663
0.002068
0.001334
0.001521
0.002567
0.001471
0.004566
0.001346
0.001278
0.001226
0.002034
0.000942
0.001447
0.001480
0.001381
0.001596
0.002057
0.001360
0.001479
0.001344
0.001365
0.001753
0.001308
0.001525
0.000909
0.001357
0.001323
0.001432
0.001464
0.001499
0.002036
0.001492
0.001298
0.001366
0.001491
0.001288
0.001489
0.001374
0.001735
0.001567
0.001365
0.001401
0.001614
0.001229
0.001556
0.001402
0.001301
0.001229
0.001317
0.001353
0.001665
0.000495
0.001375
0.001395
0.001390
0.001429
0.001587
0.004037
0.044105
0.001788
0.001354
0.001398
0.001524
0.001237
0.001319
0.001766
0.001714
0.001422
0.001414
0.001285
0.001769
0.001753
0.001350
0.001690
0.001484
0.001702
0.001663
0.001222
0.001364
0.001679
0.001491
0.001463
0.001413
0.001681
0.001425
0.001272
0.001350
0.002037
0.001380
0.001904
0.002468
0.001328
0.001699
0.001629
0.001413
0.001426
0.000581
0.001349
0.001316
0.001503
0.001452
0.001481
0.004643
0.001450
0.002078
0.001354
0.001563
0.001573
0.001441
0.001363
0.001338
0.001421
0.002797
0.001384
0.001683
0.001390
0.001399
0.001807
0.001511
0.001449
0.001293
0.001619
0.001409
0.001685
0.001897
0.001502
0.001420
0.001698
0.002022
0.001298
0.001657
0.001589
0.001673
0.001498
0.001677
0.001246
0.003344
0.001709
0.001170
0.001795
0.001931
0.001611
0.001603
0.002671
0.001539
0.001767
0.002480
0.001434
0.001596
0.002064
0.001575
0.001386
0.001825
0.001548
0.001389
0.001382
0.001850
0.001412
0.001845
0.001368
0.001313
0.001666
0.002945
0.001956
0.001294
0.001509
0.001349
0.001536
0.001372
0.001611
0.000701
0.001402
0.001500
0.009746
0.001338
0.001408
0.001357
0.001245
0.001601
0.001221
0.001243
0.001617
0.001613
0.001401
0.001272
0.007892
0.001543
0.001345
0.001307
0.001304
0.002020
0.001838
0.001446
0.002391
0.001529
0.001564
0.002160
0.001485
0.002228
0.000535
0.001335
0.001678
0.001815
0.002080
0.001315
0.001829
0.003663
0.001795
0.001480
0.001252
0.002069
0.001212
0.001364
0.002131
0.001674
0.001677
0.001906
0.003432
0.001704
0.001365
0.002025
0.001431
0.001360
0.001540
0.001455
0.001351
0.002013
0.001393
0.001315
0.002042
0.001537
0.001596
0.001428
0.001931
0.001691
0.001431
0.002425
0.001621
0.001509
0.000663
0.001433
0.001575
0.001584
0.001752
0.000638
0.001403
0.001280
0.001933
0.001256
0.001411
0.001697
0.001421
0.001320
0.001316
0.001308
0.001604
0.001357
0.001611
0.001265
0.001449
0.001578
0.001373
0.001173
0.001613
0.001989
0.001299
0.002754
0.001343
0.001526
0.001416
0.001739
0.001285
0.001614
0.001359
0.001455
0.001319
0.001345
0.001330
0.001289
0.001953
0.001462
0.001223
0.001376
0.001495
0.001589
0.001267
0.001314
0.001498
0.001759
0.001545
0.001811
0.001471
0.001471
0.001282
0.001347
0.001333
0.001511
0.001823
0.001457
0.001402
0.001514
0.000657
0.001337
0.001839
0.001307
0.001610
0.001296
0.001249
0.001405
0.001801
0.001197
0.015382
0.001179
0.001550
0.001375
0.001660
0.001424
0.001236
0.001399
0.001518
0.003248
0.001243
0.001679
0.001324
0.001456
0.001626
0.001516
0.001906
0.001390
0.001476
0.001249
0.001758
0.001176
0.002070
0.001225
0.001687
0.002925
0.001485
0.001432
0.001607
0.000514
0.001394
0.001234
0.001333
0.001465
0.001635
0.001804
0.002552
0.001473
0.001408
0.001316
0.001345
0.001317
0.001638
0.003285
0.001585
0.001557
0.001623
0.001381
0.001527
0.002066
0.001699
0.001703
0.001391
0.001244
0.001425
0.001343
0.001537
0.001403
0.001688
0.001301
0.001307
0.001476
0.001451
0.001324
0.001480
0.001601
0.001226
0.001691
0.001378
0.001349
0.001280
0.001388
0.001188
0.001724
0.001440
0.001311
0.001466
0.001540
0.001572
0.001667
0.001207
0.001710
0.001304
0.001447
0.001359
0.001920
0.001359
0.001454
0.001174
0.001279
0.001385
0.001352
0.001510
0.001460
0.001844
0.001357
0.001748
0.001354
0.001229
0.001509
0.001852
0.001374
0.001786
0.001586
0.001413
0.001542
0.001513
0.001255
0.001404
0.001849
0.001238
0.001466
0.001270
0.000580
0.000563
0.001662
0.001486
0.001499
0.001424
0.001532
0.002143
0.001676
0.001284
0.001600
0.001506
0.001318
0.000867
0.001366
0.001292
0.001415
0.001397
0.001549
0.001905
0.001686
0.001498
0.001455
0.001415
0.001281
0.001531
0.001485
0.001486
0.001680
0.001319
0.001255
0.001428
0.001027
0.001391
0.000778
0.001458
0.001665
0.001444
0.001306
0.001608
0.001750
0.001392
0.001384
0.001959
0.001519
0.001587
0.001625
0.001437
0.001296
0.001316
0.001378
0.001515
0.002316
0.001899
0.002604
0.001491
0.001278
0.001174
0.001543
0.001736
0.001302
0.001629
0.001559
0.001308
0.001303
0.001274
0.001314
0.001467
0.001414
0.000613
0.001353
0.001339
0.001288
0.001332
0.001394
0.001833
0.000438
0.001360
0.001340
0.001370
0.001294
0.001325
0.001219
0.001367
0.001225
0.001358
0.000643
0.001366
0.002930
0.001479
0.001604
0.001423
0.001378
0.001280
0.001212
0.001344
0.001540
0.001293
0.001537
0.001271
0.001346
0.001277
0.001379
0.001636
0.003320
0.001885
0.001344
0.001408
0.001356
0.002378
0.001380
0.001306
0.001858
0.001742
0.001215
0.001638
0.001605
0.003893
0.001316
0.001386
0.001362
0.001869
0.001326
0.001332
0.001199
0.001471
0.001557
0.001355
0.001393
0.000542
0.001346
0.001506
0.001356
0.001418
0.001343
0.002425
0.001214
0.001487
0.001645
0.001463
0.001433
0.001201
0.001733
0.001414
0.003140
0.001278
0.001455
0.001474
0.001261
0.001641
0.001353
0.001397
0.001541
0.001884
0.001482
0.001491
0.001337
0.000681
0.001225
0.001346
0.001547
0.002249
0.001527
0.001389
0.001327
0.001082
0.001361
0.002997
0.002210
0.001376
0.001288
0.001253
0.001710
0.001600
0.001460
0.001312
0.001604
0.001298
0.001268
0.001792
0.001305
0.004150
0.001214
0.001341
0.001541
0.001464
0.000476
0.001284
0.001691
0.001395
0.001505
0.003132
0.001470
0.001357
0.001354
0.001411
0.001522
0.001831
0.001276
0.001862
0.000882
0.001299
0.001371
0.001336
0.001566
0.001629
0.001271
0.001739
0.000491
0.001212
0.001493
0.001393
0.001277
0.001320
0.001552
0.001369
0.001337
0.001757
0.001433
0.001303
0.002237
0.001220
0.001252
0.001347
0.001390
0.001590
0.001292
0.001578
0.002824
0.001219
0.001266
0.001845
0.001390
0.001155
0.001312
0.001873
0.001494
0.001582
0.001436
0.001410
0.001664
0.001417
0.001670
0.001546
0.001493
0.001407
0.001356
0.001329
0.001375
0.001510
0.001668
0.001405
0.001230
0.002136
0.001314
0.001316
0.002024
0.000664
0.001513
0.001380
0.001185
0.001557
0.000793
0.001856
0.001612
0.001696
0.001446
0.001382
0.001105
0.001214
0.001388
0.001301
0.001497
0.001449
0.001761
0.001386
0.001406
0.001632
0.001623
0.001340
0.001258
0.001300
0.001483
0.001556
0.001390
0.001976
0.001455
0.000454
0.001797
0.001508
0.001514
0.001254
0.001692
0.001307
0.001168
0.001412
0.001677
0.001920
0.001618
0.001333
0.001426
0.001481
0.000718
0.001252
0.001606
0.001409
0.001654
0.001470
0.001889
0.001353
0.001618
0.002134
0.001555
0.001578
0.001297
0.001772
0.001553
0.001439
0.001372
0.001449
0.001304
0.002136
0.001293
0.001465
0.001335
0.001476
0.001472
0.002699
0.001220
0.001379
0.001631
0.001821
0.001336
0.003802
0.001551
0.001276
0.001726
0.001322
0.001633
0.001364
0.001375
0.001368
0.001590
0.001534
0.001601
0.001312
0.001467
0.001320
0.001288
0.001395
0.001695
0.001673
0.001549
0.001570
0.001939
0.001713
0.001600
0.001293
0.001602
0.001377
0.001336
0.001732
0.001391
0.001479
0.001670
0.001403
0.001298
0.001238
0.001665
0.001541
0.001465
0.001388
0.001637
0.001680
0.001891
0.001558
0.001368
0.001645
0.001273
0.001750
0.001445
0.001673
0.001636
0.003095
0.001337
0.001433
0.002447
0.001447
0.001435
0.001258
0.001024
0.001320
0.001289
0.001507
0.001653
0.001309
0.001211
0.001527
0.001215
0.001528
0.001371
0.001755
0.001720
0.001351
0.001629
0.001296
0.001562
0.001369
0.001432
0.001743
0.001812
0.001560
0.001385
0.001489
0.001432
0.001211
0.000632
0.000519
0.002815
0.000501
0.001761
0.001518
0.000603
0.000490
0.000861
0.001557
0.002659
0.001548
0.002136
0.001386
0.002015
0.002204
0.001526
0.001895
0.001515
0.001328
0.002951
0.001508
0.001336
0.001377
0.001529
0.001278
0.001526
0.001439
0.001386
0.001856
0.001447
0.001407
0.001440
0.000943
0.001408
0.001813
0.001436
0.001582
0.001546
0.001459
0.001512
0.001623
0.001353
0.001508
0.000510
0.001481
0.001606
0.001434
0.001300
0.001247
0.001474
0.001410
0.000655
0.001359
0.001754
0.001830
0.002267
0.001284
0.001383
0.001413
0.001274
0.001885
0.001115
0.001258
0.001397
0.001441
0.001195
0.001382
0.001287
0.001391
0.001328
0.001261
0.001270
0.001855
0.001468
0.001428
0.001428
0.001242
0.001378
0.001325
0.001531
0.001445
0.001370
0.001522
0.001655
0.001325
0.001264
0.000823
0.000606
0.001316
0.001397
0.001476
0.001370
0.001275
0.000665
0.001462
0.002588
0.001392
0.000442
0.001780
0.001241
0.001343
0.001557
0.001684
0.001809
0.001504
0.001660
0.001450
0.001584
0.001370
0.001456
0.001283
0.001299
0.001416
0.001539
0.001482
0.001369
0.001304
0.001629
0.001460
0.001702
0.001286
0.001616
0.001427
0.001372
0.004503
0.001485
0.001435
0.001259
0.000533
0.001579
0.002502
0.002084
0.002107
0.001174
0.001535
0.001344
0.001224
0.001641
0.003663
0.001787
0.002048
0.001259
0.001458
0.001634
0.001293
0.000558
0.001229
0.001324
0.001338
0.001604
0.001415
0.001686
0.001760
0.001471
0.000615
0.001170
0.000579
0.001684
0.001455
0.001366
0.001459
0.001759
0.001667
0.001445
0.001537
0.001251
0.001289
0.001278
0.001274
0.001586
0.001338
0.001804
0.001177
0.001499
0.001291
0.001316
0.001414
0.001269
0.001273
0.001806
0.001281
0.001276
0.001275
0.001594
0.001378
0.001425
0.001399
0.001269
0.001424
0.001218
0.000586
0.001273
0.002154
0.001163
0.000637
0.001234
0.001411
0.001895
0.001363
0.000986
0.001991
0.001930
0.001675
0.000465
0.002086
0.001615
0.003022
0.002234
0.001603
0.001393
0.001616
0.001404
0.001402
0.001605
0.001265
0.001321
0.001443
0.001412
0.001282
0.002545
0.001297
0.001336
0.001877
0.002792
0.001402
0.001549
0.002262
0.001391
0.001412
0.001303
0.001997
0.001357
0.001372
0.001443
0.001210
0.001010
0.001527
0.003511
0.002075
0.001500
0.001313
0.001382
0.002521
0.000566
0.001415
0.001249
0.001189
0.001647
0.001832
0.001392
0.001710
0.001348
0.001315
0.001262
0.001293
0.000608
0.001286
0.001387
0.001272
0.001831
0.001270
0.001039
0.001363
0.001349
0.001920
0.002115
0.001355
0.001227
0.001668
0.001477
0.001376
0.001311
0.001192
0.001338
0.001276
0.001423
0.001496
0.002076
0.001314
0.001961
0.001994
0.001513
0.001261
0.001410
0.001908
0.001439
0.001574
0.001305
0.001900
0.001507
0.001556
0.001549
0.001634
0.001339
0.001646
0.001272
0.001415
0.001327
0.001475
0.001306
0.001212
0.001541
0.001306
0.001635
0.001517
0.001287
0.001282
0.001377
0.001309
0.002388
0.001437
0.001252
0.001233
0.001634
0.001634
0.001401
0.001539
0.001543
0.001637
0.001372
0.001400
0.001148
0.001324
0.001935
0.001458
0.001576
0.001267
0.001402
0.001291
0.001445
0.001398
0.001301
0.001389
0.001336
0.001416
0.001853
0.001313
0.001353
0.001768
0.001248
0.001273
0.001236
0.001658
0.002016
0.001555
0.001298
0.001528
0.005684
0.001708
0.001341
0.001684
0.001417
0.001280
0.001488
0.001371
0.001449
0.001461
0.001375
0.001302
0.001863
0.001232
0.001317
0.001578
0.001616
0.001435
0.000863
0.001403
0.001713
0.002156
0.001344
0.001261
0.000604
0.001518
0.000542
0.002765
0.003800
0.001991
0.000598
0.001248
0.001354
0.001320
0.001283
0.001903
0.001862
0.001365
0.002859
0.001992
0.014313
0.001468
0.001565
0.001423
0.001405
0.001551
0.001527
0.001896
0.001336
0.001352
0.001502
0.001416
0.001340
0.001604
0.001603
0.001379
0.001489
0.001321
0.001343
0.001505
0.002408
0.001410
0.001515
0.001255
0.001487
0.001436
0.001373
0.001661
0.001729
0.001224
0.001268
0.001414
0.001389
0.001388
0.001761
0.001229
0.001690
0.001421
0.001222
0.002078
0.001512
0.001417
0.001377
0.001337
0.001587
0.001859
0.001491
0.001245
0.001383
0.001511
0.001685
0.001522
0.001535
0.001378
0.001639
0.001582
0.001649
0.001466
0.001253
0.001611
0.006178
0.001757
0.001447
0.001488
0.001715
0.001297
0.001306
0.002479
0.000690
0.002108
0.001504
0.001582
0.001252
0.001700
0.009305
0.001304
0.002611
0.001378
0.001552
0.001241
0.001481
0.001573
0.001468
0.001579
0.001897
0.001594
0.001346
0.001312
0.001838
0.001409
0.001474
0.001252
0.001375
0.001568
0.001864
0.001872
0.001455
0.000528
0.001376
0.001465
0.002179
0.001768
0.001406
0.001443
0.001771
0.001382
0.001427
0.001498
0.001671
0.001763
0.001860
0.001693
0.002124
0.001739
0.001524
0.001618
0.001381
0.000523
0.001423
0.001405
0.001636
0.001734
0.001510
0.002871
0.001248
0.001845
0.001395
0.001856
0.001503
0.001443
0.001793
0.001482
0.001563
0.001368
0.001261
0.001235
0.001539
0.001611
0.001352
0.001631
0.001679
0.001837
0.001416
0.001116
0.001477
0.001186
0.001528
0.001190
0.001325
0.001173
0.000611
0.002088
0.001556
0.001594
0.001376
0.001549
0.000593
0.001427
0.001264
0.001236
0.001650
0.001345
0.001351
0.001931
0.001472
0.001653
0.001205
0.001338
0.001473
0.001339
0.000941
0.000715
0.000636
0.001527
0.001495
0.001198
0.001437
0.001572
0.001321
0.001401
0.001647
0.001383
0.001416
0.001619
0.001500
0.001403
0.001376
0.022799
0.001477
0.001720
0.001910
0.001536
0.001567
0.001494
0.001303
0.001582
0.001509
0.001610
0.001337
0.001608
0.001869
0.001579
0.001545
0.001521
0.001154
0.001380
0.001571
0.001805
0.001595
0.001331
0.001868
0.001460
0.001291
0.001293
0.001603
0.001611
0.002211
0.001314
0.001647
0.001327
0.001636
0.001578
0.001672
0.001757
0.001823
0.001473
0.001329
0.001521
0.001542
0.001344
0.001762
0.001486
0.001507
0.001498
0.001366
0.001641
0.001425
0.001916
0.001435
0.001336
0.001723
0.001404
0.001687
0.001728
0.001684
0.001198
0.001344
0.001704
0.001413
0.001273
0.001852
0.001321
0.001339
0.001415
0.001552
0.001405
0.001517
0.001452
0.001638
0.001354
0.001227
0.001481
0.001736
0.001631
0.001617
0.001598
0.001634
0.002547
0.001703
0.001246
0.001542
0.001543
0.001593
0.002181
0.001638
0.001642
0.001256
0.001704
0.001294
0.001540
0.001549
0.001605
0.001549
0.001527
0.001370
0.001184
0.001326
0.001343
0.001578
0.001313
0.001545
0.001968
0.001599
0.001857
0.001456
0.001817
0.001318
0.001455
0.001381
0.001695
0.001564
0.001287
0.001839
0.001596
0.001692
0.001708
0.001873
0.001669
0.001776
0.001346
0.001650
0.001483
0.001700
0.001816
0.001609
0.001480
0.001459
0.001610
0.001812
0.001508
0.001481
0.001220
0.001536
0.001494
0.001251
0.001544
0.001347
0.001206
0.001631
0.002001
0.001724
0.003614
0.009235
0.001746
0.001426
0.001411
0.001606
0.001442
0.000570
0.001372
0.001636
0.001523
0.001359
0.001451
0.001252
0.001307
0.001266
0.001447
0.001453
0.001384
0.001652
0.001563
0.001178
0.000474
0.001464
0.001492
0.001360
0.001282
0.001252
0.001408
0.001477
0.001265
0.001471
0.001184
0.004802
0.001715
0.001462
0.001695
0.001311
0.001308
0.001482
0.001388
0.001169
0.000542
0.000600
0.001534
0.002053
0.000544
0.001921
0.001441
0.001285
0.001419
0.001260
0.001506
0.001339
0.001416
0.001458
0.001391
0.001733
0.001366
0.001536
0.001295
0.001432
0.001990
0.001631
0.001463
0.001523
0.001403
0.001339
0.001842
0.000543
0.001681
0.001573
0.001266
0.000935
0.001366
0.001765
0.001367
0.001467
0.001592
0.001560
0.001238
0.001395
0.001362
0.002001
0.001301
0.001606
0.001657
0.001206
0.002091
0.002816
0.001548
0.001386
0.002639
0.012283
0.001555
0.001370
0.001675
0.002167
0.002783
0.001465
0.001399
0.001217
0.002647
0.001714
0.002955
0.001329
0.002697
0.001451
0.001749
0.001780
0.002492
0.002322
0.001564
0.000802
0.001500
0.001465
0.002391
0.001323
0.001666
0.001726
0.002676
0.003052
0.001287
0.001782
0.001339
0.001404
0.001773
0.001614
0.000638
0.001676
0.001436
0.001398
0.001338
0.000633
0.001419
0.001421
0.001951
0.001792
0.001579
0.001948
0.001308
0.001768
0.001328
0.001897
0.002182
0.001324
0.001548
0.001548
0.001788
0.001543
0.001549
0.001337
0.001724
0.001323
0.001764
0.001562
0.001486
0.001961
0.001609
0.001693
0.001552
0.001680
0.001681
0.001771
0.001662
0.001792
0.001588
0.001195
0.001601
0.001742
0.001600
0.001684
0.001339
0.001349
0.001417
0.001425
0.001471
0.001668
0.001240
0.001563
0.001646
0.001543
0.001844
0.001308
0.002080
0.001299
0.001730
0.001582
0.001881
0.001625
0.001373
0.001871
0.001479
0.001688
0.001262
0.002299
0.001339
0.001342
0.001294
0.001710
0.001560
0.001287
0.001773
0.001689
0.001900
0.002139
0.002530
0.002530
0.001567
0.001614
0.001519
0.001387
0.001745
0.001599
0.001424
0.001689
0.001277
0.001323
0.001564
0.001576
0.001496
0.001456
0.001344
0.001246
0.001586
0.001296
0.001212
0.001618
0.001678
0.001355
0.001302
0.001414
0.002000
0.001254
0.001344
0.001614
0.001370
0.001447
0.001387
0.001486
0.001430
0.001392
0.001323
0.001293
0.001317
0.001291
0.001278
0.001271
0.001393
0.001451
0.001626
0.000978
0.001272
0.001842
0.001853
0.002137
0.001551
0.001660
0.002918
0.001772
0.001420
0.001532
0.001438
0.001360
0.001565
0.001359
0.002139
0.001438
0.000583
0.000695
0.001320
0.000510
0.001458
0.001378
0.001301
0.001599
0.001307
0.001722
0.001540
0.001769
0.000555
0.001312
0.001786
0.001589
0.001311
0.000768
0.001571
0.001296
0.001774
0.001610
0.001994
0.001386
0.001730
0.001503
0.001095
0.005043
0.002074
0.001482
0.001445
0.001363
0.001658
0.001776
0.001456
0.001313
0.001439
0.001906
0.000439
0.001430
0.001432
0.000605
0.001339
0.001237
0.002892
0.001280
0.001440
0.001291
0.001378
0.001341
0.001518
0.001295
0.001661
0.002229
0.001441
0.001640
0.001267
0.001797
0.001641
0.001340
0.001259
0.001352
0.001624
0.001344
0.001976
0.001372
0.000697
0.000559
0.001502
0.001392
0.001367
0.001331
0.001581
0.001306
0.001421
0.001397
0.001547
0.001835
0.001189
0.001945
0.001159
0.002933
0.001475
0.001346
0.001181
0.001247
0.001610
0.001599
0.001450
0.001406
0.001348
0.001566
0.000898
0.001316
0.001571
0.001299
0.001691
0.003311
0.001353
0.001362
0.001232
0.001882
0.001317
0.001213
0.001191
0.001263
0.001204
0.003947
0.001410
0.001266
0.001234
0.001252
0.001565
0.001499
0.001687
0.001275
0.001199
0.001247
0.001336
0.001375
0.001371
0.001376
0.001350
0.000555
0.001314
0.001357
0.001278
0.001306
0.001271
0.001447
0.001361
0.001457
0.001423
0.001552
0.001456
0.001259
0.001256
0.001874
0.001387
0.001589
0.001350
0.001571
0.001416
0.001548
0.001564
0.001857
0.001241
0.001020
0.001289
0.001015
0.001648
0.003027
0.001444
0.001359
0.001286
0.001247
0.001330
0.001601
0.001340
0.001255
0.001414
0.001454
0.001270
0.001331
0.002312
0.001207
0.001441
0.001341
0.001427
0.001322
0.001346
0.001300
0.003099
0.001609
0.001649
0.001795
0.000565
0.001633
0.001356
0.001249
0.001366
0.003600
0.001351
0.001550
0.001502
0.003613
0.002283
0.001494
0.001637
0.001560
0.001625
0.001783
0.001303
0.001446
0.000854
0.001616
0.001315
0.001609
0.001602
0.001325
0.001304
0.001210
0.001575
0.001500
0.001714
0.000778
0.001416
0.001515
0.001316
0.001217
0.043509
0.000631
0.001646
0.001590
0.001283
0.000871
0.001442
0.001552
0.001545
0.001281
0.001667
0.002347
