0.074114
0.116046
0.126205
0.201425
0.154315
0.106352
0.145925
0.195326
0.141234
0.083543
0.071411
0.097176
0.072700
0.074002
0.065768
0.067925
0.070822
0.073652
0.074165
0.076783
0.065345
0.070587
0.085222
0.113314
0.073631
0.075448
0.072407
0.079691
0.099853
0.073946
0.130366
0.074624
0.072217
0.072329
0.076756
0.065491
0.070160
0.070002
0.248101
0.073769
0.071873
0.072470
0.073956
0.076120
0.081206
0.065583
0.064367
0.066152
0.067842
0.074237
0.063797
0.075852
0.071408
0.072256
0.072290
0.068188
0.077363
0.175447
0.080988
0.135681
0.145947
0.130264
0.070122
0.109714
0.070193
0.080076
0.074700
0.128192
0.071065
0.075553
0.070932
0.209555
0.070337
0.078254
0.087012
0.103879
0.073483
0.073171
0.069084
0.071487
0.136066
0.076280
0.070161
0.177492
0.102567
0.071723
0.070051
0.077055
0.067772
0.139754
0.114152
0.251290
0.086045
0.079712
0.076604
0.071809
0.173135
0.077571
0.078262
0.070822
0.069386
0.073208
0.058402
0.118682
0.069213
0.070875
0.074272
0.070020
0.069789
0.071435
0.127405
0.077255
0.068044
0.070588
0.072299
0.075597
0.070077
0.069016
0.070362
0.070402
0.116134
0.177254
0.073211
0.106296
0.085643
0.070104
0.120705
0.070571
0.185732
0.068977
0.068766
0.100230
0.058074
0.069965
0.087403
0.075029
0.079730
0.066777
0.081695
0.058267
0.076380
0.080738
0.073327
0.071245
0.068921
0.071007
0.072032
0.077067
0.069864
0.069728
0.070050
0.076941
0.074917
0.073624
0.320179
0.073571
0.072883
0.078651
0.074334
0.077504
0.091596
0.073406
0.075369
0.071595
0.075337
0.087298
0.072496
0.070988
0.078310
0.067334
0.080066
0.072965
0.073078
0.072934
0.065448
0.073246
0.082418
0.071763
0.145039
0.065106
0.076750
0.071671
0.080364
0.071564
0.078066
0.072562
0.086921
0.075539
0.071281
0.099172
0.074847
0.074047
0.087898
0.070788
0.066545
0.073305
0.180823
0.073316
0.082007
0.069708
0.067338
0.086518
0.113980
0.145695
0.073114
0.099157
0.072908
0.077580
0.141383
0.072256
0.143207
0.080325
0.339734
0.079605
0.093767
0.107037
0.074670
0.092342
0.074573
0.074667
0.084897
0.074076
0.097961
0.073187
0.217980
0.072470
0.081272
0.078730
0.084915
0.076398
0.097786
0.074016
0.080920
0.072479
0.074772
0.095743
0.073684
0.139021
0.078602
0.089781
0.073363
0.238558
0.126817
0.075567
0.082951
0.071767
0.074842
0.076570
0.095487
0.080987
0.074439
0.072194
0.081147
0.071235
0.096324
0.077852
0.073912
0.073400
0.075852
0.074267
0.088441
0.080914
0.075924
0.117566
0.062226
0.072162
0.071524
0.078225
0.095901
0.192740
0.070656
0.071328
0.144248
0.101347
0.075371
0.081092
0.083701
0.104024
0.148838
0.153669
0.123753
0.261226
0.078386
0.071998
0.067706
0.074595
0.076458
0.066439
0.080222
0.072026
0.094725
0.072500
0.063249
0.081838
0.072254
0.076524
0.055248
0.063070
0.072957
0.069597
0.075078
0.083723
0.071848
0.075521
0.153849
0.070235
0.081047
0.073973
0.063606
0.075093
0.108636
0.071595
0.080586
0.173482
0.064997
0.081691
0.067615
0.077393
0.069927
0.065368
0.072446
0.077252
0.137530
0.115308
0.087218
0.174165
0.147228
0.066899
0.150205
0.234564
0.086743
0.075494
0.063940
0.082965
0.123605
0.119128
0.070057
0.098797
0.136770
0.088406
0.089183
0.068598
0.094790
0.098282
0.081223
0.087214
0.089637
0.093165
0.087540
0.087492
0.097853
0.092620
0.101135
0.083617
0.093307
0.105526
0.097783
0.089537
0.079405
0.091806
0.085857
0.091079
0.085238
0.071548
0.087213
0.084661
0.087170
0.117899
0.091241
0.098223
0.104664
0.094281
0.095167
0.088159
0.086819
0.110459
0.095433
0.087356
0.119835
0.104256
0.102346
0.091739
0.092441
0.100493
0.070742
0.092831
0.088612
0.095180
0.088843
0.087213
0.087191
0.075841
0.087959
0.072108
0.083595
0.075710
0.066147
0.063447
0.068298
0.077176
0.097875
0.102897
0.089278
0.110875
0.092699
0.067374
0.299834
0.101981
0.084968
0.109991
0.073853
0.079571
0.089671
0.089542
0.092247
0.082949
0.094679
0.095038
0.086847
0.103125
0.085058
0.091654
0.086741
0.095135
0.095553
0.088918
0.099864
0.090693
0.094509
0.091188
0.091238
0.097400
0.085998
0.128838
0.086154
0.087679
0.103412
0.088391
0.090961
0.087858
0.100059
0.134209
0.099417
0.090877
0.080563
0.071103
0.097947
0.091865
0.074330
0.097625
0.085491
0.097594
0.087918
0.087829
0.086247
0.081506
0.095767
0.087461
0.068556
0.083946
0.087696
0.089493
0.087485
0.086381
0.087772
0.089110
0.100260
0.087251
0.101870
0.087985
0.085377
0.088788
0.099235
0.088318
0.092348
0.071207
0.090777
0.103798
0.087452
0.089941
0.105142
0.097606
0.104784
0.070454
0.088257
0.088279
0.093179
0.092690
0.084269
0.096285
0.110005
0.089525
0.090928
0.095969
0.065047
0.086416
0.091232
0.074914
0.081473
0.085106
0.089439
0.106674
0.117914
0.044466
0.086984
0.099446
0.099464
0.097177
0.094315
0.104641
0.087943
0.113082
0.080187
0.091242
0.090850
0.091395
0.086854
0.087426
0.096985
0.105415
0.095871
0.094749
0.097778
0.086394
0.086195
0.079957
0.082038
0.093352
0.091340
0.079074
0.108916
0.093474
0.093086
0.096159
0.094216
0.097475
0.088954
0.092664
0.093255
0.088317
0.112548
0.099831
0.099726
0.086391
0.102778
0.097645
0.103018
0.131019
0.089800
0.098158
0.098536
0.103190
0.087513
0.099865
0.086632
0.097819
0.109640
0.087659
0.070800
0.083402
0.119195
0.092204
0.085652
0.109386
0.093712
0.088103
0.091666
0.092740
0.104172
0.086599
0.087045
0.089359
0.096331
0.103770
0.119711
0.101250
0.148737
0.091473
0.091986
0.102092
0.103642
0.084758
0.088237
0.081579
0.093516
0.096019
0.070701
0.087695
0.082708
0.086671
0.088302
0.090029
0.095360
0.088074
0.092485
0.089058
0.092379
0.100106
0.097973
0.104791
0.083939
0.095249
0.097229
0.090294
0.088718
0.090083
0.087262
0.083251
0.102990
0.087544
0.109569
0.092573
0.090029
0.100104
0.099731
0.085487
0.084002
0.090060
0.088668
0.086063
0.089703
0.089542
0.089493
0.089486
0.199591
0.057378
0.093069
0.097447
0.076416
0.102232
0.106161
0.096460
0.180468
0.063504
0.079900
0.136175
0.096262
0.094008
0.129927
0.096629
0.118422
0.091721
0.088006
0.108121
0.096698
0.103399
0.091953
0.108549
0.085864
0.094432
0.096638
0.089938
0.089476
0.098918
0.070896
0.095833
0.087682
0.086977
0.095479
0.095703
0.102637
0.101762
0.096543
0.104297
0.073793
0.102596
0.092094
0.110883
0.090736
0.085341
0.100646
0.102632
0.106046
0.099940
0.086587
0.098312
0.088644
0.117902
0.094086
0.121698
0.087192
0.081217
0.085590
0.112151
0.104492
0.093331
0.106827
0.082564
0.095252
0.089616
0.088947
0.107209
0.090850
0.102296
0.090596
0.094889
0.087346
0.076743
0.103250
0.110799
0.087423
0.095839
0.062890
0.093654
0.088081
0.374564
0.081515
0.102505
0.097798
0.087962
0.089990
0.089849
0.072332
0.087482
0.086448
0.101079
0.091172
0.081343
0.086341
0.088925
0.085064
0.095884
0.450468
0.087918
0.106424
0.099689
0.089095
0.105766
0.092186
0.092747
0.427098
0.075709
0.087025
0.095056
0.099006
0.102396
0.095168
0.120183
0.092151
0.099142
0.091500
0.106096
0.102316
0.111268
0.099593
0.081458
0.130234
0.104316
0.084859
0.237726
0.097349
0.115003
0.075946
0.094774
0.094545
0.105653
0.089574
0.086302
0.099849
0.115185
0.103913
0.086661
0.087572
0.093298
0.109329
0.071477
0.087723
0.413921
0.175883
0.109194
0.096025
0.086632
0.094097
0.089872
0.093885
0.087796
0.098072
0.092701
0.090575
0.085307
0.085036
0.091657
0.082408
0.101659
0.088663
0.108350
0.087454
0.091017
0.087975
0.087361
0.091495
0.104493
0.087412
0.096365
0.094472
0.091681
0.091030
0.002145
0.032509
0.057812
0.044257
0.042206
0.016465
0.070038
0.055442
0.004443
0.000066
0.000121
0.000074
0.000086
0.000071
0.000087
0.000085
0.000049
0.000039
0.000075
0.000036
0.000090
0.000036
0.000075
0.000062
0.000038
0.000052
0.000043
0.000039
0.000033
0.000087
0.000038
0.000072
0.000079
0.000035
0.000093
0.000037
0.000032
0.000039
0.000038
0.000089
0.000062
0.000031
0.000058
0.000045
0.000068
0.000038
0.000043
0.000080
0.000044
0.000032
0.000053
0.000040
0.000039
0.000076
0.000037
0.000052
0.000065
0.000072
0.000058
0.000087
0.000033
0.000065
0.000065
0.000073
0.000039
0.000064
0.000042
0.000059
0.000091
0.000058
0.000096
0.000069
0.000116
0.025506
0.048539
0.044608
0.048352
0.046555
0.043761
0.042515
0.041776
0.076471
0.040972
0.027733
0.018799
0.022569
0.026568
0.030448
0.029150
0.059721
0.004558
0.018561
0.022248
0.065235
0.042666
0.018685
