0.126920
0.103502
0.087262
0.091276
0.088739
0.093584
0.093403
0.349743
0.097105
0.092201
0.095760
0.086457
0.088606
0.088439
0.091129
0.087685
0.084990
0.101466
0.094577
0.087774
0.064544
0.092570
0.088434
0.195556
0.112169
0.089335
0.089914
0.093458
0.144399
0.092542
0.092118
0.096447
0.088726
0.166913
0.095061
0.088688
0.081010
0.087456
0.173816
0.096264
0.084123
0.093938
0.091757
0.092483
0.087477
0.264479
0.086850
0.099692
0.162737
0.087009
0.086162
0.092624
0.088664
0.109843
0.074040
0.081761
0.085822
0.093806
0.156072
0.091614
0.080046
0.086581
0.097991
0.146545
0.088658
0.089760
0.090221
0.087624
0.091159
0.089298
0.090628
0.091849
0.095415
0.133973
0.101766
0.087898
0.080470
0.089356
0.091375
0.099131
0.081971
0.090175
0.086137
0.163764
0.093309
0.078997
0.083013
0.090252
0.375864
0.532331
0.165091
0.469295
0.456280
0.100638
0.089205
0.096512
0.082499
0.073750
0.130561
0.093679
0.089268
0.089378
0.097170
0.174248
0.088054
0.089022
0.091627
0.087194
0.091283
0.093173
0.092734
0.097882
0.097294
0.095073
0.091407
0.087070
0.095675
0.087359
0.093710
0.089658
0.085391
0.099631
0.089888
0.098346
0.095897
0.099800
0.085549
0.086382
0.090785
0.091217
0.085536
0.089692
0.094821
0.114609
0.094625
0.087663
0.092638
0.089880
0.094089
0.096321
0.087106
0.104703
0.093066
0.126205
0.092808
0.087476
0.106748
0.088273
0.093508
0.089056
0.087263
0.080923
0.100994
0.114376
0.106753
0.094044
0.088526
0.088306
0.157591
0.089809
0.085309
0.090448
0.087696
0.089403
0.092452
0.087616
0.093532
0.105568
0.170373
0.094359
0.087848
0.098436
0.102122
0.146408
0.087489
0.088351
0.088354
0.086679
0.140872
0.096323
0.094919
0.086137
0.096385
0.150197
0.088177
0.088945
0.087563
0.101107
0.092468
0.085801
0.088409
0.093448
0.094863
0.094929
0.092030
0.100995
0.096898
0.089624
0.173721
0.090474
0.089766
0.089105
0.098720
0.131594
0.093076
0.090203
0.089840
0.072944
0.189157
0.098178
0.091583
0.092611
0.095484
0.193613
0.100299
0.106087
0.089772
0.104673
0.098903
0.096931
0.093892
0.095876
0.088402
0.186141
0.088324
0.088471
0.088820
0.088619
0.100325
0.098911
0.092440
0.095196
0.096941
0.090767
0.090624
0.096600
0.091329
0.091493
0.206690
0.111202
0.097254
0.101491
0.091804
0.194435
0.104326
0.092680
0.092191
0.130717
0.161324
0.107093
0.089519
0.081455
0.089214
0.201444
0.086898
0.087908
0.080928
0.075841
0.091314
0.087724
0.086461
0.086791
0.087990
0.092696
0.086135
0.090440
0.081094
0.095379
0.089685
0.095485
0.079110
0.078789
0.106969
0.184467
0.088579
0.089234
0.080917
0.091314
0.189700
0.097793
0.088426
0.080557
0.096447
0.090322
0.097536
0.164028
0.078065
0.090590
0.290245
0.088386
0.097959
0.077518
0.087101
0.141980
0.089531
0.101757
0.098250
0.087722
0.162830
0.089197
0.095110
0.089550
0.079686
0.083032
0.088362
0.088554
0.095852
0.088447
0.092612
0.108273
0.088996
0.080469
0.086310
0.092188
0.088976
0.096149
0.087703
0.155769
0.090092
0.153749
0.089583
0.083937
0.088201
0.080986
0.123000
0.089054
0.081651
0.101066
0.075740
0.143931
0.114819
0.081636
0.096789
0.088820
0.090839
0.087539
0.145781
0.090682
0.086457
0.089023
0.089251
0.086074
0.090137
0.087638
0.086791
0.094452
0.239153
0.100697
0.099117
0.090323
0.106205
0.088039
0.092403
0.089653
0.186181
0.085941
0.078410
0.089093
0.097046
0.130941
0.087677
0.080336
0.092514
0.087444
0.086740
0.080512
0.149289
0.092488
0.087057
0.088650
0.082834
0.081314
0.179538
0.092483
0.089458
0.095358
0.080165
0.092230
0.086412
0.091841
0.087461
0.081473
0.085811
0.101264
0.096386
0.065074
0.081115
0.088468
0.086467
0.084004
0.084340
0.084491
0.088619
0.099799
0.092434
0.087967
0.089736
0.086656
0.096715
0.100351
0.095619
0.080788
0.087505
0.088881
0.089255
0.077925
0.088153
0.084347
0.077553
0.096981
0.075551
0.093410
0.092624
0.089208
0.069946
0.091411
0.082633
0.095260
0.093313
0.092747
0.073081
0.091407
0.078141
0.091493
0.090715
0.093875
0.088472
0.094793
0.066080
0.110127
0.122858
0.090878
0.092632
0.085895
0.090555
0.087453
0.088450
0.097616
0.095714
0.086811
0.085049
0.069780
0.089799
0.093399
0.090522
0.086806
0.092904
0.089115
0.097632
0.098841
0.166103
0.087318
0.078550
0.088791
0.087311
0.083810
0.113485
0.087566
0.085181
0.092412
0.092367
0.089431
0.085551
0.098881
0.098360
0.082466
0.085765
0.092920
0.081968
0.062860
0.092647
0.081839
0.090848
0.090787
0.088899
0.092269
0.092541
0.054941
0.085697
0.093720
0.119121
0.089107
0.076602
0.096608
0.097798
0.089929
0.090009
0.105836
0.096789
0.089515
0.090067
0.098511
0.088145
0.087778
0.128655
0.131745
0.103008
0.091434
0.076127
0.092245
0.085564
0.084716
0.089192
0.074127
0.099027
0.096420
0.102187
0.090473
0.116446
0.093570
0.093359
0.094708
0.085886
0.091171
0.082836
0.096090
0.097343
0.087814
0.145276
0.095492
0.085640
0.090565
0.092346
0.088929
0.134053
0.086161
0.085948
0.086117
0.105626
0.079763
0.078300
0.068780
0.345743
0.099182
0.070970
0.084584
0.091060
0.094957
0.098562
0.084569
0.076082
0.100395
0.148199
0.093313
0.080664
0.095166
0.090895
0.097047
0.134668
0.063360
0.090060
0.089450
0.090519
0.086310
0.097284
0.090921
0.091758
0.076018
0.086388
0.096892
0.089013
0.090895
0.082618
0.089407
0.103119
0.095357
0.087609
0.100135
0.090008
0.095537
0.082533
0.086770
0.088061
0.103664
0.089364
0.084028
0.091031
0.093245
0.099190
0.083548
0.088585
0.077863
0.091782
0.089123
0.092674
0.086634
0.081826
0.076555
0.086738
0.088630
0.106373
0.099597
0.088271
0.089854
0.092020
0.086731
0.092504
0.086019
0.092754
0.089644
0.086687
0.092577
0.099090
0.088456
0.089303
0.094668
0.095142
0.089292
0.085830
0.093634
0.085841
0.094379
0.087320
0.086195
0.092919
0.090105
0.089589
0.092400
0.089169
0.096177
0.090655
0.089322
0.097509
0.095925
0.468094
0.109807
0.091884
0.091803
0.096860
0.096916
0.088760
0.145305
0.089508
0.073221
0.092552
0.088405
0.092126
0.086591
0.108934
0.106940
0.086731
0.085735
0.089707
0.090210
0.079498
0.113502
0.092487
0.085718
0.089949
0.087752
0.106623
0.092340
0.091173
0.093283
0.078024
0.098950
0.087107
0.088859
0.091316
0.090350
0.093269
0.091858
0.094453
0.087851
0.093084
0.086408
0.089760
0.091232
0.118617
0.119883
0.091232
0.100415
0.091495
0.091850
0.091982
0.077589
0.099626
0.091909
0.094180
0.257691
0.089539
0.098393
0.106546
0.094684
0.101489
0.097515
0.088108
0.087135
0.087567
0.103434
0.101120
0.090962
0.086912
0.092627
0.097353
0.090679
0.103610
0.089109
0.099692
0.091499
0.094754
0.108272
0.096090
0.099842
0.087764
0.114031
0.091843
0.086410
0.086158
0.087908
0.091412
0.097320
0.090044
0.100475
0.093746
0.109183
0.091750
0.088393
0.071862
0.101071
0.078787
0.122670
0.097912
0.099855
0.097814
0.087164
0.088492
0.093707
0.080583
0.097780
0.104345
0.092074
0.093381
0.082911
0.092782
0.082766
0.087136
0.077983
0.091789
0.088173
0.088555
0.093611
0.091861
0.085921
0.093905
0.089809
0.108129
0.103428
0.088148
0.097799
0.112031
0.103117
0.090850
0.129522
0.098007
0.088767
0.081984
0.099340
0.101960
0.089884
0.081730
0.127533
0.111406
0.115321
0.096789
0.084320
0.112476
0.110859
0.093061
0.092083
0.151053
0.091156
0.092517
0.090585
0.100160
0.094372
0.093333
0.089590
0.091434
0.170883
0.107253
0.086838
0.085790
0.092801
0.094764
0.104878
0.087430
0.109555
0.094494
0.104516
0.113996
0.100895
0.097751
0.096981
0.097795
0.093316
0.099909
0.088787
0.097040
0.088980
0.127802
0.097804
0.089552
0.091522
0.078592
0.086959
0.098435
0.092638
0.093944
0.097200
0.100862
0.080883
0.087297
0.088265
0.096424
0.090940
0.111145
0.093359
0.094162
0.103486
0.098533
0.097033
0.088493
0.089889
0.090967
0.091816
0.081011
0.093556
0.087606
0.105298
0.075809
0.077205
0.087666
0.096358
0.184389
0.139258
0.096032
0.145439
0.090107
0.088001
0.122000
0.167824
0.097463
0.092419
0.108165
0.102130
0.088257
0.091178
0.078810
0.091586
0.088385
0.103713
0.101820
0.603558
0.092965
0.128826
0.094615
0.091332
0.092033
0.111762
0.090584
0.117311
0.109526
0.095792
0.098419
0.089908
0.180724
0.094804
0.096713
0.090940
0.097867
0.104162
0.097282
0.085079
0.120176
0.091255
0.101205
0.095876
0.132554
0.121508
0.110450
0.180737
0.100645
0.099113
0.093633
0.266903
0.089448
0.113202
0.100855
0.093930
0.080984
0.103040
0.097380
0.094385
0.090292
0.117578
0.101644
0.121170
0.095768
0.089010
0.099032
0.090355
0.106451
0.112687
0.097701
0.228736
0.096645
0.097394
0.096480
0.099589
0.081396
0.078014
0.111224
0.096074
0.090397
0.098968
0.092480
0.089231
0.086915
0.091380
0.090180
0.101178
0.089119
0.095741
0.086004
0.086903
0.091526
0.093367
0.086252
0.075288
0.095572
0.093941
