0.236726
0.137523
0.162563
0.136665
0.120336
0.141968
0.131855
0.127457
0.150157
0.150035
0.119661
0.272509
0.326187
0.277724
0.335278
0.310714
0.144037
0.125608
0.160447
0.939848
0.147361
0.132915
0.150224
0.142000
0.144725
0.149732
0.160838
0.228074
0.120667
0.099247
0.175438
0.121642
0.130609
0.137476
0.130619
0.331397
0.139507
0.146855
0.122303
0.137105
0.157944
0.123740
0.153450
0.152176
0.136827
0.172837
0.142161
0.695505
0.150064
0.136196
0.140215
0.140146
0.156651
0.118218
0.157803
0.133159
0.157438
0.147274
0.108223
0.126821
0.158351
0.127744
0.151303
0.148495
0.118922
0.155196
0.152682
0.108791
0.106546
0.124737
0.121951
0.141705
0.162554
0.149261
0.158316
0.136765
0.162578
0.140072
0.137746
0.136358
0.125748
0.168580
0.131282
0.164561
0.156518
0.110334
0.126880
0.152842
0.810063
0.143969
0.138853
0.152919
0.164288
0.133529
0.132294
0.123169
0.111944
0.143659
0.143046
0.128254
0.137249
0.159474
0.133396
0.156984
0.124445
0.147193
0.140694
0.129641
0.123743
0.112316
0.132990
0.134185
0.142032
0.139451
0.151010
0.110078
0.127478
0.348011
0.347927
0.138467
0.124683
0.138043
0.156751
0.602671
0.125993
0.191713
0.153177
0.109950
0.143162
0.146422
0.143025
0.157858
0.540079
0.138680
0.141845
0.152959
0.139323
0.152829
0.538223
0.126288
0.127498
0.792742
0.146750
0.124761
0.147045
0.128234
0.120675
0.148878
0.141920
0.147771
0.119328
0.118736
0.144028
0.151481
0.154846
0.151644
0.121968
0.110945
0.121091
0.140518
0.124112
0.162548
0.147204
0.142761
0.172922
0.173491
0.166788
0.148333
0.150032
0.149937
0.132828
0.156897
0.118184
0.144651
0.156630
0.137232
0.159692
0.152676
0.143404
0.146332
0.124209
0.132223
0.154688
0.145325
0.159073
0.124578
0.130791
0.153162
0.142498
0.147357
0.132181
0.146655
0.126348
0.143414
0.149637
0.140367
0.123076
0.164399
0.138441
0.145050
0.152690
0.134948
0.142990
0.137986
0.145047
0.111763
0.137544
0.148046
0.151792
0.152778
0.129960
0.146594
0.172960
0.127083
0.170353
0.146973
0.115459
0.126853
0.117879
0.115101
0.157492
0.153113
0.133782
0.152835
0.138337
0.152486
0.124656
0.151186
0.320864
0.122816
0.728648
0.171815
0.144504
0.161429
0.148542
0.128226
0.164862
0.154485
0.125910
0.107756
0.411332
0.171990
0.127340
0.133538
0.151904
0.137000
0.110615
0.126647
0.168543
0.147014
0.146558
0.123819
0.144060
0.137902
0.184269
0.121585
0.150735
0.136627
0.136902
0.133375
0.136906
0.166738
0.139248
0.152296
0.149770
0.146591
0.156229
0.140097
0.133946
0.136229
0.117490
0.126602
0.135824
0.115105
0.150798
0.147611
0.130255
0.152213
0.162557
0.126517
0.127599
0.126925
0.149774
0.137598
0.139465
0.138596
0.114149
0.127915
0.171226
0.140809
0.125796
0.136378
0.138634
0.109107
0.162627
0.151355
0.135735
0.129933
0.131698
0.165671
0.159520
0.120273
0.157527
0.121299
0.148457
0.136839
0.142699
0.148318
0.136773
0.114489
0.151960
0.136385
0.123124
0.137330
0.118062
0.146011
0.129211
0.142706
0.137638
0.139642
0.140832
0.149829
0.137839
0.127887
0.121996
0.127510
0.146868
0.141748
0.138177
0.131951
0.149649
0.111757
0.142353
0.140989
0.142114
0.154825
0.158779
0.149340
0.151329
0.129728
0.140290
0.114991
0.148484
0.150062
0.176588
0.143177
0.146426
0.113509
0.157669
0.148159
0.119706
0.133545
0.129572
0.127137
0.148285
0.119596
0.115085
0.143914
0.142312
0.121559
0.165314
0.142728
0.115799
0.112635
0.152144
0.130929
0.141284
0.113663
0.153571
0.141467
0.123241
0.128477
0.160459
0.159601
0.140846
0.183721
0.140733
0.142117
0.140154
0.146010
0.132777
0.154212
0.143578
0.152600
0.124268
0.123857
0.166540
0.125255
0.137314
0.138393
0.153615
0.162938
0.156389
0.165400
0.141181
0.176145
0.155915
0.143414
0.142002
0.143603
0.125753
0.152737
0.174710
0.153136
0.158567
0.150153
0.134517
0.138037
0.124250
0.151891
0.118547
0.160869
0.165377
0.133669
0.142787
0.134246
0.172857
0.166335
0.162673
0.136207
0.163348
0.149058
0.142462
0.151001
0.149971
0.124810
0.138661
0.156323
0.117485
0.139130
0.140573
0.157043
0.152438
0.159729
0.134880
0.140600
0.127978
0.142482
0.154354
0.142800
0.147909
0.111830
0.136027
0.104892
0.127644
0.148218
0.144438
0.140335
0.216898
0.219318
0.142794
0.166690
0.130797
0.134111
0.134540
0.144287
0.140530
0.131409
0.196227
0.141957
0.127904
0.154776
0.162887
0.164544
0.143405
0.136810
0.114827
0.116906
0.117945
0.126024
0.122482
0.146029
0.157633
0.145720
0.155442
0.176544
0.139705
0.149477
0.138631
0.153328
0.135467
0.142951
0.149817
0.157156
0.150080
0.137637
0.136695
0.111987
0.171054
0.158294
0.132718
0.140385
0.130277
0.145354
0.124253
0.149354
0.151034
0.154964
0.135253
0.140027
0.172857
0.142990
0.140691
0.130196
0.130653
0.134333
0.117968
0.141943
0.122152
0.143021
0.141348
0.146905
0.139285
0.144671
0.121115
0.134257
0.130214
0.150721
0.124443
0.146497
0.139302
0.145962
0.140614
0.158468
0.121302
0.163266
0.112999
0.150083
0.134605
0.136432
0.166089
0.133223
0.127834
0.134896
0.148194
0.140353
0.150179
0.150162
0.125101
0.153931
0.120327
0.120789
0.141385
0.137322
0.154792
0.145688
0.155878
0.169784
0.162607
0.137864
0.154926
0.140545
0.157133
0.171744
0.121500
0.134567
0.143641
0.151485
0.156702
0.134222
0.157058
0.126305
0.124580
0.131572
0.561511
0.132106
0.759427
0.129011
0.130401
0.124419
0.127665
0.118214
0.343036
0.112540
0.134483
0.145673
0.156235
0.130908
0.152469
0.124586
0.126156
0.155770
0.162271
0.773060
0.171741
0.108061
0.940824
0.127493
0.137347
0.157703
0.151579
0.141012
0.155461
0.139020
0.153627
0.126965
0.577944
0.148510
0.151461
0.146895
0.161897
0.140511
0.131579
0.121216
0.160479
0.135701
0.115976
0.160468
0.152915
0.166076
0.124383
0.180112
0.136485
0.151372
0.140402
0.154487
0.149060
0.134298
0.139603
0.121516
0.148354
0.154330
0.161727
0.153527
0.150344
0.140055
0.147002
0.112454
0.151786
0.138099
0.124708
0.125748
0.124824
0.412285
0.122556
0.105580
0.703994
0.148969
0.136579
0.149870
0.161127
0.153441
0.149662
0.156441
0.164139
0.132237
0.140357
0.124344
0.140673
0.118595
0.160713
0.150627
0.129051
0.139553
0.123583
0.141878
0.133913
0.125175
0.123717
0.165753
0.145454
0.137422
0.137777
0.124861
0.111638
0.155810
0.166122
0.124459
0.131014
0.152582
0.137331
0.149945
0.149949
0.152149
0.156439
0.135006
0.147916
0.150521
0.152032
0.119453
0.125898
0.138562
0.124617
0.147819
0.140094
0.137458
0.156906
0.165754
0.137089
0.140089
0.116894
0.154053
0.138385
0.124113
0.127921
0.117268
0.130841
0.136922
0.143850
0.151135
0.152776
0.136637
0.156842
0.112342
0.131371
0.117529
0.147336
0.131113
0.153034
0.112396
0.142512
0.121550
0.124055
0.164063
0.155009
0.144327
0.148766
0.122257
0.138479
0.154815
0.137375
0.146217
0.111344
0.142431
0.147065
0.152069
0.137032
0.151451
0.138623
0.164456
0.140263
0.151262
0.140553
0.311324
0.140493
0.147133
0.141174
0.126908
0.124737
0.138591
0.138624
0.142095
0.123628
0.115894
0.140598
0.123488
0.156438
0.162414
0.124538
0.134467
0.145828
0.151092
0.154569
0.139506
0.148696
0.154566
0.176774
0.111036
0.143519
0.151385
0.139655
0.172454
0.121322
0.169455
0.160719
0.137704
0.127738
0.162038
0.130988
0.153946
0.145094
0.121079
0.173545
0.131511
0.128430
0.152533
0.184327
0.160156
0.122027
0.144313
0.141948
0.153233
0.146179
0.136596
0.139119
0.122803
0.126087
0.155111
0.137340
0.132924
0.120682
0.178672
0.138870
0.140887
0.135538
0.152412
0.125191
0.136728
0.124346
0.152817
0.189226
0.221802
0.159437
0.200814
0.137404
0.147308
0.140922
0.151037
0.150667
0.146837
0.146853
0.161849
0.134884
0.111033
0.150928
0.374789
0.126249
0.140237
0.131126
0.113130
0.152188
0.134718
0.165003
0.150126
0.107774
0.210319
0.140616
0.139323
0.153766
0.148756
0.136672
0.132576
0.155604
0.147611
0.160848
0.152693
0.149906
0.130593
0.163026
0.120339
0.159911
0.141727
0.114985
0.143197
0.138634
0.124052
0.155553
0.114458
0.123994
0.125587
0.150213
0.153214
0.120973
0.144033
0.509866
0.131869
0.142189
0.139557
0.136251
0.155131
0.142732
0.159417
0.168229
0.133475
0.162752
0.159299
0.144364
0.171533
0.127427
0.140412
0.214058
0.150273
0.190920
0.154360
0.174793
0.182889
0.140661
0.126958
0.156410
0.149654
0.163640
0.137147
0.163870
0.123141
0.163496
0.138986
0.137097
0.143071
0.128932
0.141029
0.110692
0.144679
0.146984
0.122512
0.134028
0.170626
0.152514
0.156313
0.139114
0.142775
0.137120
0.134787
0.131096
0.127698
0.156306
0.101582
0.133292
0.137069
0.141720
0.122121
0.129746
0.138898
0.153120
0.168498
0.118018
0.610406
0.138773
0.150268
0.133007
0.150611
0.145654
0.137109
0.137264
0.140069
0.169478
0.114407
0.166022
0.129800
0.142781
0.152094
0.140980
0.152729
0.143631
0.136029
0.159988
0.155905
0.134042
0.140575
0.147778
0.148532
0.155220
0.149763
0.146859
0.141100
0.143347
0.154006
0.153628
0.156453
0.137709
0.133690
0.159947
0.140933
0.114455
0.140529
0.128558
0.151524
0.151402
0.168489
0.143200
0.146898
0.127553
0.114439
0.125057
0.145240
0.140111
0.159595
0.150737
0.124922
0.146059
0.153213
0.136687
0.139923
0.140753
0.155268
0.151060
0.151748
0.137903
0.098594
0.124734
0.113497
0.145861
0.137598
0.140925
0.137410
0.156447
0.144029
0.132063
0.142571
0.150929
0.128966
0.153989
0.150146
0.127342
0.154610
0.156329
0.124653
0.130265
0.142705
0.134741
0.122249
0.130626
0.140078
0.154278
0.129095
0.136695
0.443060
0.170287
0.549456
0.112083
0.167026
0.127282
0.150643
0.173625
0.132239
0.139715
0.154409
0.157809
0.124001
0.140051
0.134648
0.121864
0.533531
0.161957
0.148082
0.121247
0.123934
0.151791
0.151250
0.142443
0.134924
0.144464
0.141431
0.137655
0.149091
0.161190
0.135138
0.130239
0.144789
0.142854
0.140865
0.154811
0.340664
0.152228
0.168212
0.154025
0.145138
0.425541
0.145846
0.152366
0.152091
0.146054
0.127662
0.142024
0.138279
0.146418
0.146048
0.148273
0.125033
0.158366
0.144750
0.144349
0.150442
0.108394
0.145321
0.154365
0.129010
0.126781
0.139601
0.186059
0.146480
0.149789
0.155751
0.118141
0.123641
0.138442
0.214462
0.113595
0.140593
0.145943
0.141371
0.153333
0.147389
0.143131
0.124435
0.134626
0.150619
0.121132
0.128388
0.156720
0.153403
0.143617
0.145811
0.163085
0.154100
0.147326
0.191078
0.141928
0.166082
0.172655
0.154534
0.185643
0.172902
0.497357
0.136486
0.130726
0.127897
0.144820
0.108463
0.128335
0.160814
0.160483
0.158158
0.145248
0.115802
0.121152
0.140607
0.138474
0.143193
0.106068
0.123790
0.112003
0.127348
0.143840
0.134247
0.139681
0.163915
0.133019
0.143015
0.112173
0.158469
0.134227
0.153809
0.149814
0.157338
0.133660
0.153401
0.129823
0.137056
0.172696
0.100849
0.167210
0.152257
0.134830
0.145376
0.133885
0.130788
0.125802
0.139476
0.146409
0.137003
0.158710
0.122519
0.124969
0.143282
0.115832
0.552048
0.160066
0.162253
0.134129
0.132505
0.133877
0.136145
0.153601
0.137056
0.156040
0.147447
0.175056
0.127530
0.151961
0.164973
0.139270
0.124335
0.111579
0.108042
0.178486
0.137168
0.141807
0.139448
0.138446
0.130027
0.151758
0.109893
0.123420
0.151319
0.160814
0.126627
0.121171
0.123143
0.174207
0.131221
0.143560
0.163401
0.165640
0.138915
0.127304
0.163374
0.111801
0.178639
0.122184
0.157123
0.134190
0.189165
0.123601
0.121204
0.163741
0.139366
0.153321
0.168502
0.156700
0.137505
0.127900
0.160898
0.140972
0.125346
0.128297
0.133960
0.175977
0.178662
0.163567
0.122909
0.139453
0.172515
0.162877
0.158015
0.153965
0.153148
0.142439
0.167759
0.137150
0.142476
0.134888
0.150154
0.151925
0.113675
0.147345
0.151986
0.127878
0.224192
0.148010
0.145264
0.177126
0.134997
0.146872
0.154120
0.164086
0.145031
0.139739
0.152384
0.165978
0.138241
0.188352
0.137279
0.158895
0.144374
0.130425
0.161026
0.128244
0.157367
0.153090
0.130152
0.142702
0.170600
0.138708
0.152992
0.133965
0.133649
0.137139
0.154321
0.139612
0.152696
0.135677
0.152519
0.102253
0.181338
0.142969
0.130841
0.149397
0.151339
0.112586
0.177397
0.134356
0.136081
0.130471
0.171415
0.152281
0.162863
0.152653
0.156716
0.140975
0.133292
0.137600
0.137658
0.175526
0.127069
0.127442
0.128172
0.140530
0.334195
0.151627
0.136669
0.151299
0.152796
0.123791
0.178318
0.145368
0.133644
0.134199
0.151236
0.160280
0.147165
0.178787
0.132409
0.154516
0.174172
0.170004
0.163285
0.137811
0.159601
0.185601
0.147491
0.140909
0.138307
0.161189
0.115650
0.355592
0.116439
0.146126
0.137545
0.169635
0.116800
0.141373
0.155531
0.127287
0.181872
0.163311
0.129936
0.137644
0.110901
0.155590
0.128111
0.110965
0.152738
0.180968
0.124303
0.136204
0.137546
0.356267
0.156607
0.138787
0.139091
0.145187
0.172436
0.134705
0.171584
0.144746
0.152053
0.146736
0.135674
0.138645
0.135838
0.148504
0.174574
0.169326
0.175794
0.137804
0.138429
0.165529
0.194078
0.159562
0.198683
0.138141
0.168631
0.123988
0.153326
0.152881
0.111461
0.127434
0.122157
0.120604
0.287125
0.151671
0.141187
0.153165
0.170279
0.153036
0.153639
0.152680
0.150743
0.158265
0.138017
0.140534
0.120256
0.125494
0.146809
0.101601
0.186631
0.139655
0.122521
0.144374
0.156245
0.131354
0.142588
0.150442
0.149612
0.173977
0.130708
0.136574
0.131110
0.115676
0.136018
0.144241
0.131461
0.157572
0.132105
0.123641
0.126220
0.114019
0.147126
0.134195
0.121966
0.151936
0.139108
0.143361
0.159937
0.149961
0.124714
0.149950
0.134133
0.121826
0.126489
0.161083
0.147694
0.149737
0.163137
0.149050
0.140572
0.107140
0.150614
0.149923
0.127977
0.137496
0.152157
0.130981
0.123702
0.150260
0.152695
0.130992
0.162956
0.134037
0.142832
0.160852
0.150766
0.155419
0.133535
0.133639
0.352071
0.120520
0.122465
0.139551
0.137256
0.135387
0.118148
0.133755
0.124079
0.138894
0.169776
0.144463
0.137454
0.180646
0.152868
0.124721
0.195522
0.171199
0.138439
0.143683
0.140243
0.127959
0.136348
0.149871
0.141336
0.129944
0.111448
0.121456
0.108233
0.137698
0.152091
0.121000
0.122636
0.136661
0.140018
0.548524
0.139241
0.141766
0.146527
0.115631
0.127964
0.136626
0.150950
0.142465
0.150018
0.131077
0.167592
0.147369
0.152712
0.132518
0.112841
0.135813
0.164239
0.139902
0.167084
0.108531
0.141986
0.153290
0.145488
0.141008
0.153598
0.108895
0.133762
0.138077
0.120446
0.138988
0.598799
0.138318
0.124780
0.165691
0.139475
0.137356
0.151066
0.146173
0.149986
0.142978
0.121550
0.137401
0.150264
0.115149
0.145840
0.193212
0.154438
0.159483
0.150354
0.145366
0.146093
0.111257
0.431897
0.126326
0.131320
0.137414
0.146746
0.163065
0.135822
0.109274
0.156977
0.140839
0.148277
0.142596
0.160992
0.139592
0.130356
0.174898
0.140336
0.153833
0.132437
0.127033
0.133977
0.148013
0.111636
0.133913
0.133569
0.144787
0.167863
0.121585
0.817885
0.150002
0.124419
0.157852
0.147339
0.142695
0.153415
0.152936
0.130164
0.152387
0.138426
0.143680
0.426227
0.143819
0.120946
0.130469
0.124125
0.125328
0.155276
0.134079
0.140461
0.141716
0.161608
0.377744
0.144126
0.124672
0.139702
0.137117
0.345800
0.127322
0.160159
0.572212
0.125333
0.132843
0.114337
0.178569
0.144512
0.116586
0.143150
0.679671
0.152853
0.139892
0.567631
0.138504
0.129565
0.129428
0.126162
0.136843
0.168486
0.171316
0.152545
0.135678
0.127610
0.118349
0.336833
0.589713
0.149250
0.160390
0.133446
0.115589
0.120990
0.126177
0.127314
0.114905
0.153170
0.140516
0.127739
0.112943
0.157527
0.356670
0.128531
0.755589
0.139638
0.130412
0.134849
0.714000
0.158378
0.161553
0.163507
0.147833
0.128433
0.167094
0.184314
0.121868
0.119468
0.166479
0.129708
0.139896
0.140437
0.143700
0.138232
0.163742
0.158912
0.147529
0.146694
0.279135
0.153102
0.175730
0.164202
0.123806
0.135952
0.177307
0.858654
0.150382
0.121841
0.149962
0.136979
0.150205
0.158503
0.181949
0.149295
0.125096
0.141548
0.608189
0.145614
0.138020
0.138190
0.169636
0.123189
0.195781
0.118557
0.157729
0.124529
0.140366
0.122792
0.151952
0.140441
0.133028
0.128710
0.149997
0.163994
0.134393
0.131964
0.166372
0.186501
0.123398
0.175846
0.135475
0.143665
0.156899
0.164321
0.127781
0.147279
0.133032
0.129569
0.159731
0.129847
0.152821
0.136338
0.168527
0.799477
0.163084
0.170602
0.119211
0.159478
0.124321
0.127684
0.143627
0.155674
0.131732
0.144922
0.111730
0.130525
0.136499
0.144170
0.109000
0.144523
0.545407
0.149014
0.144495
0.152808
0.145183
0.124280
0.199657
0.167463
0.206344
0.137207
0.133852
0.143998
0.149435
0.125557
0.148258
0.124270
0.108048
0.135302
0.110162
0.140605
0.801245
0.134118
0.159600
0.142973
0.144626
0.187796
0.168672
0.139329
0.136643
0.140216
0.839167
0.144471
0.118068
0.143622
0.144419
0.153355
0.117739
0.148394
0.171536
0.157976
0.161758
0.536078
0.121201
0.147216
0.188185
0.153624
0.135028
0.140860
0.433606
0.112954
0.161016
0.137881
0.159650
0.141160
0.139526
0.198751
0.127012
0.146996
0.150039
0.135326
0.159141
0.122345
0.122759
0.145191
0.120037
0.132876
0.149959
0.147896
0.140836
0.148882
0.130368
0.144285
0.150056
0.164891
0.138802
0.149474
0.133699
0.140506
0.336588
0.146660
0.819011
0.141446
0.127710
0.142397
0.153539
0.128752
0.121923
0.151896
0.124042
0.154649
0.139097
0.147912
0.150570
0.151706
0.152697
0.126627
0.160810
0.137302
0.140508
0.174366
0.155343
0.147717
0.133356
0.166077
0.139990
0.162687
0.112106
0.169090
0.147223
0.155396
0.110025
0.185668
0.150531
0.136658
0.139477
0.128421
0.132537
0.141385
0.151437
0.127297
0.129589
0.154654
0.161954
0.124539
0.155220
0.154843
0.088204
0.115171
0.162737
0.338355
0.137826
0.133611
0.153294
0.137786
0.110225
0.148374
0.139559
0.135330
0.156910
0.162300
0.131422
0.114276
0.148656
0.111014
0.152555
0.153566
0.138390
0.121714
0.136987
0.143292
0.150673
0.158535
0.131542
0.153657
0.144058
0.540303
0.180305
0.139332
0.139867
0.143256
0.108363
0.150311
0.135377
0.146333
0.186115
0.145356
0.117647
0.152661
0.142458
0.699692
0.123699
0.109916
0.153283
0.127518
0.128857
0.149066
0.163018
0.131279
0.656618
0.150780
0.135957
0.162018
0.116647
0.139569
0.133353
0.153161
0.136806
0.121265
0.134505
0.131272
0.120558
0.169381
0.147286
0.140011
0.145811
0.125164
0.183543
0.133359
0.149875
0.154451
0.138765
0.738212
0.153124
0.163193
0.135589
0.149706
0.155807
0.146511
0.138391
0.148176
0.139064
0.154008
0.150139
0.124177
0.140722
0.136708
0.146645
0.127191
0.148431
0.124253
0.137445
0.137319
0.136263
0.135330
0.162663
0.131159
0.112044
0.133149
0.122395
0.147729
0.124422
0.161945
0.148406
0.137072
0.153808
0.150846
0.143766
0.151202
0.149886
0.125878
0.137501
0.143311
0.150781
0.124412
0.168327
0.127852
0.137453
0.160485
0.150089
0.138941
0.170388
0.153272
0.127334
0.142429
0.151664
0.381094
0.127605
0.120968
0.140534
0.136972
0.144540
0.159207
0.147393
0.150676
0.133996
0.169594
0.147011
0.138541
0.149973
0.134533
0.344872
0.159894
0.112143
0.146427
0.122253
0.151417
0.163447
0.124790
0.124405
0.142036
0.152211
0.162149
0.141091
0.168626
0.144892
0.139717
0.149682
0.118103
0.156062
0.136227
0.116673
0.115912
0.131573
0.153124
0.147049
0.141959
0.122660
0.139694
0.138897
0.127704
0.166674
0.111466
0.140164
0.146474
0.148787
0.151411
0.115625
0.118997
0.137211
0.140204
0.152526
0.125863
0.139052
0.151125
0.154678
0.157334
0.154787
0.123937
0.139185
0.137022
0.138017
0.125037
0.130139
0.127493
0.150045
0.124415
0.141738
0.130079
0.140177
0.137148
0.118110
0.194519
0.135522
0.151111
0.110520
0.135537
0.160263
0.156755
0.133088
0.158885
0.137171
0.142471
0.138283
0.117189
0.108377
0.131067
0.156588
0.157454
0.152195
0.121188
0.141314
0.332402
0.308203
0.151363
0.102822
0.146805
0.269672
0.147059
0.152773
0.124828
0.129464
0.144290
0.177197
0.168849
0.161342
0.126877
0.125783
0.118781
0.130200
0.131428
0.151071
0.127004
0.155077
0.149492
0.269453
0.134355
0.165384
0.151161
0.163860
0.141845
0.134253
0.153358
0.155727
0.137013
0.164144
0.158759
0.150484
0.142456
0.136028
0.148675
0.138835
0.137107
