0.175375
0.135742
0.133424
0.138640
0.120751
0.134702
0.124753
0.132848
0.133491
0.136875
0.145496
0.312405
0.292715
0.306072
0.128193
0.130774
0.146902
0.144806
0.172696
0.127731
0.153218
0.142955
0.143418
0.138931
0.142232
0.151879
0.150714
0.112366
0.145537
0.523815
0.153066
0.116125
0.149828
0.142530
0.142313
0.136155
0.348684
0.149021
0.118406
0.137899
0.154276
0.137923
0.148420
0.162534
0.124608
0.110429
0.144149
0.111453
0.144484
0.137483
0.131518
0.161138
0.124726
0.149333
0.134390
0.149466
0.135790
0.132658
0.134213
0.159583
0.110627
0.133653
0.132792
0.550984
0.152960
0.127509
0.119339
0.121520
0.112438
0.140085
0.140008
0.157646
0.145956
0.139732
0.154888
0.140782
0.134380
0.164455
0.127085
0.124522
0.141129
0.151711
0.153374
0.119713
0.136593
0.152721
0.152164
0.140888
0.125556
0.154700
0.164696
0.131741
0.131792
0.119445
0.113029
0.142087
0.134645
0.134100
0.140140
0.155321
0.137362
0.146536
0.138793
0.136684
0.160833
0.123622
0.139927
0.114148
0.150930
0.129746
0.144480
0.127367
0.143492
0.134263
0.137302
0.659208
0.156267
0.335020
0.330158
0.366741
0.160307
0.142786
0.141716
0.169913
0.146686
0.109383
0.127104
0.147713
0.131486
0.140204
0.131334
0.134049
0.137033
0.152211
0.137913
0.157716
0.141114
0.780256
0.123959
0.146593
0.139268
0.127991
0.159184
0.144286
0.881495
0.149418
0.155896
0.139903
0.127258
0.114780
0.404677
0.157743
0.153807
0.160773
0.400056
0.115376
0.112920
0.120378
0.126860
0.141988
0.349388
0.163097
0.139784
0.124313
0.155315
0.154755
0.144517
0.149049
0.142429
0.150490
0.114774
0.139212
0.162487
0.126810
0.147009
0.152549
0.127166
0.150560
0.113873
0.126155
0.135774
0.344312
0.173360
0.142001
0.119870
0.156400
0.152086
0.150557
0.138748
0.115325
0.143930
0.138585
0.141662
0.149762
0.121256
0.169660
0.121977
0.138070
0.171963
0.141702
0.150333
0.126937
0.141961
0.112775
0.142785
0.155775
0.155881
0.149286
0.123900
0.136760
0.156151
0.151563
0.154487
0.162746
0.146680
0.127796
0.131340
0.111517
0.143462
0.174675
0.138895
0.159985
0.157275
0.139937
0.112366
0.140018
0.130448
0.289828
0.121498
0.137048
0.147549
0.153586
0.164515
0.138911
0.158382
0.144273
0.131929
0.127790
0.135298
0.149706
0.134161
0.172018
0.151816
0.139348
0.137062
0.116652
0.177354
0.150595
0.151296
0.123808
0.137662
0.142395
0.166234
0.128866
0.155228
0.142696
0.138147
0.140291
0.131365
0.125264
0.141016
0.157631
0.137380
0.149682
0.156364
0.134222
0.139249
0.139819
0.114843
0.150351
0.117774
0.108325
0.133511
0.135963
0.411682
0.151833
0.161757
0.112017
0.132572
0.113846
0.130259
0.146372
0.141187
0.127835
0.112007
0.818725
0.140902
0.125008
0.137465
0.127937
0.154612
0.120600
0.167108
0.163761
0.122238
0.137806
0.130762
0.153104
0.153055
0.164180
0.137048
0.115320
0.139249
0.135933
0.138012
0.139461
0.162701
0.115593
0.149526
0.145286
0.136833
0.141435
0.133386
0.136609
0.129426
0.158498
0.133638
0.145181
0.158387
0.148656
0.155732
0.132281
0.119369
0.129911
0.156867
0.128113
0.166859
0.175936
0.143742
0.122335
0.143736
0.139115
0.132219
0.154754
0.148082
0.155114
0.138095
0.124643
0.212131
0.162455
0.145869
0.150889
0.157859
0.140894
0.115061
0.165145
0.157241
0.133806
0.133643
0.153729
0.126440
0.123923
0.157512
0.124509
0.118679
0.137359
0.168295
0.127819
0.169718
0.141919
0.122256
0.123640
0.159233
0.168105
0.137311
0.111488
0.155877
0.145575
0.137498
0.127918
0.164148
0.143115
0.149712
0.152990
0.140689
0.156807
0.138013
0.151662
0.130370
0.151572
0.154671
0.149933
0.137571
0.134346
0.138930
0.149465
0.142459
0.141265
0.155808
0.153940
0.140898
0.187527
0.137747
0.152735
0.166432
0.138361
0.150200
0.155084
0.134919
0.140892
0.152676
0.134345
0.159888
0.138502
0.144451
0.138398
0.125848
0.157835
0.112657
0.418061
0.146600
0.137548
0.171759
0.147080
0.161982
0.165962
0.151509
0.174795
0.144164
0.138341
0.137781
0.133834
0.164075
0.128767
0.111833
0.154317
0.135644
0.143239
0.140941
0.142883
0.149353
0.150635
0.133733
0.140324
0.125443
0.142414
0.202220
0.141904
0.150284
0.109035
0.132604
0.120357
0.124733
0.150123
0.172557
0.135286
0.443931
0.168700
0.153963
0.136284
0.126630
0.133871
0.145762
0.142631
0.138992
0.140508
0.150191
0.156222
0.139649
0.151983
0.140441
0.156740
0.142544
0.153648
0.119671
0.111928
0.118640
0.127178
0.118370
0.153809
0.169722
0.127558
0.135302
0.154409
0.145757
0.138428
0.165365
0.400044
0.163781
0.170694
0.154953
0.158231
0.148348
0.151329
0.174695
0.120334
0.152430
0.151455
0.111480
0.137306
0.130739
0.125713
0.133960
0.138568
0.144376
0.150325
0.138682
0.135111
0.155575
0.135246
0.159980
0.158298
0.134576
0.128402
0.124251
0.131791
0.124196
0.149878
0.155396
0.135105
0.141561
0.138103
0.124617
0.129559
0.137149
0.167548
0.109217
0.140034
0.131246
0.157825
0.125276
0.134361
0.138796
0.161196
0.122381
0.137142
0.144817
0.146627
0.138249
0.120967
0.132784
0.129372
0.140442
0.138030
0.154917
0.146530
0.124806
0.155792
0.113283
0.139013
0.152956
0.125227
0.152696
0.185507
0.163115
0.151676
0.141540
0.139218
0.123425
0.115464
0.143554
0.151917
0.154659
0.148818
0.134058
0.159813
0.153766
0.145321
0.137356
0.127958
0.139807
0.143342
0.168043
0.159297
0.150718
0.128303
0.153218
0.168146
0.129849
0.130530
0.163543
0.118710
0.141868
0.137308
0.135105
0.088857
0.156559
0.140656
0.142105
0.154407
0.158787
0.172259
0.146223
0.114629
0.136408
0.131762
0.129043
0.161670
0.146969
0.146202
0.166754
0.153262
0.149969
0.126690
0.150128
0.146071
0.181025
0.143870
0.149884
0.138319
0.133296
0.130226
0.155742
0.127358
0.117991
0.124541
0.156380
0.127227
0.135023
0.139679
0.134371
0.150969
0.140363
0.155301
0.143291
0.135038
0.159263
0.124428
0.172326
0.149706
0.143814
0.152456
0.148963
0.132400
0.131861
0.121140
0.129288
0.136057
0.133827
0.121319
0.110775
0.156030
0.133683
0.123355
0.138449
0.140351
0.152727
0.140618
0.124504
0.121594
0.152427
0.171026
0.155538
0.120770
0.123383
0.118412
0.152511
0.121666
0.165144
0.114893
0.107675
0.162962
0.137114
0.134753
0.120577
0.151215
0.136775
0.159921
0.150388
0.137210
0.169956
0.124689
0.122573
0.141736
0.139271
0.127626
0.334074
0.419390
0.150904
0.148921
0.153220
0.149855
0.164321
0.133859
0.146194
0.133421
0.153652
0.115086
0.123616
0.139738
0.130761
0.133609
0.162591
0.131097
0.177846
0.149016
0.146767
0.171864
0.146245
0.170553
0.143556
0.135359
0.138059
0.111714
0.137269
0.143875
0.130816
0.157609
0.150443
0.140922
0.149856
0.112156
0.146623
0.162753
0.140918
0.141209
0.153334
0.108582
0.146749
0.131116
0.121560
0.153275
0.151041
0.139833
0.149735
0.126986
0.118427
0.163413
0.130847
0.156312
0.124713
0.146058
0.157519
0.124937
0.124113
0.150462
0.136947
0.155943
0.148221
0.153033
0.289548
0.375823
0.145676
0.123412
0.145745
0.152628
0.128435
0.152066
0.144362
0.157753
0.124453
0.128644
0.117031
0.142688
0.165764
0.158705
0.135800
0.156298
0.128512
0.156559
0.151615
0.134826
0.150861
0.148046
0.150690
0.127750
0.165087
0.164749
0.134094
0.146689
0.130203
0.136080
0.153391
0.108297
0.138020
0.147057
0.137291
0.172006
0.147265
0.112240
0.147372
0.111602
0.146342
0.152774
0.141649
0.552434
0.121779
0.137539
0.130682
0.152156
0.145073
0.131057
0.136434
0.111831
0.123557
0.150207
0.140468
0.125768
0.147630
0.163525
0.130222
0.122257
0.135155
0.153471
0.171539
0.136875
0.141687
0.163943
0.185420
0.189282
0.117799
0.125077
0.135721
0.145203
0.181127
0.149912
0.159137
0.150558
0.378743
0.155398
0.121212
0.113015
0.150231
0.152980
0.141192
0.648306
0.152683
0.121875
0.153071
0.130747
0.151456
0.803544
0.130685
0.157752
0.139521
0.153059
0.121767
0.112749
0.153164
0.146933
0.183156
0.155804
0.161499
0.144323
0.163490
0.133996
0.156892
0.117814
0.150885
0.175643
0.127952
0.153500
0.145253
0.146995
0.146939
0.121937
0.130870
0.166256
0.138860
0.349014
0.124677
0.140663
0.124284
0.135294
0.150624
0.126738
0.164975
0.116719
0.156380
0.138525
0.137571
0.127920
0.140153
0.125190
0.145183
0.159079
0.143634
0.176875
0.167100
0.162341
0.149143
0.159477
0.141089
0.139937
0.159728
0.109983
0.176983
0.135570
0.169136
0.130612
0.133372
0.117796
0.153267
0.138636
0.140098
0.155715
0.124136
0.141450
0.115199
0.141893
0.157425
0.134771
0.140264
0.167647
0.152733
0.179164
0.153596
0.142724
0.129133
0.153157
0.122060
0.129080
0.114442
0.108805
0.130415
0.125622
0.141421
0.114278
0.139889
0.143434
0.146769
0.142237
0.122518
0.121681
0.154226
0.139646
0.137038
0.141209
0.135194
0.157942
0.183947
0.139622
0.137299
0.116079
0.150969
0.131852
0.149691
0.125096
0.126612
0.124667
0.158401
0.133989
0.160434
0.144144
0.137095
0.159520
0.163549
0.160332
0.148475
0.131825
0.148661
0.171637
0.130574
0.163737
0.153638
0.154770
0.132825
0.111979
0.158369
0.111751
0.117981
0.125336
0.121454
0.156682
0.151051
0.152613
0.130962
0.151847
0.140666
0.110712
0.121072
0.146772
0.161331
0.149083
0.152042
0.129968
0.162995
0.160038
0.161949
0.131264
0.146587
0.192086
0.150402
0.161191
0.142643
0.109730
0.124138
0.114864
0.140013
0.150372
0.166858
0.161519
0.184268
0.135730
0.124200
0.121150
0.150472
0.121327
0.159754
0.187264
0.123824
0.138750
0.157640
0.134526
0.135405
0.129078
0.152466
0.121085
0.139631
0.136227
0.154293
0.143405
0.139174
0.138183
0.165567
0.145771
0.112232
0.147873
0.151409
0.143507
0.135591
0.135989
0.167673
0.149597
0.375712
0.146128
0.135988
0.137333
0.131089
0.141142
0.162572
0.140109
0.166009
0.354041
0.143072
0.158109
0.140294
0.158646
0.127765
0.112136
0.140325
0.137113
0.161682
0.114947
0.140312
0.130236
0.142461
0.132183
0.165969
0.137322
0.124271
0.116525
0.137884
0.133877
0.144139
0.139627
0.156687
0.154124
0.137439
0.135268
0.127016
0.126826
0.135024
0.130034
0.153758
0.142640
0.185562
0.140494
0.139216
0.150078
0.127435
0.143486
0.144685
0.128729
0.120551
0.133568
0.154050
0.143238
0.163905
0.179549
0.134680
0.165339
0.162842
0.151611
0.109879
0.357995
0.127767
0.192096
0.137777
0.171368
0.142693
0.185694
0.151675
0.143586
0.127304
0.133248
0.153616
0.165309
0.147504
0.131604
0.146450
0.146903
0.145345
0.140970
0.141467
0.140241
0.131422
0.150551
0.162465
0.126730
0.127029
0.169364
0.121900
0.140316
0.142971
0.318443
0.131293
0.163671
0.165460
0.146989
0.166074
0.151565
0.127730
0.132015
0.139430
0.134829
0.134166
0.113868
0.170655
0.133290
0.149003
0.148758
0.146763
0.142416
0.158444
0.133517
0.128566
0.137294
0.127256
0.150956
0.156513
0.154753
0.508765
0.123306
0.139264
0.139842
0.585921
0.131472
0.168594
0.136801
0.140876
0.140363
0.117672
0.127255
0.137885
0.139352
0.188697
0.140238
0.165959
0.136915
0.112329
0.148421
0.120604
0.150821
0.177182
0.139045
0.141920
0.133376
0.154739
0.135150
0.133452
0.138856
0.149561
0.144337
0.143271
0.131193
0.160003
0.167599
0.144583
0.156337
0.112343
0.124079
0.150119
0.148176
0.127235
0.136508
0.157410
0.109055
0.154573
0.113238
0.136903
0.143636
0.139724
0.117948
0.118072
0.168646
0.166026
0.824369
0.156634
0.193036
0.578631
0.162388
0.119947
0.156857
0.122269
0.146720
0.121560
0.170653
0.146230
0.168128
0.130922
0.111564
0.156696
0.144069
0.416345
0.143542
0.159377
0.148503
0.128554
0.158221
0.127768
0.163401
0.148332
0.136257
0.212927
0.129854
0.175914
0.126045
0.127254
0.169396
0.159868
0.152241
0.122971
0.154690
0.132371
0.425516
0.142883
0.136919
0.160040
0.150214
0.164458
0.118215
0.175723
0.158456
0.142477
0.150119
0.149828
0.181298
0.137188
0.149789
0.150470
0.161546
0.165657
0.147475
0.158808
0.149856
0.137176
0.149538
0.147467
0.180257
0.168757
0.105552
0.145907
0.135021
0.524539
0.211874
0.166623
0.127799
0.160829
0.171603
0.186438
0.150058
0.134273
0.142624
0.147096
0.163558
0.131541
0.167725
0.178424
0.177045
0.143124
0.153595
0.139894
0.128246
0.159816
0.159502
0.114736
0.179787
0.126997
0.141509
0.136788
0.180322
0.153099
0.166582
0.157262
0.422165
0.149269
0.135535
0.133984
0.146205
0.172285
0.125665
0.146651
0.162980
0.168905
0.134409
0.136543
0.121453
0.138715
0.552463
0.176259
0.149745
0.154521
0.126947
0.143322
0.137342
0.149208
0.145630
0.153773
0.137527
0.157372
0.142331
0.153247
0.137374
0.142521
0.147796
0.157977
0.124585
0.134664
0.139802
0.150736
0.112059
0.111590
0.132225
0.149501
0.141067
0.160436
0.108558
0.154198
0.142294
0.145202
0.168692
0.146396
0.140209
0.133036
0.147132
0.158979
0.130032
0.114388
0.156967
0.136066
0.322384
0.133892
0.174018
0.513678
0.169978
0.138101
0.207940
0.140459
0.149852
0.148002
0.188323
0.137343
0.160094
0.152132
0.141547
0.148971
0.137802
0.754709
0.172997
0.162885
0.166407
0.134118
0.156739
0.150605
0.187795
0.169819
0.726088
0.154134
0.147564
0.136884
0.151294
0.170919
0.116275
0.382096
0.623307
0.127260
0.150298
0.151693
0.154342
0.153233
0.166386
0.156092
0.810738
0.155581
0.151462
0.149284
0.157720
0.154728
0.127020
0.128486
0.139566
0.133668
0.146840
0.152015
0.131614
0.152876
0.147059
0.137849
0.128820
0.157930
0.145963
0.155289
0.156326
0.159906
0.130661
0.114024
0.148517
0.205942
0.121421
0.140459
0.151026
0.112404
0.159696
0.115685
0.146464
0.135838
0.149818
0.163409
0.139841
0.446130
0.155218
0.149791
0.124792
0.153429
0.139726
0.115987
0.124140
0.149676
0.152764
0.140600
0.157012
0.168284
0.140499
0.127628
0.138811
0.160297
0.127346
0.141020
0.136661
0.134947
0.145186
0.337531
0.617214
0.132523
0.151671
0.136522
0.176508
0.155268
0.150725
0.144261
0.139436
0.148481
0.143903
0.111388
0.117959
0.150317
0.131194
0.123569
0.138167
0.139657
0.122805
0.771163
0.169144
0.303406
0.162374
0.178196
0.137125
0.108929
0.104886
0.136439
0.140988
0.363482
0.140228
0.150811
0.122791
0.154865
0.142001
0.128004
0.121402
0.122406
0.116897
0.136540
0.429684
0.134350
0.113264
0.147162
0.143273
0.138624
0.146106
0.150020
0.149014
0.113044
0.149092
0.149156
0.151708
0.159265
0.142074
0.117895
0.170685
0.152967
0.170963
0.121571
0.590896
0.157392
0.156505
0.140016
0.151109
0.137230
0.170373
0.136331
0.123991
0.147031
0.160744
0.108387
0.140475
0.158314
0.123753
0.136545
0.153238
0.333724
0.149858
0.138075
0.136748
0.146790
0.111893
0.143535
0.129970
0.146590
0.121248
0.185840
0.373852
0.121184
0.145239
0.151901
0.149035
0.176540
0.335344
0.148892
0.140542
0.113032
0.136391
0.534612
0.128758
0.130524
0.151319
0.160103
0.143816
0.108740
0.153981
0.137422
0.147431
0.158735
0.174682
0.136638
0.159849
0.151358
0.128166
0.174450
0.124595
0.135031
0.120828
0.175662
0.114667
0.150923
0.600662
0.136917
0.153390
0.127692
0.132314
0.140758
0.118169
0.160161
0.161751
0.137129
0.363121
0.144487
0.165826
0.187748
0.142639
0.155505
0.165193
0.143649
0.130245
0.138851
0.125996
0.136264
0.136649
0.140427
0.136637
0.143303
0.176663
0.125086
0.709996
0.128736
0.150769
0.127964
0.122087
0.891946
0.137548
0.155824
0.125181
0.156745
0.125345
0.143814
0.152122
0.118679
0.147843
0.123651
0.169670
0.131195
0.183264
0.143747
0.117736
0.135961
0.117180
0.143553
0.158244
0.146973
0.147913
0.142131
0.139575
0.106804
0.139155
0.151739
0.141260
0.155892
0.159097
0.112006
0.137811
0.806453
0.130418
0.111661
0.139956
0.124525
0.128032
0.734755
0.154690
0.113205
0.127092
0.131112
0.136396
0.156116
0.136400
0.184742
0.103198
0.168899
0.992952
0.157105
0.152386
0.150414
0.156652
0.144797
0.128150
0.152143
0.157845
0.127611
0.144012
0.147734
0.144372
0.162002
0.178429
0.709945
0.170492
0.227573
0.146157
0.122690
0.150107
0.111527
0.119536
0.161899
0.141550
0.155941
0.115618
0.166081
0.141723
0.172998
0.716295
0.135805
0.910518
0.144651
0.128123
0.114356
0.157792
0.144926
0.137357
0.165969
0.127542
0.166446
0.112911
0.152307
0.129348
0.145617
0.180666
0.177098
0.125240
0.146972
0.135559
0.184053
0.159777
0.124057
0.113610
0.160466
0.147258
0.140737
0.151177
0.156863
0.145720
0.144302
0.157258
0.135407
0.156856
0.127261
0.145312
0.154813
0.143474
0.127387
0.139285
0.144888
0.139613
0.149308
0.153332
0.128953
0.148499
0.110704
0.124559
0.153437
0.178789
0.122562
0.136145
0.514477
0.149009
0.118678
0.131369
0.133832
0.119797
0.176723
0.149590
0.140712
0.151481
0.149042
0.129066
0.191911
0.155129
0.138735
0.100241
0.127274
0.161401
0.422743
0.140643
0.368607
0.139596
0.133800
0.145930
0.112152
0.136465
0.155826
0.130805
0.150041
0.141903
0.414052
0.154973
0.144222
0.135464
0.141627
0.137258
0.092458
0.141330
0.118594
0.175245
0.133383
0.330679
0.111005
0.160936
0.152314
0.229247
0.149392
0.140647
0.125516
0.107914
0.151457
0.159140
0.141449
0.148157
0.144770
0.118818
0.172314
0.144816
0.177494
0.146619
0.163988
0.147517
0.145157
0.140672
0.157908
0.129782
0.153646
0.128651
0.128339
0.137637
0.135103
0.146731
0.158882
0.152615
0.134536
0.165283
0.131549
0.143205
0.140986
0.268310
0.140713
0.158672
0.143826
0.130276
0.124487
0.162853
0.172563
0.140305
0.124346
0.152915
0.153597
0.733167
0.129028
0.171016
0.140882
0.546271
0.128012
0.123446
0.150674
0.482736
0.182742
0.149321
0.150022
0.134346
0.142329
0.174649
0.132073
0.133987
0.124664
0.137890
0.137419
0.155057
0.120705
0.141021
0.129972
0.159723
0.127850
0.152952
0.152333
0.124952
0.747416
0.128761
0.140087
0.121823
0.143115
0.122601
0.130353
0.140205
0.131926
0.131627
0.204158
0.152067
0.139839
0.111789
0.162290
0.127296
0.147181
0.140155
0.124132
0.166544
0.121414
0.141012
0.155918
0.108420
0.151331
0.151629
0.139183
0.124249
0.156696
0.109162
0.146788
0.156759
0.139328
0.147406
0.126331
0.136562
0.140568
0.137076
0.151237
0.151954
0.141372
0.130483
0.150339
0.130503
0.155456
0.135203
0.149700
0.151188
0.118603
0.146248
0.168128
0.121526
0.123557
0.151633
0.139874
0.153741
0.150345
0.117009
0.350862
0.124598
0.121013
0.456490
0.150622
0.149507
0.165426
0.134127
0.138535
0.162969
0.146362
0.138515
0.146370
0.160153
0.137823
0.124311
0.150561
0.127404
0.151662
0.149540
0.147490
0.139792
0.175622
0.120398
0.148188
0.143740
0.148296
0.159241
0.146722
0.147081
0.122321
0.160811
0.121628
0.162925
0.151283
0.153230
0.141640
0.155209
0.142380
0.152761
0.159714
0.126866
0.138550
0.139788
0.122348
0.145539
0.152539
0.119320
0.140530
0.157921
0.137348
0.139466
0.163084
0.141050
0.119528
0.142083
0.116989
0.148763
0.124694
0.124603
0.154133
0.147160
0.133734
0.138001
0.139809
0.149338
0.166703
0.134062
0.159378
0.144495
0.147972
0.134175
0.132472
0.131672
0.140144
0.153176
0.149736
0.149276
0.148161
0.175135
0.144857
0.145119
0.155742
0.137340
0.115837
0.152242
0.127567
0.145250
0.141045
0.165397
0.139644
0.135324
0.500287
0.129397
0.137138
0.140307
0.124060
0.118877
0.162037
0.166667
0.116003
0.152703
0.113117
0.155598
0.153057
0.124937
0.126679
0.125138
0.127752
0.135678
0.154309
0.149924
0.128058
0.136138
0.185093
0.140303
0.165342
0.144812
0.109700
0.152076
0.096727
0.159193
0.136326
0.129541
0.134631
0.143723
0.147920
0.134097
0.163039
0.124948
0.136590
0.143288
0.121353
0.146997
0.126300
0.126911
0.134450
0.155005
0.144008
0.130440
0.144460
0.137128
0.142494
0.146270
0.152051
0.127031
0.133421
0.137978
0.216424
0.128253
0.150003
0.123190
0.135638
0.116337
0.136660
0.128590
0.138206
0.136864
0.128163
0.176605
0.149754
0.164108
0.126979
0.220974
0.157636
0.189841
0.173191
0.149566
0.174692
0.137902
0.137306
0.172140
0.108923
0.137263
0.153380
0.153188
0.150658
0.127608
0.298903
0.371248
0.127970
0.153922
0.147524
0.152499
0.108421
0.120475
0.150428
0.133211
0.114800
0.125070
0.177440
0.147596
0.153910
0.127344
0.127089
0.126839
0.127463
0.134621
0.139915
0.149764
0.122849
0.142246
0.118665
0.180060
0.154388
0.132636
0.141337
0.133136
0.147251
0.163465
0.149473
0.143522
0.146909
0.154662
0.129234
0.167248
0.136773
0.128540
0.144849
