0.016891
0.004813
0.005798
0.006237
0.012285
0.006962
0.005133
0.005481
0.007050
0.004138
0.016645
0.005909
0.005761
0.005219
0.009417
0.006411
0.009086
0.005900
0.007382
0.009300
0.005451
0.005813
0.005111
0.006191
0.006407
0.007944
0.012790
0.006530
0.006835
0.006422
0.005440
0.005901
0.006167
0.005820
0.034389
0.014582
0.009319
0.005923
0.005638
0.005897
0.009627
0.004480
0.004557
0.006524
0.005453
0.004995
0.005468
0.005363
0.007136
0.008078
0.015869
0.007122
0.006250
0.007024
0.006104
0.005683
0.006244
0.006283
0.005647
0.006428
0.004716
0.005115
0.005018
0.005098
0.006773
0.020770
0.006801
0.005413
0.005336
0.007220
0.008251
0.005209
0.007107
0.008758
0.027072
0.006518
0.009340
0.008282
0.005799
0.005711
0.009387
0.004654
0.007675
0.006697
0.006221
0.005499
0.006199
0.005304
0.006441
0.006044
0.005234
0.005651
0.006820
0.016996
0.007291
0.020850
0.007507
0.006524
0.005703
0.006409
0.005058
0.009236
0.004496
0.006909
0.005063
0.011602
0.007205
0.005543
0.006145
0.008326
0.005885
0.006055
0.007406
0.006588
0.005944
0.005306
0.010795
0.006318
0.006387
0.005516
0.007017
0.005684
0.007185
0.009794
0.005766
0.006612
0.007061
0.019993
0.007420
0.005736
0.007441
0.006361
0.007508
0.006933
0.006781
0.005284
0.005957
0.008906
0.005362
0.006597
0.005375
0.010609
0.006216
0.005335
0.006914
0.006973
0.005313
0.006070
0.022854
0.006657
0.011785
0.007525
0.006023
0.006166
0.006408
0.007376
0.005334
0.005897
0.006101
0.006056
0.006095
0.007672
0.006866
0.006632
0.005563
0.005679
0.005809
0.006511
0.004517
0.009985
0.005549
0.005183
0.005800
0.005182
0.006416
0.007231
0.006184
0.009414
0.005923
0.005594
0.009332
0.005991
0.006620
0.006881
0.006359
0.005323
0.005681
0.009057
0.005931
0.005172
0.006915
0.009040
0.008146
0.011109
0.007787
0.008856
0.010752
0.006082
0.006230
0.005368
0.005544
0.006282
0.019248
0.006070
0.007594
0.006871
0.005347
0.006986
0.007015
0.005917
0.005909
0.005531
0.010777
0.006224
0.007902
0.006103
0.006081
0.006198
0.006323
0.006102
0.006209
0.007653
0.006069
0.005826
0.007776
0.006137
0.009114
0.006572
0.005561
0.006601
0.006571
0.005958
0.006158
0.005973
0.006476
0.005866
0.005827
0.007130
0.006366
0.007539
0.011775
0.010800
0.005849
0.006168
0.005922
0.005534
0.005029
0.005961
0.005843
0.006108
0.005771
0.007462
0.006066
0.006201
0.005814
0.007646
0.020951
0.006462
0.007531
0.006098
0.006992
0.006091
0.006544
0.006115
0.006861
0.006370
0.005365
0.007987
0.006013
0.006391
0.006290
0.013638
0.007614
0.006285
0.005932
0.006202
0.005826
0.006360
0.006253
0.005800
0.005337
0.005164
0.007501
0.006493
0.014089
0.006972
0.006728
0.007270
0.005949
0.005784
0.006736
0.005837
0.005771
0.006286
0.006481
0.005574
0.008631
0.006741
0.011151
0.005354
0.005434
0.008010
0.005690
0.005288
0.006579
0.006061
0.006123
0.006279
0.008212
0.006444
0.006138
0.006526
0.016332
0.005747
0.006283
0.005932
0.005433
0.005847
0.005432
0.005377
0.005316
0.013318
0.006201
0.010178
0.006179
0.006052
0.006083
0.006084
0.005572
0.007015
0.006438
0.005400
0.004911
0.008757
0.004455
0.006192
0.006475
0.004736
0.006116
0.004766
0.005323
0.013568
0.007055
0.004525
0.015162
0.006031
0.006140
0.006240
0.005236
0.005839
0.005247
0.005688
0.006672
0.006500
0.005394
0.005431
0.005364
0.008946
0.004498
0.006347
0.006996
0.008105
0.006371
0.011749
0.006202
0.007292
0.005279
0.005326
0.006354
0.010835
0.006504
0.005571
0.008212
0.006566
0.005948
0.006094
0.006980
0.007404
0.006368
0.006540
0.006291
0.009256
0.006069
0.006165
0.005580
0.005753
0.006532
0.005396
0.005828
0.005133
0.005297
0.005584
0.005320
0.011452
0.005927
0.005041
0.005298
0.005488
0.005276
0.005449
0.004952
0.005699
0.005725
0.005773
0.007457
0.008587
0.006332
0.005988
0.006239
0.007870
0.006100
0.007304
0.006747
0.005837
0.005310
0.009176
0.012712
0.008689
0.006060
0.009214
0.006039
0.005869
0.007549
0.006843
0.007591
0.010999
0.005953
0.006662
0.006303
0.005616
0.005611
0.006862
0.004858
0.006323
0.006474
0.007956
0.013102
0.006164
0.005613
0.006159
0.006596
0.006115
0.006110
0.005224
0.007446
0.006486
0.006042
0.012290
0.005965
0.009982
0.006304
0.005945
0.005976
0.007592
0.005991
0.006108
0.006186
0.005566
0.006216
0.005610
0.007457
0.007725
0.005377
0.005902
0.005847
0.005889
0.005133
0.006426
0.005266
0.006731
0.013780
0.006672
0.004882
0.005878
0.006145
0.006154
0.006226
0.006123
0.007293
0.005274
0.006714
0.007280
0.005774
0.013587
0.006865
0.005373
0.005485
0.043654
0.006949
0.006120
0.006048
0.007329
0.024599
0.005206
0.006215
0.005247
0.011527
0.005649
0.005344
0.005288
0.038052
0.007060
0.005880
0.005822
0.006961
0.007618
0.005501
0.004894
0.010286
0.005860
0.007404
0.005505
0.005493
0.004621
0.006399
0.006572
0.005934
0.010092
0.007063
0.006226
0.005288
0.005199
0.005386
0.058948
0.006057
0.007408
0.160809
