0.011991
0.004320
0.005084
0.004435
0.012855
0.006626
0.003755
0.004510
0.005014
0.006856
0.010787
0.004374
0.004439
0.008824
0.004717
0.005284
0.005141
0.005447
0.005642
0.004124
0.006356
0.005181
0.024616
0.005524
0.005037
0.005830
0.004503
0.004866
0.004778
0.004384
0.005251
0.004856
0.005343
0.008878
0.005132
0.005412
0.004093
0.005815
0.004955
0.006594
0.004432
0.003413
0.005282
0.006142
0.005198
0.005234
0.006526
0.005291
0.004313
0.003955
0.006589
0.004843
0.006448
0.004751
0.005253
0.004163
0.048139
0.004488
0.004464
0.004106
0.003780
0.004595
0.003949
0.008210
0.004475
0.012146
0.005218
0.005618
0.004296
0.005336
0.005208
0.004524
0.004726
0.004491
0.010931
0.008528
0.004443
0.005395
0.005071
0.004955
0.005340
0.005146
0.004458
0.004756
0.003772
0.004304
0.005234
0.004754
0.004860
0.005661
0.005650
0.005056
0.004448
0.004419
0.005423
0.004466
0.004976
0.004415
0.004260
0.004067
0.004136
0.004395
0.006279
0.003947
0.003929
0.004351
0.005457
0.004478
0.004715
0.004745
0.004693
0.005250
0.004819
0.005141
0.004366
0.005955
0.005390
0.006395
0.005314
0.004814
0.004890
0.037637
0.004853
0.004493
0.005041
0.005959
0.005255
0.012596
0.004945
0.006832
0.004811
0.004733
0.005965
0.004776
0.005933
0.004453
0.005599
0.004081
0.005277
0.003656
0.004606
0.004180
0.007786
0.004512
0.005784
0.004927
0.005044
0.004789
0.009389
0.004415
0.006692
0.003922
0.005156
0.004688
0.004782
0.004926
0.007175
0.005055
0.008958
0.005009
0.005327
0.008570
0.005070
0.005259
0.004933
0.005157
0.005171
0.004396
0.003981
0.004154
0.004109
0.004400
0.004975
0.007780
0.005792
0.005168
0.005108
0.005240
0.008279
0.004697
0.010300
0.005592
0.004141
0.004374
0.004330
0.005134
0.007023
0.006777
0.004475
0.005576
0.005004
0.004758
0.004929
0.008705
0.005218
0.006496
0.005056
0.006550
0.006779
0.005686
0.004461
0.005003
0.012214
0.005206
0.005034
0.004520
0.007663
0.004551
0.005270
0.005051
0.005593
0.005228
0.003775
0.006739
0.004740
0.004739
0.004880
0.004496
0.005219
0.004743
0.004149
0.005603
0.004920
0.004979
0.005021
0.005161
0.004916
0.005388
0.004396
0.005224
0.006566
0.004131
0.004677
0.006527
0.005029
0.004545
0.005476
0.004253
0.004446
0.005432
0.003640
0.095886
0.005406
0.004545
0.004212
0.005730
0.006023
0.005292
0.005667
0.005288
0.006478
0.004832
0.004922
0.004904
0.006290
0.004843
0.011336
0.005126
0.004869
0.004820
0.005773
0.004978
0.006261
0.004984
0.004431
0.005049
0.004815
0.004797
0.004171
0.005060
0.005765
0.004989
0.004895
0.005013
0.004756
0.006279
0.004991
0.006001
0.005315
0.005020
0.004099
0.005284
0.004872
0.005253
0.004451
0.005206
0.004900
0.004732
0.004813
0.006337
0.004483
0.004982
0.004807
0.008466
0.004825
0.004801
0.005504
0.004262
0.004911
0.007552
0.004309
0.005466
0.003543
0.004352
0.004911
0.005676
0.005049
0.004723
0.005218
0.005606
0.004924
0.004130
0.020681
0.004661
0.005357
0.005415
0.004192
0.004296
0.004699
0.005286
0.004131
0.011653
0.004663
0.004908
0.004463
0.004887
0.004287
0.004098
0.005592
0.004956
0.004801
0.005798
0.004386
0.011076
0.005578
0.004471
0.004331
0.004650
0.005394
0.004504
0.004202
0.004507
0.004311
0.005735
0.010876
0.005332
0.005306
0.005407
0.004439
0.005341
0.004236
0.003598
0.004817
0.003942
0.005893
0.004540
0.004355
0.005567
0.003526
0.006119
0.004924
0.013146
0.004960
0.004751
0.006243
0.004359
0.005426
0.004492
0.004216
0.004273
0.003845
0.005709
0.004781
0.005165
0.004832
0.004939
0.004991
0.004247
0.005790
0.004671
0.004772
0.017081
0.005213
0.006161
0.008288
0.004951
0.004268
0.004177
0.004873
0.003898
0.005310
0.004528
0.004177
0.004052
0.004294
0.004293
0.004141
0.004233
0.006181
0.004252
0.003867
0.005351
0.004690
0.004765
0.005331
0.004817
0.005163
0.004406
0.004849
0.004694
0.004586
0.004826
0.006792
0.005913
0.004513
0.005284
0.005540
0.005463
0.005388
0.005848
0.005358
0.005551
0.005169
0.005350
0.005721
0.005252
0.005460
0.004200
0.006448
0.005207
0.005280
0.007271
0.004456
0.006161
0.005276
0.005046
0.004412
0.005292
0.004656
0.004594
0.004735
0.006639
0.008228
0.004310
0.004943
0.004909
0.004323
0.004956
0.004638
0.004849
0.004953
0.005268
0.006459
0.004746
0.004719
0.004312
0.004757
0.004183
0.004979
0.020803
0.004753
0.004379
0.004549
0.005271
0.004930
0.005685
0.004725
0.004079
0.004198
0.004119
0.004667
0.004890
0.003699
0.004753
0.004747
0.004236
0.004266
0.004898
0.005224
0.004075
0.005021
0.004552
0.006712
0.010357
0.005000
0.004878
0.005282
0.006417
0.004864
0.006631
0.006932
0.004761
0.012373
0.004103
0.027579
0.006495
0.004844
0.004165
0.005103
0.004359
0.005937
0.005544
0.006132
0.005390
0.004529
0.004360
0.006083
0.003984
0.011350
0.005299
0.004895
0.005725
0.004181
0.005260
0.005483
0.004416
0.004175
0.016129
0.004760
0.004069
0.004095
0.005821
0.004001
0.005274
0.005342
0.005561
0.012596
