0.004441
0.001131
0.001131
0.001210
0.001225
0.001188
0.001144
0.001153
0.000544
0.001194
0.000444
0.000982
0.001285
0.001075
0.001199
0.001222
0.001029
0.001201
0.001018
0.001097
0.001065
0.001082
0.000958
0.001039
0.001199
0.001189
0.001171
0.000916
0.001224
0.001212
0.001227
0.001212
0.001225
0.001200
0.001192
0.000951
0.000723
0.001177
0.001189
0.001199
0.001141
0.000647
0.001138
0.001020
0.001217
0.001165
0.001168
0.001137
0.000993
0.001236
0.000501
0.000825
0.001065
0.000848
0.001260
0.000712
0.001165
0.001148
0.000502
0.000687
0.000725
0.001114
0.000707
0.000952
0.001110
0.001021
0.001226
0.001194
0.001063
0.001075
0.001221
0.001153
0.001323
0.001042
0.000884
0.001249
0.001091
0.001198
0.001119
0.001251
0.001145
0.001181
0.000989
0.001187
0.000501
0.001199
0.001227
0.001264
0.001243
0.001152
0.001199
0.001199
0.001203
0.001300
0.001291
0.001077
0.001218
0.001093
0.001065
0.001136
0.001232
0.001049
0.000735
0.001138
0.000849
0.001184
0.001139
0.001205
0.001205
0.001257
0.001077
0.001210
0.001239
0.001190
0.000320
0.000535
0.001252
0.001244
0.001074
0.001212
0.000629
0.000376
0.000979
0.001168
0.001191
0.001155
0.001278
0.001244
0.001132
0.001259
0.001303
0.001164
0.000884
0.000520
0.001281
0.000664
0.001182
0.001050
0.001219
0.000507
0.001256
0.001227
0.001239
0.001274
0.001248
0.000625
0.001211
0.001233
0.001223
0.001243
0.001209
0.000534
0.001193
0.001157
0.001265
0.001207
0.001181
0.001219
0.001192
0.000979
0.001192
0.001210
0.001121
0.001226
0.001032
0.001185
0.001210
0.001314
0.000914
0.001200
0.001156
0.000974
0.000984
0.001196
0.001186
0.001263
0.001267
0.001202
0.001234
0.001131
0.001198
0.001236
0.001036
0.001214
0.001196
0.001219
0.001564
0.001174
0.000983
0.001024
0.000951
0.001041
0.001022
0.001041
0.001192
0.001214
0.000999
0.001346
0.001200
0.000678
0.001183
0.001292
0.001179
0.001148
0.001207
0.001028
0.000513
0.000483
0.001192
0.001092
0.001120
0.001108
0.000725
0.001228
0.001234
0.001182
0.001147
0.001219
0.001100
0.000895
0.000753
0.001140
0.001106
0.001232
0.001295
0.001284
0.000811
0.001264
0.000512
0.000871
0.001187
0.001232
0.001241
0.001156
0.001212
0.000562
0.001201
0.000622
0.000917
0.001172
0.000617
0.001537
0.001066
0.001144
0.001211
0.000484
0.000676
0.000958
0.000976
0.001218
0.001177
0.001204
0.000986
0.001233
0.001024
0.000720
0.000958
0.001297
0.001216
0.000955
0.001182
0.001067
0.001133
0.000695
0.001134
0.001045
0.001106
0.001010
0.001037
0.001270
0.001184
0.001098
0.001330
0.001232
0.000903
0.001016
0.000963
0.001201
0.001139
0.001232
0.000622
0.001061
0.001058
0.001174
0.001047
0.001089
0.001219
0.000849
0.001058
0.001180
0.001230
0.001148
0.001192
0.000955
0.001251
0.001135
0.001329
0.001173
0.001211
0.001144
0.001258
0.001235
0.000554
0.001232
0.001152
0.001297
0.001295
0.001104
0.001156
0.001155
0.001191
0.001184
0.000958
0.001122
0.001120
0.001240
0.001151
0.001199
0.001181
0.001208
0.001109
0.001157
0.001191
0.001036
0.000486
0.001083
0.001311
0.001280
0.001269
0.001062
0.001216
0.001177
0.001302
0.001115
0.001188
0.001149
0.000997
0.001229
0.001189
0.001159
0.001000
0.001217
0.001243
0.001231
0.001231
0.001186
0.001000
0.001148
0.000723
0.001222
0.001033
0.000779
0.001028
0.000997
0.001005
0.001220
0.001188
0.001177
0.000459
0.001032
0.001242
0.001112
0.001274
0.001053
0.001183
0.000630
0.001186
0.001176
0.001178
0.001249
0.000647
0.001194
0.001216
0.001247
0.001196
0.001104
0.001177
0.001170
0.000963
0.001148
0.001230
0.001257
0.001181
0.001286
0.001183
0.001197
0.000470
0.001155
0.001175
0.001188
0.001190
0.001198
0.001192
0.001155
0.001134
0.001194
0.000992
0.001178
0.001183
0.001169
0.000503
0.000950
0.001239
0.001081
0.001019
0.001217
0.001035
0.001243
0.001110
0.001246
0.001233
0.001182
0.001066
0.001244
0.000674
0.001167
0.001070
0.001109
0.001027
0.001115
0.001137
0.001281
0.001301
0.001137
0.001208
0.001201
0.001087
0.000745
0.001046
0.001026
0.001150
0.001253
0.001043
0.000966
0.001162
0.001209
0.000971
0.001234
0.001053
0.001073
0.001024
0.001180
0.001218
0.000433
0.001228
0.001167
0.000811
0.001212
0.001170
0.001237
0.001236
0.001174
0.001185
0.001198
0.001067
0.001326
0.000993
0.001169
0.001263
0.000758
0.000964
0.001210
0.001221
0.001147
0.001011
0.001205
0.001239
0.000913
0.001209
0.001167
0.001222
0.001198
0.000689
0.000987
0.001155
0.001178
0.000608
0.001136
0.001030
0.000512
0.001250
0.001161
0.001048
0.001047
0.001205
0.001167
0.000624
0.000803
0.000798
0.001091
0.001027
0.000996
0.000867
0.001158
0.001189
0.001186
0.001253
0.001017
0.001039
0.000986
0.001058
0.001256
0.001235
0.001198
0.001051
0.000539
0.001030
0.001210
0.001222
0.001202
0.001035
0.001196
0.001067
0.001247
0.001234
0.001203
0.001228
0.001264
0.001150
0.000933
0.001153
0.001214
0.001192
0.000938
0.001205
0.001249
0.001035
