0.012643
0.009125
0.009242
0.007997
0.008787
0.008820
0.008723
0.008812
0.009211
0.008320
0.008467
0.012765
0.018935
0.202937
0.011529
0.012286
0.008537
0.007632
0.039274
0.007665
0.009102
0.012423
0.008818
0.010208
0.008297
0.008351
0.008314
0.008065
0.029066
0.009100
0.013036
0.018489
0.015438
0.016303
0.008897
0.034046
0.020988
0.019009
0.011762
0.007585
0.009900
0.009446
0.008135
0.008865
0.010380
0.014225
0.009190
0.010008
0.009107
0.007974
0.008554
0.006978
0.008043
0.018645
0.041322
0.010422
0.009816
0.010041
0.008187
0.009500
0.035781
0.009089
0.009821
0.011357
0.008114
0.009293
0.007545
0.013195
0.008435
0.007541
0.007531
0.007060
0.015558
0.036462
0.006843
0.007765
0.009775
0.008922
0.010204
0.008758
0.008083
0.006933
0.019532
0.012792
0.008276
0.008486
0.103224
0.015260
0.007692
0.021934
0.007377
0.008138
0.007878
0.007724
0.019934
0.008405
0.013525
0.008807
0.034562
0.018772
0.009875
0.008916
0.018146
0.013657
0.006821
0.008504
0.020576
0.029894
0.033918
0.067492
0.007147
0.007328
0.014414
0.040423
0.015549
0.009184
0.038359
0.036261
0.009431
0.017002
0.012780
0.007861
0.010865
0.009074
0.011309
0.045076
0.016306
0.044909
0.022079
0.007307
0.007782
0.017679
0.051122
0.007501
0.011430
0.011637
0.007725
0.010843
0.030014
0.010439
0.009870
0.020069
0.033862
0.010071
0.019492
0.029481
0.016192
0.010322
0.007276
0.007259
0.012002
0.019791
0.008334
0.008176
0.019631
0.007738
0.012711
0.007632
0.017899
0.022986
0.017715
0.022199
0.028207
0.020742
0.007873
0.028230
0.024786
0.008490
0.010440
0.012629
0.007794
0.063836
0.020950
0.022255
0.010782
0.012007
0.007288
0.016055
0.014002
0.007279
0.008226
0.007623
0.044355
0.018854
0.008610
0.009080
0.008769
0.029645
0.007384
0.011574
0.008574
0.007590
0.007423
0.007539
0.014920
0.022824
0.027210
0.016207
0.021746
0.008689
0.015387
0.010570
0.009097
0.009265
0.009306
0.019851
0.011402
0.007749
0.060488
0.021381
0.010564
0.024572
0.007162
0.007770
0.008027
0.048209
0.023861
0.008379
0.021758
0.006752
0.074067
0.013503
0.017204
0.007543
0.007859
0.018245
0.053961
0.008064
0.040627
0.011402
0.007612
0.007671
0.021262
0.031805
0.007756
0.032273
0.048942
0.017287
0.016482
0.108883
0.021831
0.024570
0.019191
0.015715
0.008535
0.052001
0.007883
0.007300
0.009213
0.007327
0.008935
0.030840
0.019235
0.008812
0.007717
0.035458
0.046417
0.009130
0.008472
0.011959
0.024312
0.019355
0.019160
0.022902
0.008159
0.009074
0.008506
0.038996
0.008944
0.006963
0.060408
0.009167
0.007545
0.007892
0.023283
0.011507
0.023353
0.007445
0.018219
0.037091
0.025540
0.010074
0.008136
0.008276
0.041655
0.021055
0.007076
0.007077
0.008252
0.052135
0.007832
0.019069
0.008372
0.008133
0.009918
0.008657
0.011058
0.010210
0.011775
0.007382
0.039698
0.008532
0.006530
0.008646
0.034092
0.032076
0.022303
0.012702
0.008324
0.010493
0.010098
0.012485
0.012760
0.007197
0.012965
0.011098
0.007927
0.028830
0.011471
0.007481
0.008308
0.025004
0.018390
0.008505
0.016156
0.007927
0.021271
0.031719
0.012138
0.009111
0.008788
0.036250
0.009049
0.045133
0.008225
0.009812
0.010076
0.035251
0.023974
0.008148
0.007472
0.015204
0.007349
0.008309
0.008172
0.008343
0.007539
0.010977
0.009103
0.011458
0.010036
0.278230
0.026367
0.052473
0.007258
0.009061
0.007828
0.022706
0.015988
0.022596
0.026760
0.022310
0.028059
0.019302
0.008944
0.022517
0.022471
0.021810
0.028273
0.022977
0.026508
0.027860
0.019185
0.009581
0.007938
0.039213
0.043755
0.007921
0.061418
0.034791
0.008818
0.012671
0.007327
0.012870
0.021148
0.007159
0.007285
0.008597
0.019286
0.009449
0.012395
0.013417
0.041776
0.012188
0.007838
0.008131
0.019642
0.006887
0.008459
0.007439
0.024401
0.011120
0.007852
0.042784
0.012444
0.009054
0.009117
0.009154
0.008200
0.066804
0.007978
0.023917
0.007763
0.007475
0.007386
0.024575
0.007921
0.009657
0.008015
0.007315
0.012597
0.027052
0.008334
0.007548
0.016261
0.007774
0.007687
0.008182
0.011387
0.007972
0.008674
0.007760
0.006782
0.012791
0.009742
0.052624
0.008828
0.007912
0.007548
0.007687
0.007576
0.007640
0.043324
0.007026
0.007280
0.008487
0.007810
0.007627
0.007930
0.007522
0.008632
0.007578
0.009339
0.007859
0.011432
0.013554
0.007579
0.007550
0.007642
0.006962
0.007582
0.009153
0.008396
0.047664
0.007467
0.009572
0.025824
0.007718
0.006803
0.007430
0.007194
0.018879
0.006780
0.007402
0.007372
0.008372
0.006601
0.011012
0.007318
0.007050
0.007338
0.013229
0.008305
0.009010
0.008854
0.039197
0.006583
0.034739
0.018530
0.056118
0.007369
0.014595
0.009954
0.009703
0.008638
0.008285
0.011043
0.008679
0.036097
0.022672
0.027341
0.007437
0.008540
0.027862
0.032988
0.014043
0.014833
0.007077
0.008019
0.007875
0.007447
0.027945
0.029339
0.006587
0.006693
0.025893
0.008245
0.017543
0.026061
0.012369
0.008624
0.011798
0.008148
0.017369
0.009805
0.012036
0.007518
