0.002378
0.000625
0.000916
0.000928
0.001041
0.001158
0.000506
0.001166
0.000345
0.001687
0.000739
0.001213
0.001178
0.002054
0.001485
0.001942
0.000933
0.000685
0.001041
0.000849
0.002527
0.002016
0.001227
0.000992
0.001087
0.001525
0.001183
0.001396
0.001105
0.001112
0.001922
0.001102
0.001431
0.001149
0.001239
0.001466
0.000590
0.002281
0.001600
0.001925
0.001242
0.000488
0.000980
0.002431
0.001857
0.001875
0.002274
0.001434
0.001042
0.000768
0.000429
0.000826
0.002281
0.001057
0.001385
0.000478
0.001266
0.001080
0.000719
0.000465
0.000433
0.000928
0.000738
0.001504
0.001179
0.001159
0.001917
0.002128
0.000990
0.001249
0.001203
0.000743
0.001049
0.001015
0.000542
0.001166
0.001079
0.001311
0.001517
0.000970
0.001827
0.001810
0.001150
0.001290
0.000571
0.001202
0.001786
0.001304
0.001438
0.002224
0.001928
0.001812
0.000991
0.001122
0.001150
0.000861
0.001041
0.001099
0.001052
0.000897
0.000948
0.001206
0.002401
0.000864
0.000800
0.001188
0.002173
0.001155
0.000967
0.000964
0.000968
0.001145
0.000942
0.001161
0.000493
0.001913
0.001302
0.001752
0.001018
0.001129
0.001072
0.000550
0.000876
0.000860
0.001126
0.001131
0.001127
0.002207
0.000910
0.001168
0.001093
0.000921
0.001565
0.000450
0.000870
0.000659
0.001138
0.000467
0.002041
0.000598
0.000547
0.001011
0.001219
0.001247
0.001580
0.001017
0.001102
0.001071
0.000927
0.000783
0.001003
0.000752
0.001134
0.001038
0.001073
0.001070
0.001690
0.001160
0.001181
0.001131
0.001539
0.001575
0.001741
0.000867
0.001422
0.001618
0.001809
0.001074
0.000722
0.001070
0.000963
0.001075
0.001496
0.001027
0.001943
0.001138
0.001178
0.001137
0.001200
0.000825
0.001218
0.002218
0.001124
0.001116
0.001104
0.001846
0.000966
0.001263
0.000911
0.001714
0.001104
0.001108
0.001068
0.003114
0.001258
0.002328
0.000989
0.002420
0.002559
0.001868
0.000924
0.001190
0.001250
0.001351
0.001119
0.001124
0.001174
0.000607
0.001106
0.001000
0.001654
0.001326
0.000710
0.002295
0.001004
0.001006
0.001010
0.001046
0.001113
0.001003
0.001033
0.001024
0.001036
0.001057
0.001175
0.001238
0.001086
0.002315
0.000644
0.001152
0.002592
0.000950
0.001036
0.002483
0.001084
0.000741
0.001340
0.000455
0.000891
0.001336
0.000534
0.001153
0.000964
0.001143
0.001055
0.001303
0.000713
0.000917
0.001508
0.001226
0.002393
0.001018
0.000993
0.001128
0.001731
0.001066
0.001169
0.001246
0.001037
0.000998
0.002217
0.001064
0.002634
0.001059
0.001191
0.001161
0.000933
0.000973
0.001030
0.001143
0.001845
0.001164
0.001069
0.001180
0.001070
0.002341
0.001121
0.001964
0.001220
0.001111
0.000531
0.001135
0.001083
0.001276
0.001048
0.001142
0.000863
0.000835
0.001095
0.002198
0.001005
0.001155
0.001026
0.000950
0.001015
0.000803
0.001150
0.001113
0.001235
0.001065
0.001114
0.001181
0.000499
0.001064
0.000995
0.001655
0.001111
0.001012
0.001185
0.001049
0.000972
0.001000
0.002304
0.001054
0.001890
0.002001
0.001079
0.001052
0.001145
0.002024
0.001022
0.002352
0.001159
0.000987
0.000551
0.001137
0.001011
0.000996
0.001759
0.001523
0.001040
0.002344
0.000788
0.001129
0.002100
0.001163
0.000803
0.001042
0.001121
0.001121
0.001077
0.000965
0.001036
0.002394
0.002464
0.001396
0.001132
0.001661
0.000629
0.001953
0.001097
0.000569
0.001148
0.000779
0.002707
0.001286
0.001205
0.002200
0.000466
0.002080
0.000986
0.001225
0.001156
0.001053
0.002279
0.000732
0.001966
0.001202
0.000970
0.001142
0.000720
0.002258
0.001030
0.001273
0.001052
0.001032
0.001069
0.000999
0.001804
0.001074
0.000901
0.002468
0.001184
0.002184
0.001097
0.001048
0.000482
0.001054
0.001578
0.000809
0.002018
0.001192
0.001052
0.000791
0.001075
0.001103
0.000956
0.000984
0.001112
0.001092
0.000646
0.002079
0.000872
0.001014
0.001226
0.000991
0.001294
0.001038
0.001040
0.000983
0.001153
0.001126
0.002483
0.002183
0.000668
0.001870
0.001544
0.001486
0.001112
0.000877
0.001201
0.001485
0.001413
0.000708
0.001934
0.001059
0.001435
0.000432
0.002162
0.001091
0.001295
0.001162
0.000730
0.001001
0.001223
0.001243
0.000970
0.001209
0.001283
0.001114
0.001104
0.002683
0.001172
0.000574
0.001093
0.001188
0.000741
0.001081
0.001077
0.000930
0.001149
0.001272
0.002388
0.001085
0.001131
0.000956
0.001078
0.001067
0.001163
0.000686
0.000953
0.001100
0.000821
0.001925
0.001119
0.000922
0.001007
0.000953
0.000905
0.000860
0.001394
0.001151
0.000605
0.001199
0.001010
0.001073
0.000524
0.001126
0.001275
0.000467
0.001036
0.001212
0.002648
0.001229
0.001175
0.001135
0.001325
0.002279
0.000693
0.001240
0.001316
0.001060
0.000554
0.001094
0.002297
0.001489
0.001164
0.001027
0.001731
0.001143
0.001199
0.002135
0.001732
0.002034
0.001265
0.000638
0.001110
0.000654
0.001671
0.002002
0.001338
0.002250
0.000985
0.001679
0.001724
0.001108
0.000984
0.001116
0.001383
0.000986
0.001143
0.002428
0.000891
0.001167
0.001204
0.001471
0.001973
