0.002117
0.000417
0.000869
0.000415
0.001185
0.001076
0.000459
0.001129
0.000985
0.000434
0.002112
0.001599
0.001384
0.000891
0.001163
0.001859
0.000555
0.000973
0.001289
0.000834
0.001052
0.001573
0.000933
0.001217
0.001093
0.001033
0.001117
0.002088
0.002236
0.001787
0.001015
0.001109
0.001120
0.000857
0.001085
0.001818
0.000972
0.001480
0.000938
0.001490
0.001188
0.000412
0.000428
0.001999
0.001072
0.000846
0.000898
0.000862
0.002083
0.002213
0.001899
0.001995
0.001208
0.001233
0.001623
0.000609
0.001069
0.001117
0.000774
0.001428
0.000417
0.000916
0.000702
0.000807
0.001063
0.001177
0.001134
0.001049
0.001021
0.002038
0.002376
0.000397
0.001294
0.002206
0.000820
0.001260
0.001781
0.002236
0.001250
0.001124
0.001203
0.000475
0.001013
0.002159
0.001716
0.001136
0.000326
0.000950
0.001970
0.001106
0.000899
0.000956
0.002129
0.001328
0.001092
0.000687
0.002333
0.001115
0.001138
0.002085
0.000827
0.001199
0.000457
0.002271
0.000588
0.001643
0.001229
0.001109
0.001010
0.002278
0.000877
0.001159
0.002198
0.001197
0.000773
0.000515
0.001791
0.001241
0.001188
0.001052
0.000966
0.000608
0.000872
0.001086
0.000970
0.001448
0.002024
0.000473
0.002022
0.001178
0.002180
0.001273
0.002015
0.000536
0.001165
0.000502
0.001050
0.000481
0.001033
0.002095
0.000990
0.002156
0.001791
0.001037
0.001139
0.001931
0.000997
0.000994
0.001152
0.001188
0.001151
0.002209
0.000974
0.001077
0.001594
0.001064
0.000937
0.001025
0.001067
0.000900
0.001043
0.002143
0.001206
0.002240
0.001095
0.001065
0.001506
0.002039
0.000509
0.001098
0.001239
0.001088
0.001452
0.001072
0.001480
0.002184
0.001172
0.002236
0.001079
0.000812
0.001741
0.001520
0.002068
0.002322
0.001553
0.000875
0.001141
0.001969
0.000969
0.000497
0.001910
0.001168
0.001540
0.001653
0.002048
0.001274
0.001738
0.001023
0.001272
0.000620
0.000392
0.000468
0.001255
0.000981
0.002101
0.001688
0.000493
0.000638
0.001167
0.001073
0.000915
0.001227
0.000777
0.000986
0.001031
0.001110
0.001077
0.001178
0.001041
0.001174
0.001109
0.002241
0.001060
0.001055
0.002053
0.001133
0.000587
0.001475
0.000689
0.001441
0.001189
0.001014
0.001341
0.001135
0.002115
0.001058
0.000996
0.001981
0.001498
0.002120
0.000571
0.000929
0.000774
0.000941
0.001024
0.000683
0.000472
0.000853
0.000955
0.001098
0.000897
0.002206
0.001072
0.001040
0.000808
0.002210
0.001190
0.001462
0.002345
0.001086
0.001248
0.001027
0.001174
0.001034
0.001998
0.001180
0.001044
0.002272
0.001071
0.001136
0.000934
0.002172
0.001954
0.001202
0.001069
0.001175
0.000823
0.001198
0.001165
0.001023
0.000710
0.000728
0.002136
0.001533
0.002023
0.001125
0.001561
0.001892
0.001447
0.001212
0.001477
0.001001
0.000859
0.001225
0.001256
0.000730
0.002176
0.002053
0.002548
0.001232
0.001076
0.002243
0.001307
0.001037
0.001386
0.001199
0.000957
0.001016
0.002287
0.001396
0.001168
0.001944
0.001296
0.001273
0.001453
0.001556
0.001163
0.001442
0.001142
0.001148
0.001005
0.001247
0.001078
0.001319
0.001078
0.001077
0.001105
0.001002
0.000481
0.001767
0.001494
0.000960
0.000504
0.001119
0.000316
0.001374
0.001303
0.000342
0.001083
0.000904
0.001149
0.002048
0.002257
0.000419
0.001196
0.001027
0.001002
0.001196
0.000414
0.001191
0.001014
0.001268
0.002049
0.001810
0.000994
0.001105
0.001003
0.001022
0.000384
0.001173
0.002085
0.002266
0.001034
0.001775
0.001167
0.002084
0.000939
0.001091
0.002053
0.001237
0.002084
0.001117
0.002229
0.001507
0.001082
0.001137
0.001279
0.002226
0.001092
0.001480
0.001035
0.001127
0.001126
0.001062
0.001241
0.000854
0.001597
0.001063
0.001464
0.000927
0.000975
0.001214
0.001007
0.000884
0.001658
0.000925
0.001123
0.001264
0.001120
0.001229
0.000946
0.001429
0.000926
0.000788
0.000931
0.001067
0.001163
0.000856
0.001146
0.002295
0.001105
0.002237
0.001293
0.000947
0.000485
0.001872
0.001248
0.001967
0.001044
0.002130
0.001154
0.001047
0.002303
0.001762
0.002140
0.002215
0.001131
0.001414
0.001122
0.001066
0.001182
0.001627
0.000418
0.001355
0.001405
0.002209
0.001508
0.001177
0.001167
0.000989
0.001326
0.000937
0.001031
0.000443
0.002122
0.001226
0.001046
0.001144
0.001008
0.000986
0.001146
0.000958
0.001134
0.001982
0.001110
0.001067
0.001114
0.000865
0.001184
0.000758
0.002310
0.001468
0.001011
0.001049
0.000892
0.001013
0.000848
0.001987
0.000967
0.002104
0.001131
0.002243
0.000639
0.000990
0.001151
0.001185
0.000881
0.001097
0.001933
0.000596
0.001464
0.001241
0.000980
0.001859
0.001565
0.001017
0.000663
0.001034
0.002011
0.001121
0.001098
0.001988
0.001322
0.000424
0.001226
0.001055
0.000358
0.001217
0.000964
0.000933
0.001092
0.001983
0.001217
0.001236
0.002314
0.000756
0.001128
0.000558
0.001231
0.001083
0.001246
0.000994
0.001186
0.000350
0.002023
0.001944
0.001544
0.001209
0.001573
0.001841
0.001043
0.000919
0.001081
0.000633
0.000954
0.001959
0.000962
