0.159460
0.145774
0.338428
0.165519
0.243585
0.155572
0.183253
0.166574
0.276916
0.123142
0.200438
0.130428
0.291519
0.166434
0.216635
0.135619
0.186036
0.181833
0.142605
0.457564
0.153680
0.190004
0.144967
0.149566
0.143737
0.158792
0.136411
0.108042
0.138419
0.190841
0.174109
0.531108
0.145929
0.173641
0.183909
0.166269
0.155499
0.142665
0.165793
0.173300
0.136034
0.127024
0.110355
0.158336
0.120415
0.136771
0.134296
0.126806
0.117113
0.649175
0.149077
0.151410
0.153744
0.159016
0.141987
0.269046
0.129877
0.175951
0.140428
0.197890
0.164557
0.137044
0.173657
0.122292
0.163350
0.150062
0.129250
0.146754
0.119145
0.150089
0.123184
0.146119
0.210244
0.421731
0.190854
0.143445
0.112997
0.152041
0.161695
0.117134
0.140798
0.109953
0.192347
0.148491
0.124473
0.169279
0.123427
0.179517
0.142045
0.150878
0.119360
0.166019
0.155348
0.138529
0.124480
0.133307
0.197165
0.109264
0.136844
0.112577
0.129682
1.048984
0.166538
0.133482
0.190744
0.132014
0.133001
0.133467
0.118130
0.134346
0.118964
0.236522
0.120787
0.160420
0.136779
0.153953
0.113835
0.126446
0.130519
0.197626
0.150006
0.151084
0.140203
0.155994
0.126635
0.148330
0.162648
0.174674
0.170854
0.374388
0.188216
0.408092
0.288160
0.412386
0.247081
0.263019
0.218340
0.238941
0.511198
0.214361
0.288195
0.293695
0.256694
0.355399
0.293544
0.241840
0.211588
0.190527
0.136070
0.591976
0.127876
0.139870
0.146544
0.172884
0.151013
0.126705
0.130568
0.129883
0.145016
0.145662
0.165380
0.252065
0.468300
0.177897
0.122181
0.129045
0.122844
0.259501
0.146980
0.135308
0.102649
0.135935
0.122217
0.140352
0.125020
0.121879
0.139633
0.134780
0.135920
0.107338
0.285988
0.130698
0.103597
0.149638
0.132818
0.164417
0.127366
0.116996
0.145632
0.196816
0.141589
0.183394
0.129164
0.135373
0.132589
0.115129
0.127904
0.157883
0.112686
0.141186
0.179431
0.158685
0.139108
0.155164
0.164724
0.123047
0.126915
0.147391
0.150492
0.121511
0.124262
0.120357
0.125712
0.137860
0.103387
0.155071
0.116433
0.126863
0.116179
0.177205
0.151079
0.163315
0.146019
0.138532
0.155600
0.124037
0.136516
0.149791
0.142138
0.150946
0.168935
0.104823
0.131093
0.130862
0.124591
0.122845
0.120827
0.183501
0.100753
0.145056
0.115986
0.143596
0.120735
0.124647
0.117184
0.113513
0.108534
0.126479
0.160011
0.124643
0.122459
0.109334
0.147144
0.116782
0.096057
0.117797
0.117755
0.117651
0.118531
0.138091
0.139376
0.129798
0.137442
0.134293
0.100393
0.103372
0.137195
0.165922
0.138626
0.123186
0.117508
0.120257
0.130155
0.113968
0.152695
0.139716
0.122663
0.113167
0.122691
0.104102
0.121319
0.122306
0.135157
0.133951
0.134101
0.099081
0.144185
0.110312
0.137622
0.129628
0.111058
0.110441
0.160288
0.119386
0.117845
0.138982
0.119998
0.140709
0.098953
0.129524
0.116036
0.100930
0.143227
0.126028
0.131721
0.119558
0.126155
0.128721
0.094956
0.114689
0.132058
0.122781
0.138756
0.126535
0.104779
0.110506
0.121152
0.135454
0.127784
0.129663
0.107293
0.114669
0.134483
0.126200
0.109732
0.113640
0.148681
0.104205
0.123631
0.155879
0.121600
0.109604
0.126372
0.137076
0.128906
0.111607
0.135994
0.113622
0.103897
0.115684
0.154055
0.109112
0.105252
0.108160
0.146055
0.113076
0.122637
0.120407
0.128723
0.128943
0.113235
0.115656
0.145317
0.128899
0.119805
0.131750
0.126198
0.106437
0.105316
0.138910
0.141055
0.143344
0.137395
0.122601
0.195648
0.200818
0.112278
0.380021
0.133630
0.131993
0.186108
0.192741
0.209892
0.141652
0.125355
0.098087
0.126686
0.100099
0.097292
0.129240
0.104598
0.135299
0.113692
0.143304
0.136703
0.167459
0.119833
0.121498
0.119096
0.120121
0.119697
0.136658
0.131424
0.109572
0.128352
0.127967
0.120718
0.130764
0.120169
0.127091
0.112856
0.122428
0.144121
0.124840
0.121046
0.126518
0.132167
0.125646
0.141510
0.129703
0.120333
0.111709
0.124575
0.125482
0.104810
0.136138
0.112407
0.129760
0.117230
0.138155
0.124149
0.102988
0.115028
0.139696
0.119258
0.146892
0.113831
0.092498
0.124131
0.122572
0.137343
0.124736
0.117421
0.112676
0.142765
0.124745
0.140742
0.122577
0.162589
0.137208
0.139628
0.110230
0.122806
0.115345
0.121729
0.112649
0.142135
0.126384
0.119689
0.121969
0.115822
0.129276
0.113618
0.123453
0.124791
0.135373
0.126301
0.114436
0.139229
0.116523
0.137077
0.125507
0.123317
0.101455
0.119346
0.139250
0.112250
0.128248
0.116242
0.122825
0.147625
0.119703
0.106242
0.108829
0.118560
0.127203
0.123481
0.122766
0.108602
0.132176
0.134731
0.129791
0.117464
0.121314
0.144666
0.144097
0.112495
0.126542
0.113798
0.104795
0.119755
0.140322
0.136281
0.100671
0.125038
0.112712
0.104778
0.112342
0.135342
0.124850
0.114247
0.129515
0.141878
0.131641
0.104889
0.102662
0.110515
0.136267
0.122608
0.151317
0.106244
0.114145
0.119985
0.141453
0.120234
0.147172
0.118505
0.107733
0.123838
0.114646
0.110024
0.167593
0.132881
0.138280
0.143749
0.118810
0.118090
0.114204
0.131754
0.114180
0.134487
0.118444
0.116813
0.136390
0.121679
0.111769
0.126647
0.104676
0.085808
0.113764
0.115463
0.129990
0.112924
0.132700
0.122243
0.127349
0.117439
0.122875
0.099019
0.154232
0.101640
0.103901
0.128941
0.113217
0.119153
0.112490
0.133738
0.114737
0.116536
0.136478
0.131448
0.125143
0.138598
0.144786
0.106695
0.123253
0.157189
0.120278
0.110484
0.118510
0.102877
0.149591
0.122484
0.115753
0.126472
0.145789
0.131143
0.121077
0.137884
0.121913
0.131157
0.106302
0.100750
0.106943
0.111668
0.117567
0.107622
0.104591
0.127215
0.116649
0.128751
0.103263
0.119127
0.143411
0.104555
0.135807
0.127183
0.117806
0.108561
0.118742
0.138473
0.135131
0.121119
0.139246
0.130951
0.098394
0.118959
0.130246
0.097373
0.121792
0.117286
0.135099
0.116140
0.117868
0.125645
0.129853
0.121539
0.143344
0.097929
0.125161
0.127182
0.134921
0.130414
0.118221
0.152775
0.113371
0.124211
0.127588
0.113802
0.130528
0.124799
0.152773
0.128458
0.117907
0.117566
0.122480
0.116246
0.141965
0.126463
0.113012
0.133097
0.110145
0.132833
0.142081
0.134415
0.109353
0.132973
0.145194
0.112574
0.100490
0.132704
0.114061
0.114766
0.104854
0.142705
0.131816
0.120464
0.151964
0.139621
0.111082
0.108167
0.108301
0.123383
0.144404
0.134480
0.118264
0.139519
0.118357
0.098823
0.120543
0.109835
0.120610
0.132438
0.117771
0.098324
0.123948
0.116251
0.131229
0.122716
0.119378
0.108662
0.125494
0.110757
0.106889
0.120014
0.095223
0.106470
0.103462
0.101758
0.101492
0.114777
0.112330
0.122240
0.128252
0.142400
0.129893
0.104743
0.112349
0.128924
0.124394
0.103560
0.117452
0.122196
0.111860
0.126293
0.133261
0.130529
0.108155
0.111923
0.134577
0.119691
0.119110
0.117495
0.138047
0.115340
0.107102
0.152227
0.123177
0.133545
0.130746
0.113102
0.131355
0.148351
0.119478
0.145747
0.126075
0.113401
0.091461
0.124070
0.128150
0.116408
0.132034
0.129807
0.132901
0.128249
0.104984
0.112092
0.115857
0.125128
0.127854
0.128283
0.141356
0.139742
0.108780
0.103074
0.108620
0.113109
0.121864
0.122241
0.132517
0.108483
0.106664
0.124375
0.122228
0.136428
0.122574
0.112792
0.124741
0.153963
0.116854
0.122731
0.124540
0.133632
0.119445
0.142599
0.119035
0.114913
0.094526
0.099720
0.117595
0.146874
0.116166
0.119514
0.088628
0.125589
0.175930
0.119609
0.140437
0.116052
0.132840
0.128546
0.144421
0.115004
0.105226
0.126280
0.133235
0.121723
0.133683
0.113960
0.126927
0.136610
0.120401
0.120293
0.118686
0.128902
0.122561
0.116888
0.127256
0.140281
0.134003
0.107274
0.121448
0.102163
0.133664
0.127004
0.119887
0.148832
0.129892
0.116713
0.142972
0.131004
0.129069
0.129411
0.117139
0.134476
0.141287
0.132163
0.111252
0.143251
0.106632
0.105495
0.126647
0.127094
0.102556
0.135346
0.120561
0.128459
0.109842
0.115903
0.140020
0.105785
0.137968
0.133239
0.122481
0.124151
0.134984
0.137550
0.118057
0.103573
0.134369
0.118064
0.111381
0.111262
0.130141
0.146451
0.119574
0.129954
0.112852
0.112341
0.128814
0.201624
0.133296
0.134868
0.123834
0.103943
0.117549
0.107014
0.111010
0.108759
0.116488
0.144932
0.123158
0.121664
0.120147
0.134978
0.107718
0.125913
0.115699
0.105582
0.120786
0.101295
0.099654
0.151699
0.109024
0.093483
0.179268
0.126790
0.107168
0.124965
0.124817
0.127901
0.152616
0.136413
0.113501
0.136829
0.123790
0.123479
0.121731
0.106633
0.121366
0.125966
0.116624
0.165769
0.119571
0.139406
0.122178
0.161298
0.145372
0.130698
0.115135
0.126828
0.129058
0.111412
0.168953
0.157871
0.130588
0.100428
0.105524
0.126707
0.118008
0.129823
0.128858
0.148553
0.111659
0.121422
0.124785
0.128176
0.125848
0.119431
0.108903
0.101427
0.099086
0.119334
0.101793
0.125355
0.117388
0.136237
0.126717
0.132926
0.097707
0.098241
0.114389
0.152823
0.134820
0.114137
0.101358
0.136201
0.131056
0.129071
0.138152
0.120775
0.127003
0.127032
0.135582
0.118124
0.116920
0.120158
0.119454
0.132405
0.126867
0.101446
0.115014
0.125755
0.114081
0.131633
0.129415
0.124961
0.105219
0.141543
0.127633
0.144961
0.126829
0.107939
0.121796
0.117546
0.141372
0.146312
0.152650
0.097829
0.154276
0.138225
0.142687
0.121917
0.092512
0.111029
0.119663
0.168785
0.295918
0.102436
0.121467
0.122938
0.125201
0.122740
0.123322
0.131202
0.125035
0.131739
0.141602
0.126052
0.112834
0.127002
0.110330
0.116945
0.125690
0.117479
0.144264
0.136895
0.111715
0.138766
0.135423
0.133726
0.131706
0.124520
0.114275
0.133778
0.139783
0.117434
0.128170
0.143053
0.130778
0.120305
0.140935
0.146209
0.124402
0.129118
0.140642
0.117571
0.120424
0.116341
0.113067
0.110739
0.132404
0.121599
0.138725
0.102975
0.116664
0.106092
0.124636
0.131570
0.121271
0.128224
0.123462
0.111427
0.128576
0.107432
0.106380
0.131325
0.115322
0.128911
0.127275
0.127642
0.139843
0.119556
0.112956
0.106971
0.132352
0.117624
0.131169
0.128181
0.140718
0.122866
0.138746
0.094172
0.126529
0.144721
0.124617
0.125544
0.117327
0.106518
0.122899
0.138889
0.111096
0.124947
0.128989
0.126601
0.117617
0.126769
0.111860
0.122288
0.108013
0.113962
0.101418
0.132045
0.123631
0.119888
0.360504
0.148812
0.145471
0.146214
0.118499
0.107718
0.092269
0.110391
0.123870
0.132363
0.118336
0.131624
0.127214
0.138386
0.118063
0.125292
0.131278
0.123080
0.124354
0.104320
0.140956
0.122795
0.102336
0.106887
0.130040
0.135843
0.140583
0.142753
0.121863
0.122685
0.118330
0.113061
0.100529
0.129857
0.109726
0.258134
0.121275
0.115495
0.143796
0.130094
0.137504
0.110122
0.140466
0.105877
0.142212
0.120541
0.118963
0.128599
0.139849
0.103282
0.133085
0.142876
0.114681
0.126222
0.139332
0.126246
0.129101
0.097664
0.116492
0.125070
0.106222
0.126159
0.129787
0.124025
0.122647
0.126435
0.127751
0.116088
0.130266
0.120418
0.147805
0.105568
0.095659
0.111567
0.128713
0.131314
0.157711
0.126054
0.146150
0.132916
0.093519
0.149561
0.096527
0.123646
0.113017
0.135614
0.122822
0.112082
0.126903
0.130698
0.111775
0.111179
0.143805
0.113811
0.095212
0.131990
0.104853
0.111026
0.135861
0.112108
0.133743
0.119713
0.114660
0.100400
0.112048
0.139996
0.124798
0.121550
0.113295
0.141473
0.146789
0.119729
0.128064
0.137119
0.139426
0.099949
0.126454
0.130698
0.136850
0.167903
0.111674
0.114984
0.098402
0.191756
0.129380
0.117174
0.124874
0.109477
0.122982
0.092864
0.147801
0.127350
0.113241
0.117347
0.103377
0.097428
0.094868
0.109189
0.107345
0.141511
0.145798
0.127692
0.289403
0.123464
0.158134
0.113889
0.120498
0.128968
0.109161
0.120183
0.140897
0.137907
0.117065
0.158674
0.128095
0.112853
0.121700
0.126704
0.150753
0.133967
0.191200
0.125683
0.102472
0.111635
0.131006
0.118158
0.144237
0.120601
0.121037
0.160781
0.117926
0.137950
0.136336
0.103317
0.109994
0.123498
0.105990
0.107194
0.103894
0.130096
0.139120
0.143710
0.122571
0.113752
0.136784
0.118343
0.101292
0.107756
0.140567
0.112009
0.102772
0.150279
0.114384
0.132470
0.126461
0.124912
0.114900
0.149583
0.111019
0.113222
0.118599
0.097181
0.120996
0.126189
0.105924
0.121261
0.102701
0.131485
0.142190
0.113546
0.111171
0.129095
0.108242
0.119299
0.126465
0.121542
0.126476
0.113981
0.116822
0.122435
0.157099
0.122768
0.135263
0.123083
0.129849
0.131680
0.148123
0.126655
0.129339
0.116336
0.114021
0.121307
0.123133
0.152205
0.121791
0.123630
0.126288
0.111464
0.137054
0.103723
0.145073
0.104929
0.129453
0.146424
0.139034
0.146840
0.128239
0.149851
0.149107
0.130631
0.120595
0.138439
0.107149
0.143697
0.119981
0.113052
0.110604
0.119100
0.134771
0.128481
0.115208
0.180614
0.128045
0.101889
0.128203
0.110336
0.133694
0.128534
0.147493
0.133367
0.140655
0.135884
0.120147
0.128742
0.132672
0.125413
0.113298
0.130290
0.141255
0.115359
0.119986
0.099463
0.137643
0.106720
0.115570
0.121782
0.125634
0.121711
0.112647
0.146395
0.094095
0.147681
0.126594
0.133514
0.121640
0.107442
0.109848
0.117881
0.127026
0.093007
0.124513
0.118193
0.112050
0.117490
0.126015
0.157570
0.111099
0.128098
0.126364
0.116476
0.122710
0.104981
0.128045
0.137651
0.110036
0.108915
0.114819
0.113410
0.117168
0.146048
0.105092
0.114610
0.111958
0.136357
0.134296
0.119979
0.126589
0.125989
0.113425
0.147217
0.156095
0.120876
0.130379
0.133221
0.120081
0.121756
0.130628
0.123326
0.138360
0.145317
0.124457
0.136755
0.111161
0.112514
0.134068
0.097285
0.123333
0.101662
0.109349
0.128969
0.131775
0.113054
0.126457
0.139987
0.130397
0.121593
0.136624
0.112155
0.145175
0.134398
0.142636
0.120640
0.115232
0.169170
0.111473
0.110553
0.133845
0.133114
0.133765
0.120212
0.127041
0.119152
0.096939
0.128060
0.116383
0.146294
0.132535
0.105596
0.124169
0.133318
0.145891
0.122129
0.159613
0.138421
0.116308
0.105420
0.119391
0.112084
0.124119
0.112811
0.135168
0.117802
0.117437
0.097502
0.122168
0.131837
0.140601
0.131513
0.107358
0.139999
0.093669
0.113768
0.104594
0.135695
0.116105
0.161403
0.125950
0.120978
0.144107
0.159373
0.134939
0.148367
0.115447
0.125130
0.150976
0.106136
0.114238
0.138532
0.112826
0.113454
0.143352
0.127954
0.135698
0.149688
0.129065
0.110682
0.126203
0.109360
0.113671
0.123308
0.126311
0.123081
0.128213
0.137101
0.131786
0.098566
0.134055
0.102030
0.107291
0.108989
0.119817
0.109905
0.144285
0.114597
0.105589
0.115842
0.116423
0.101943
0.109653
0.144915
0.124510
0.131633
0.122257
0.121897
0.117381
0.111896
0.151646
0.150267
0.114193
0.122457
0.125336
0.136706
0.143673
0.130160
0.146747
0.112048
0.147587
0.151216
0.115937
0.102499
0.130674
0.129721
0.134885
0.150655
0.123486
0.155240
0.125270
0.122041
0.130993
0.133647
0.135230
0.127590
0.133777
0.097850
0.142756
0.126876
0.134129
0.112228
0.121418
0.108969
0.132571
0.124779
0.130922
0.135631
0.151660
0.148416
0.110449
0.116058
0.102023
0.132341
0.115685
0.104096
0.116215
0.115725
0.119583
0.128493
0.122388
0.142790
0.130423
0.130714
0.117732
0.118427
0.130924
0.128508
0.115205
0.127998
0.122334
0.106609
0.135974
0.107471
0.110249
0.133585
0.134149
0.127552
0.134095
0.122062
0.126141
0.119763
0.143768
0.097320
0.136524
0.122741
0.132820
0.123232
0.133144
0.126844
0.135785
0.145326
0.125123
0.139142
0.141287
0.121830
0.108731
0.118417
0.120021
0.126372
0.123533
0.153428
0.147163
0.134134
0.136029
0.140664
0.111390
0.127587
0.144007
0.124305
0.104764
0.123096
0.108287
0.138571
0.126970
0.128496
0.147076
0.112677
0.109950
0.127455
0.119206
0.160990
0.129690
0.134155
0.149627
0.139963
0.122458
0.142904
0.142649
0.157724
0.117063
0.126274
0.128808
0.116913
0.137025
0.130374
0.117937
0.124481
0.120503
0.111320
0.143291
0.128368
0.127098
0.128946
0.110114
0.115585
0.138944
0.113840
0.142688
0.123162
0.146303
0.131524
0.112598
0.118829
0.109683
0.110780
0.126455
0.120095
0.124526
0.115474
0.107465
0.132825
0.138689
0.127184
0.122875
0.127924
0.142203
0.140408
0.117600
0.110405
0.154623
0.145748
0.104167
0.132869
0.137498
0.116634
0.120410
0.120914
0.131408
0.124558
0.109246
0.094684
0.109150
0.106804
0.120200
0.122252
0.123530
0.118250
0.109684
0.115240
0.116903
0.106431
0.113454
0.101320
0.206125
0.117787
0.110938
0.094990
0.124374
0.120960
0.130042
0.108769
0.115843
0.106988
0.124879
0.127621
0.112556
0.126856
0.120936
0.097162
0.112236
0.110561
0.137354
0.103694
0.105588
0.094880
0.123841
0.109116
0.129947
0.119201
0.100079
0.122109
0.138708
0.114523
0.120191
0.132201
0.126979
0.123025
0.122139
0.122129
0.108885
0.127363
0.104944
0.137569
0.125552
0.125819
0.098944
0.123278
0.126672
0.114184
0.129537
0.109818
0.113702
0.131498
0.106673
0.114387
0.116586
0.325292
0.102366
0.123951
0.114202
0.108915
0.100987
0.110639
0.106679
0.102902
0.131847
0.097162
0.128856
0.103918
0.136692
0.117481
0.142363
0.127371
0.136189
0.129090
0.124985
0.118416
0.102273
0.116317
0.122210
0.146703
0.249260
0.137922
0.115068
0.151882
0.130931
0.136860
0.099885
0.113063
0.113048
0.142881
0.107557
0.106803
0.114490
0.111649
0.129658
0.120876
0.120172
0.106379
0.099758
0.100312
0.133834
0.101140
0.112564
0.116663
0.107180
0.128669
0.101199
0.088423
0.129260
0.137672
0.094578
0.131317
0.117139
0.131743
0.159300
0.110610
0.116619
0.136878
0.107902
0.128874
0.134302
0.117230
0.109887
0.130193
0.122275
0.115240
0.109826
0.120203
0.126569
0.123539
0.127157
0.103319
0.103483
0.113031
0.125119
0.107413
0.119441
0.118071
0.127585
0.128256
0.154257
0.112281
0.127633
0.127330
0.106469
0.161302
0.094661
0.193187
0.145203
0.116754
0.108366
0.113627
0.155612
0.105784
0.140972
0.123546
0.137775
0.139187
0.135988
0.159947
0.113785
0.127514
0.118793
0.119498
0.137028
0.113323
0.124075
0.125967
0.116964
0.123061
0.131118
0.158657
0.132917
0.115131
0.114986
0.156101
0.139378
0.185333
0.135300
0.117539
0.110154
0.112959
0.104286
0.117219
0.135837
0.116849
0.145334
0.098893
0.105991
0.109369
0.120246
0.120657
0.123732
0.124038
0.146866
0.127076
0.119804
0.097763
0.126171
0.114286
0.135916
0.120177
0.130322
0.108136
0.108881
0.122928
0.108452
0.107748
0.136923
0.110952
0.137999
0.136466
0.125402
0.121045
0.134940
0.119151
0.134726
0.115843
0.158213
0.166580
0.116423
0.098362
0.137016
0.140786
0.128497
0.097504
0.100429
0.119684
0.099402
0.108851
0.111583
0.115591
0.122230
0.134984
0.111469
0.165463
0.126262
0.099804
0.129701
0.116289
0.158316
0.122768
0.096304
0.131585
0.127988
0.140076
0.123566
0.137613
0.133295
0.126853
0.129208
0.141282
0.109650
0.152927
0.099329
0.107566
0.116766
0.136260
0.134712
0.127248
0.108321
0.114413
0.111158
0.117295
0.115804
0.123533
0.116245
0.122965
0.106094
0.131200
0.101983
0.150966
0.105771
0.111355
0.108658
0.120897
0.121037
0.130852
0.123687
0.127799
0.125112
0.117602
0.132726
0.100049
0.163551
0.102645
0.121736
0.116415
0.117525
0.142871
0.122296
0.123376
0.121042
0.115187
0.144378
0.144757
0.170736
0.122751
0.123721
0.127505
0.111608
0.137442
0.112642
0.109792
0.112789
0.145729
0.141536
0.103679
0.112847
0.142420
0.118414
0.126762
0.125314
0.135899
0.133999
0.154983
0.113622
0.102276
0.102256
0.161150
0.105671
0.122841
0.103956
0.120285
0.132916
0.110000
0.101184
0.115037
0.129954
0.130784
0.146941
0.133103
0.117329
0.128564
0.117239
0.131046
0.132377
0.119927
0.115967
0.130285
0.120632
0.125232
0.113583
0.129117
0.111369
0.109048
0.120048
0.122720
0.113303
0.135538
0.159917
0.192385
0.168564
0.123778
0.108635
0.137615
0.128114
0.123354
0.112684
0.123066
0.133389
0.113674
0.129483
0.123605
0.126015
0.107870
0.135748
0.151826
0.103398
0.123946
0.135902
0.168558
0.135365
0.114901
0.248220
0.131712
0.129604
0.130317
0.116485
0.131058
0.097187
0.135413
0.117546
0.100118
0.160755
0.116563
0.156220
0.135877
0.126610
0.118395
0.093344
0.125441
0.128021
0.127452
0.120048
0.108168
0.113237
0.136990
0.123002
0.128641
0.142590
0.138175
0.128325
0.123943
0.140964
0.145451
0.108119
0.143820
0.133788
0.125031
0.144734
0.139200
0.135408
0.144055
0.132104
0.114095
0.136425
0.171776
0.176913
0.130965
0.128567
0.129797
0.099868
0.119195
0.112936
0.140226
0.143693
0.137402
0.101791
0.119792
0.130694
0.129103
0.117219
0.163845
0.115230
0.133635
0.137002
0.129348
0.122876
0.122675
0.125648
0.104914
0.114242
0.127314
0.158522
0.136282
0.125256
0.125729
0.135642
0.119960
0.127309
0.136614
0.133392
0.129638
0.137763
0.157195
0.105476
0.120002
0.110550
0.117232
0.138088
0.123094
0.144236
0.121628
0.133872
0.119718
0.131961
0.117900
0.123052
0.136110
0.097558
0.149114
0.148788
0.137641
0.101357
0.114261
0.126507
0.148510
0.129830
0.104683
0.121859
0.121072
0.125012
0.142825
0.123649
0.114107
0.120615
0.114839
0.111712
0.170827
0.114578
0.121105
0.125667
0.117700
0.122837
0.125411
0.107976
0.114502
0.174527
0.116583
0.118026
0.129611
0.126842
0.144341
0.130077
0.123494
0.129634
0.112849
0.128610
0.115250
0.110560
0.108380
0.117758
0.121701
0.115335
0.137088
0.130169
0.149312
0.116264
0.119214
0.105678
0.120893
0.112424
0.116346
0.129892
0.125263
0.129905
0.122535
0.156360
0.097283
0.098730
0.132890
0.132392
0.169593
0.107221
0.132866
0.131772
0.118079
0.107920
0.125110
0.141719
0.126136
0.124703
0.137973
0.105558
0.126846
0.136485
0.138487
0.115987
0.149867
0.139169
0.113973
0.107494
0.117750
0.140405
0.129778
0.125980
0.155307
0.111055
0.117278
0.132221
0.124271
0.118401
0.101611
0.102795
0.126409
0.127943
0.148844
0.133971
0.139160
0.114465
0.127538
0.130857
0.134130
0.100657
0.126026
0.117186
0.117895
0.112929
0.120073
0.146346
0.138290
0.108847
0.139226
0.129993
0.107314
0.133298
0.110872
0.115475
0.154245
0.114650
0.123263
0.127388
0.118094
0.109503
0.140111
0.135588
0.135845
0.118685
0.116217
0.145065
0.131614
0.136094
0.143799
0.109953
0.113057
0.142307
0.112830
0.143403
0.135384
0.132630
0.127268
0.114521
0.126943
0.130951
0.142055
0.112660
0.111855
0.125436
0.137808
0.158020
0.125034
0.136524
0.114386
0.125880
0.112341
0.163131
0.121812
0.100178
0.141079
0.138022
0.156579
0.102971
0.139817
0.114251
0.106332
0.133273
0.159195
0.126664
0.131617
0.130270
0.120627
0.130175
0.098422
0.124625
0.138058
0.120326
0.095435
0.129614
0.119960
0.118413
0.120087
0.101392
0.116376
0.144538
0.167981
0.131344
0.119924
0.125552
0.126333
0.121588
0.149108
0.143455
0.134916
0.142262
0.122819
0.140447
0.123554
0.119837
0.118883
0.113222
0.096389
0.107444
0.107448
0.131678
0.133013
0.106415
0.114248
0.131687
0.121192
0.131845
0.114474
0.100883
0.112881
0.098810
0.126360
0.126527
0.107239
0.126708
0.126267
0.112280
0.091998
0.124797
0.142590
0.133421
0.117621
0.113783
0.108863
0.125841
0.117124
0.122160
0.156559
0.140275
0.110022
0.102747
0.129520
0.110544
0.130448
0.132191
0.094842
0.123245
0.123022
0.101173
0.124020
0.109712
0.130526
0.116124
0.126110
0.111158
0.119026
0.145192
0.167254
0.124386
0.110962
0.129776
0.126686
0.098464
0.135516
0.119472
0.137606
0.119714
0.121518
0.115455
0.122764
0.139379
0.130624
0.109446
0.105688
0.114670
0.132882
0.129382
0.111868
0.119705
0.131702
0.113672
0.161204
0.091333
0.119584
0.143136
0.154867
0.126242
0.116743
0.108717
0.139964
0.127321
0.113508
0.129760
0.126592
0.119982
0.143816
0.136080
0.119668
0.138543
0.126273
0.126162
0.132057
0.116750
0.144138
0.141494
0.124431
0.160817
0.130056
0.121744
0.137746
0.125852
0.169990
0.130543
0.150420
0.150858
0.119768
0.137441
0.094210
0.113916
0.118465
0.135290
0.124854
0.122859
0.115326
0.126305
0.110935
0.110420
0.110676
0.145955
0.129865
0.098432
0.109048
0.118357
0.120330
0.120863
0.107063
0.098990
0.140895
0.115626
0.130565
0.148719
0.130097
0.139981
0.162926
0.153162
0.132051
0.152586
0.109298
0.110447
0.117600
0.135636
0.133057
0.131053
0.139784
0.128812
0.122794
0.119864
0.126315
0.128102
0.107565
0.110673
0.111843
0.113051
0.104362
0.147167
0.113415
0.120426
0.128330
0.128690
0.134164
0.117773
0.106316
0.139413
0.095653
0.103004
0.118314
0.117193
0.108819
0.143622
0.103806
0.138830
0.138582
0.124793
0.121079
0.118659
0.148035
0.113476
0.127290
0.118608
0.163332
0.114431
0.111381
0.101571
0.135694
0.125931
0.111116
0.121225
0.127185
0.107652
0.127392
0.140289
0.133502
0.116337
0.104407
0.141244
0.104763
0.132538
0.105401
0.108731
0.127190
0.133430
0.121411
0.116805
0.138720
0.133347
0.131752
0.120652
0.112941
0.129389
0.146583
0.113040
0.123399
0.110398
0.165074
0.120006
0.146976
0.126200
0.125403
0.094414
0.112489
0.128751
0.131299
0.105676
0.126650
0.114352
0.124596
0.134482
0.135195
0.105536
0.128383
0.091852
0.139373
0.112121
0.138685
0.136902
0.107171
0.104505
0.125443
0.100502
0.120684
0.119249
0.119563
0.116337
0.139976
0.137260
0.116880
0.114676
0.124900
0.117277
0.168156
0.123555
0.111944
0.164222
0.127424
0.127133
0.117799
0.113110
0.108234
0.112155
0.112958
0.105882
0.145040
0.127876
0.132345
0.137706
0.164629
0.100132
0.136451
0.111150
0.120644
0.130837
0.108864
0.099889
0.095127
0.133006
0.144620
0.106960
0.136312
0.132379
0.150968
0.123426
0.122782
0.124763
0.146901
0.106223
0.133813
0.136483
0.131987
0.171398
0.134150
0.116852
0.124398
0.128614
0.120531
0.121171
0.118665
0.120358
0.121861
0.116517
0.125528
0.092126
0.098078
0.112267
0.122749
0.093977
0.122534
0.113711
0.129340
0.127784
0.135546
0.143826
0.129546
0.125794
0.128374
0.132201
0.111357
0.110902
0.140922
0.105296
0.145446
0.116481
0.114321
0.132231
0.108139
0.113073
0.107108
0.136697
0.127826
0.113233
0.153133
0.119685
0.119035
0.124907
0.121803
0.138437
0.091106
0.119279
0.129939
0.133061
0.171221
0.113644
0.111705
0.123775
0.124394
0.167696
0.123871
0.129643
0.118856
0.105894
0.119078
0.119674
0.116759
0.131826
0.110277
0.099337
0.124270
0.113954
0.122604
0.121319
0.123749
0.147918
0.141167
0.102758
0.116745
0.141709
0.129630
0.115325
0.110991
0.096344
0.115166
0.117505
0.125801
0.110939
0.094185
0.092139
0.119193
0.096904
0.122975
0.127330
0.112946
0.143721
0.125026
0.127397
0.123438
0.134513
0.104258
0.100371
0.111263
0.113998
0.135850
0.095238
0.131597
0.104064
0.116095
0.113284
0.132532
0.106238
0.112420
0.127659
0.129269
0.106123
0.100661
0.123084
0.143040
0.111840
0.108075
0.128423
0.138853
0.117814
0.110384
0.115733
0.115419
0.107878
0.101516
0.123784
0.095922
0.132463
0.129731
0.123687
0.110459
0.135261
0.114155
0.119704
0.137019
0.167419
0.131747
0.137522
0.126428
0.112886
0.099174
0.106656
0.109908
0.108399
0.110508
0.115640
0.108673
0.147031
0.120407
0.111261
0.113929
0.138194
0.118329
0.104393
0.122494
0.129914
0.138193
0.133633
0.133771
0.118027
0.103782
0.129932
0.109404
0.123311
0.104784
0.092682
0.112645
0.116520
0.107184
0.097497
0.127572
0.116560
0.122663
0.130837
0.130350
0.121359
0.120541
0.127339
0.118128
0.125925
0.127583
0.150604
0.109247
0.112876
0.106762
0.109076
0.109259
0.127404
0.126929
0.129680
0.123150
0.130772
0.125965
0.108153
0.120888
0.114511
0.122713
0.109533
0.119230
0.105239
0.101832
0.115830
0.125644
0.133308
0.106509
0.115477
0.094259
0.116535
0.125085
0.128172
0.104140
0.107869
0.110684
0.114462
0.133214
0.104657
0.123730
0.125467
0.115578
0.126235
0.114520
0.133057
0.126642
0.130974
0.121121
0.128372
0.116440
0.111238
0.117098
0.110864
0.136584
0.122800
0.126941
0.139022
0.107698
0.128205
0.128054
0.109782
0.126372
0.125904
0.133456
0.163385
0.124839
0.117637
0.119844
0.110374
0.137144
0.119718
0.111776
0.108091
0.111040
0.110626
0.123279
0.097966
0.114847
0.115931
0.108904
0.132174
0.111246
0.115732
0.148522
0.109567
0.127047
0.133554
0.128951
0.142117
0.144543
0.102622
0.131843
0.118015
0.137205
0.124099
0.093548
0.122443
0.135274
0.107635
0.143886
0.123430
0.125850
0.131252
0.127048
0.099965
0.126967
0.107048
0.134104
0.148987
0.139474
0.123940
0.117055
0.107850
0.125851
0.126910
0.105761
0.136972
0.109378
0.142248
0.112727
0.111671
0.137572
0.123803
0.121666
0.133166
0.114092
0.120832
0.135885
0.115994
0.139843
0.117062
0.104942
0.124960
0.135264
0.122632
0.138218
0.121046
0.101607
0.117557
0.128415
0.123507
0.131154
0.111184
0.120372
0.112584
0.109060
0.143807
0.123892
0.105197
0.128384
0.131885
0.097890
0.130332
0.100557
0.113396
0.138351
0.109448
0.141288
0.137942
0.108677
0.140765
0.127338
0.126339
0.136576
0.131765
0.140808
0.133041
0.125874
0.117159
0.125991
0.108062
0.119614
0.127365
0.116940
0.147078
0.127032
0.099889
0.109524
0.118234
0.120451
0.116952
0.133505
0.125225
0.136458
0.131348
0.126731
0.121065
0.122592
0.105740
0.107602
0.115402
0.135132
0.112490
0.128701
0.120826
0.133776
0.118482
0.136772
0.122160
0.115417
0.132839
0.133539
0.137010
0.120344
0.123382
0.105433
0.102656
0.117489
0.141517
0.111968
0.149143
0.112292
0.104916
0.130679
0.116269
0.140113
0.141390
0.111709
0.115657
0.104736
0.127164
0.137292
0.139777
0.127841
0.109381
0.097492
0.125742
0.129858
0.118929
0.113918
0.125396
0.103542
0.105914
0.126641
0.136525
0.118732
0.115942
0.158670
0.116877
0.123670
0.135292
0.126383
0.112348
0.101005
0.112805
0.107872
0.127211
0.100113
0.101340
0.107256
0.110069
0.158338
0.134599
0.125139
0.109449
0.111016
0.132157
0.155656
0.100964
0.131476
0.143369
0.175206
0.135450
0.135519
0.114802
0.133328
0.118895
0.137248
0.127669
0.121471
0.125639
0.136384
0.106709
0.117495
0.106595
0.105196
0.114462
0.126452
0.131089
0.136145
0.116613
0.123577
0.128692
0.136908
0.115078
0.140107
0.130745
0.120926
0.101926
0.121649
0.121086
0.126667
0.125541
0.135750
0.146627
0.119643
0.137602
0.141834
0.130110
0.133535
0.114227
0.103044
0.127283
0.114688
0.161639
0.125002
0.107403
0.132067
0.118490
0.108731
0.122673
0.112457
0.131007
0.132851
0.107356
0.113556
0.110691
0.144008
0.116551
0.110102
0.122472
0.097135
0.124650
0.120150
0.126770
0.115327
0.126474
0.102692
0.139456
0.112707
0.127147
0.116765
0.111417
0.129322
0.114492
0.112285
0.156239
0.113353
0.099118
0.120186
0.116166
0.098081
0.126253
0.101872
0.117494
0.127377
0.139671
0.120301
0.096746
0.127473
0.132418
0.107071
0.115058
0.121627
0.122958
0.116456
0.132668
0.108273
0.157425
0.100544
0.110581
0.135367
0.131227
0.212230
0.109513
0.114783
0.129273
0.127360
0.122988
0.135005
0.127732
0.116157
0.140090
0.126409
0.138724
0.129916
0.152121
0.139086
0.111579
0.152559
0.142822
0.123367
0.131405
0.124862
0.103575
0.106686
0.116622
0.127685
0.109303
0.125995
0.141076
0.124415
0.114454
0.128131
0.137450
0.093923
0.126288
0.134169
0.129524
0.101257
0.136270
0.121178
0.114970
0.103382
0.142912
0.105336
0.116257
0.123041
0.161238
0.105884
0.133789
0.112030
0.147663
0.145246
0.125957
0.141720
0.107656
0.127081
0.124949
0.154455
0.125501
0.135478
0.116898
0.104249
0.132173
0.139175
0.125514
0.116621
0.119935
0.116688
0.098225
0.140570
0.138312
0.160263
0.122157
0.132459
0.128633
0.121485
0.148672
0.123653
0.115845
0.119349
0.132992
0.107193
0.110715
0.115933
0.130997
0.114356
0.121254
0.114802
0.170091
0.122874
0.136956
0.124808
0.136820
