0.146095
0.153230
0.166445
0.175158
0.153440
0.173785
0.169676
0.175907
0.150599
0.141985
0.166274
0.163711
0.171356
0.179372
0.177386
0.162897
0.168050
0.166467
0.155460
0.152564
0.165008
0.153198
0.136053
0.146795
0.159270
0.165296
0.157927
0.133934
0.160626
0.159606
0.145415
0.152127
0.158846
0.179251
0.179644
0.183961
0.138216
0.152197
0.156522
0.174601
0.136531
0.147645
0.152342
0.168175
0.162156
0.150849
0.165490
0.163452
0.148208
0.147859
0.161625
0.157873
0.152143
0.408423
0.167839
0.147956
0.151378
0.157688
0.174836
0.161432
0.157861
0.165124
0.167628
0.158897
0.147934
0.164083
0.198660
0.160842
0.148617
0.171233
0.159962
0.189595
0.161017
0.162458
0.160500
0.156169
0.145157
0.158676
0.158200
0.144535
0.127840
0.134597
0.171286
0.147720
0.157188
0.163323
0.152797
0.161240
0.163422
0.160744
0.141262
0.138254
0.176108
0.165433
0.150341
0.157362
0.159368
0.160612
0.142445
0.159178
0.154895
0.200744
0.172353
0.155986
0.176065
0.158885
0.168333
0.159945
0.147275
0.163643
0.148545
0.156725
0.151267
0.149027
0.163547
0.156280
0.150160
0.132933
0.153759
0.171753
0.152159
0.159308
0.152529
0.149097
0.153619
0.210892
0.193163
0.166538
0.204846
0.207784
0.249326
0.309832
0.311801
0.305013
0.336567
0.375588
0.311887
0.289097
0.314746
0.296943
0.263084
0.293307
0.296450
0.330013
0.403932
0.232323
0.225204
0.204215
0.179189
0.162838
0.175290
0.157183
0.180878
0.164379
0.162128
0.136084
0.162162
0.154333
0.156061
0.168061
0.165100
0.157778
0.158863
0.166138
0.174523
0.176333
0.163811
0.150089
0.174736
0.147516
0.139165
0.154646
0.157181
0.158721
0.148872
0.155157
0.148147
0.163007
0.147171
0.148620
0.176010
0.132080
0.142453
0.180752
0.151686
0.168315
0.163027
0.157432
0.149483
0.162733
0.148703
0.150578
0.150479
0.182082
0.169142
0.165247
0.148898
0.162530
0.163808
0.150129
0.148081
0.160531
0.175304
0.161050
0.148159
0.169583
0.162490
0.166278
0.176657
0.152765
0.160429
0.153004
0.170630
0.149683
0.138902
0.163586
0.146941
0.148185
0.164388
0.157325
0.165685
0.159158
0.153216
0.177678
0.180463
0.167991
0.163628
0.177983
0.160790
0.167398
0.159999
0.148268
0.179456
0.159341
0.161421
0.144990
0.164883
0.176351
0.149980
0.180305
0.145389
0.153184
0.158429
0.150464
0.163023
0.155074
0.145938
0.147994
0.166685
0.154737
0.167783
0.164764
0.172628
0.164407
0.136864
0.149002
0.165234
0.161065
0.151012
0.166993
0.162031
0.169159
0.163589
0.194305
0.156789
0.145827
0.148444
0.160765
0.172045
0.159064
0.157423
0.139887
0.177930
0.139543
0.177311
0.175183
0.156809
0.157092
0.174336
0.151822
0.149014
0.164228
0.181017
0.156614
0.173352
0.136091
0.169060
0.162113
0.169051
0.168882
0.141094
0.151004
0.163096
0.153527
0.158432
0.166161
0.162471
0.163911
0.145415
0.174982
0.147116
0.152089
0.179935
0.175237
0.162738
0.156868
0.161044
0.175908
0.149889
0.165867
0.171299
0.163923
0.169126
0.154172
0.159280
0.150867
0.150525
0.163806
0.165614
0.155482
0.147861
0.148599
0.259849
0.158608
0.141338
0.146121
0.172256
0.139701
0.159150
0.171019
0.166403
0.161417
0.163252
0.173037
0.156841
0.153753
0.175153
0.231458
0.151555
0.149630
0.202355
0.147767
0.141208
0.151207
0.169742
0.164786
0.151193
0.148823
0.168416
0.159246
0.185639
0.168443
0.169387
0.176298
0.179976
0.159804
0.163106
0.145789
0.142001
0.178794
0.172978
0.166712
0.154148
0.160558
0.162898
0.136274
0.155361
0.215762
0.325887
0.189749
0.187350
0.186587
0.179446
0.162161
0.183088
0.134142
0.162254
0.135339
0.133998
0.144620
0.149876
0.163961
0.151879
0.150495
0.166729
0.150673
0.166283
0.163520
0.156170
0.178244
0.159764
0.158984
0.169841
0.157660
0.176995
0.193035
0.147360
0.164159
0.162333
0.169614
0.153757
0.151895
0.172915
0.157270
0.152235
0.154085
0.158182
0.154738
0.162062
0.156038
0.188610
0.163220
0.157737
0.159010
0.160147
0.165541
0.139303
0.161163
0.152462
0.177708
0.170806
0.148703
0.191459
0.176905
0.156162
0.173598
0.154877
0.139626
0.173598
0.178636
0.156793
0.172571
0.162400
0.160807
0.166079
0.160400
0.174921
0.162029
0.158866
0.189668
0.156435
0.187662
0.162653
0.162794
0.166616
0.147093
0.168838
0.166159
0.143640
0.159163
0.161788
0.174862
0.140993
0.151551
0.153835
0.166186
0.179891
0.158014
0.180068
0.201669
0.179977
0.162119
0.157056
0.143297
0.154195
0.175716
0.164534
0.174660
0.162995
0.161797
0.163028
0.199102
0.151106
0.171137
0.164228
0.160712
0.153519
0.152021
0.160836
0.179158
0.178005
0.160092
0.161558
0.147550
0.186416
0.158795
0.153738
0.159972
0.161773
0.148878
0.156664
0.158592
0.175039
0.157571
0.165241
0.154609
0.151496
0.167766
0.171290
0.159338
0.173838
0.161627
0.162768
0.171516
0.143684
0.136832
0.155683
0.150822
0.169791
0.174492
0.130126
0.137010
0.154867
0.163447
0.177332
0.159041
0.157288
0.157120
0.166891
0.144250
0.150422
0.174886
0.166177
0.166409
0.159915
0.181061
0.159600
0.143027
0.174894
0.155260
0.175009
0.167867
0.155119
0.170188
0.150375
0.154374
0.156309
0.135862
0.134754
0.148038
0.161894
0.170802
0.165740
0.163681
0.194763
0.183955
0.176124
0.165972
0.154641
0.179254
0.146421
0.134724
0.148976
0.158066
0.152427
0.149828
0.167041
0.151722
0.145968
0.196878
0.176276
0.164174
0.178302
0.163856
0.139312
0.167767
0.167073
0.149954
0.191056
0.150645
0.143679
0.181590
0.150712
0.162860
0.160326
0.173394
0.186517
0.159595
0.181783
0.179470
0.177725
0.138866
0.140889
0.164732
0.148318
0.166313
0.157617
0.138784
0.163437
0.165852
0.148915
0.160342
0.160255
0.164773
0.163205
0.174676
0.178542
0.172921
0.163761
0.161765
0.187677
0.159863
0.181141
0.157865
0.159697
0.151006
0.157093
0.145671
0.138235
0.177491
0.170439
0.183841
0.135705
0.166941
0.147176
0.166073
0.145384
0.162568
0.134460
0.166139
0.175367
0.158485
0.186083
0.160742
0.148804
0.152297
0.158846
0.161918
0.147728
0.160359
0.160891
0.159352
0.159300
0.166599
0.160654
0.154996
0.165894
0.179017
0.170971
0.176937
0.195146
0.147173
0.160853
0.147270
0.174944
0.146078
0.176579
0.183812
0.166596
0.173563
0.207971
0.153651
0.144286
0.133699
0.160738
0.160276
0.158673
0.165458
0.158379
0.149986
0.161360
0.131464
0.160261
0.171407
0.150653
0.146544
0.145567
0.151367
0.142231
0.157797
0.145489
0.179639
0.170829
0.139590
0.129778
0.159436
0.158474
0.169144
0.182463
0.143582
0.145333
0.151566
0.171984
0.156528
0.148239
0.159857
0.148323
0.159131
0.139659
0.143350
0.151207
0.135695
0.183141
0.170485
0.167650
0.173673
0.139818
0.171516
0.178054
0.159251
0.151299
0.146777
0.155868
0.156729
0.163492
0.166984
0.145033
0.160365
0.199027
0.166718
0.156066
0.153040
0.141531
0.160768
0.161675
0.132614
0.154944
0.173644
0.167870
0.159036
0.152816
0.191409
0.159841
0.181763
0.163733
0.163570
0.154680
0.141343
0.157952
0.156723
0.162051
0.212263
0.152634
0.204779
0.175107
0.157047
0.162986
0.173607
0.158583
0.168264
0.165578
0.180011
0.176177
0.150066
0.139736
0.142719
0.150896
0.145749
0.164545
0.151116
0.139389
0.161793
0.163961
0.155927
0.168598
0.154010
0.135258
0.173866
0.167813
0.160400
0.162331
0.159798
0.169895
0.159835
0.185066
0.161536
0.145731
0.145466
0.187247
0.164814
0.150181
0.169620
0.150500
0.158822
0.149526
0.169558
0.148220
0.178297
0.159804
0.147275
0.162425
0.139783
0.160200
0.147010
0.149053
0.169528
0.157889
0.133703
0.169608
0.167114
0.165200
0.158450
0.142532
0.154472
0.171989
0.164726
0.156296
0.153983
0.168774
0.186573
0.160877
0.162884
0.139302
0.150777
0.146719
0.158564
0.172096
0.170144
0.164898
0.149327
0.172695
0.177166
0.167409
0.135848
0.160438
0.164957
0.163093
0.168672
0.163603
0.142527
0.146860
0.161003
0.182878
0.157148
0.182982
0.199697
0.165466
0.154661
0.181527
0.176400
0.161097
0.164503
0.174596
0.172731
0.163547
0.167158
0.164731
0.175051
0.148681
0.165986
0.154198
0.140907
0.132698
0.163693
0.175521
0.160602
0.164440
0.166396
0.158163
0.163814
0.162929
0.193005
0.159213
0.171905
0.156458
0.162766
0.148745
0.155040
0.151103
0.155746
0.171584
0.161726
0.176235
0.150284
0.182370
0.150167
0.161494
0.157840
0.173109
0.161813
0.148708
0.143149
0.184029
0.173876
0.156368
0.147369
0.174265
0.129635
0.174744
0.176809
0.160643
0.181577
0.171126
0.147420
0.180546
0.162049
0.154731
0.169619
0.142685
0.144273
0.152327
0.177591
0.176870
0.147908
0.154542
0.137836
0.155471
0.158061
0.172279
0.164822
0.168217
0.163920
0.174928
0.145096
0.163424
0.167793
0.154386
0.140766
0.152674
0.155645
0.155016
0.153538
0.173877
0.148943
0.163063
0.154322
0.173878
0.164086
0.154158
0.149348
0.133390
0.173129
0.161183
0.139315
0.179403
0.159688
0.178138
0.159230
0.162024
0.151172
0.145239
0.141753
0.161991
0.164435
0.160195
0.163053
0.173656
0.161403
0.170433
0.166132
0.160812
0.158705
0.161416
0.171719
0.157771
0.146948
0.132795
0.163496
0.176699
0.164309
0.160170
0.145592
0.168400
0.173880
0.189779
0.160361
0.143392
0.150930
0.174140
0.172701
0.174773
0.178249
0.153633
0.162790
0.213329
0.172845
0.191537
0.175420
0.140950
0.179019
0.161712
0.162990
0.156653
0.155678
0.136933
0.143435
0.162327
0.167880
0.149040
0.145717
0.189272
0.150426
0.173893
0.160435
0.163726
0.197516
0.160052
0.183133
0.165906
0.149107
0.168163
0.154824
0.159961
0.162623
0.160095
0.218057
0.173282
0.153726
0.163466
0.153136
0.164517
0.159281
0.180242
0.135205
0.165209
0.166848
0.178959
0.174864
0.161842
0.146784
0.147658
0.166378
0.160601
0.137965
0.179095
0.174133
0.163800
0.171823
0.154180
0.162994
0.133285
0.184156
0.136626
0.177633
0.152179
0.151679
0.146645
0.155132
0.162080
0.162584
0.155184
0.156106
0.141316
0.158923
0.139968
0.161088
0.150639
0.164173
0.176599
0.158207
0.155409
0.162700
0.159834
0.222029
0.134998
0.164051
0.154625
0.173779
0.159996
0.190899
0.162409
0.177951
0.151639
0.194820
0.167685
0.170805
0.168172
0.149583
0.152142
0.149098
0.172494
0.156427
0.149684
0.190201
0.157400
0.154084
0.147316
0.131990
0.184677
0.148763
0.168551
0.149591
0.150166
0.168899
0.152400
0.147289
0.183057
0.176788
0.182501
0.150022
0.153564
0.135444
0.148121
0.150194
0.175805
0.160945
0.163831
0.156167
0.203433
0.171147
0.157816
0.166016
0.159409
0.159645
0.132090
0.172256
0.164485
0.177524
0.158063
0.161553
0.139281
0.166511
0.165882
0.162149
0.166060
0.166175
0.144047
0.144437
0.155606
0.174335
0.160139
0.164505
0.152957
0.173055
0.172078
0.182209
0.147076
0.170402
0.164384
0.163506
0.154595
0.185795
0.172861
0.168877
0.143489
0.148643
0.169525
0.151529
0.167575
0.153931
0.147096
0.164248
0.150675
0.164909
0.152216
0.143547
0.157772
0.155383
0.175409
0.180533
0.245258
0.153653
0.179526
0.159818
0.172926
0.235012
0.153992
0.157601
0.180399
0.272037
0.154709
0.172843
0.176191
0.171085
0.184427
0.139447
0.165691
0.134599
0.144548
0.158924
0.168189
0.211291
0.159564
0.175447
0.150743
0.149604
0.159223
0.157890
0.147360
0.164759
0.343116
0.157255
0.150501
0.192338
0.151112
0.155716
0.145187
0.146126
0.138356
0.146246
0.161441
0.184799
0.166441
0.153524
0.158194
0.173725
0.153158
0.181002
0.162515
0.157432
0.149090
0.179933
0.158533
0.154134
0.167198
0.144561
0.146883
0.159985
0.186364
0.185364
0.155441
0.167431
0.146020
0.176200
0.134130
0.177295
0.170039
0.149431
0.145270
0.164450
0.134536
0.131494
0.170117
0.187350
0.159099
0.166515
0.152673
0.157910
0.154444
0.181738
0.133132
0.162771
0.168564
0.150187
0.155764
0.158133
0.137688
0.145778
0.160115
0.158030
0.167272
0.156129
0.153424
0.166293
0.164307
1.167517
0.159346
0.148748
0.149639
0.160349
0.155565
0.162745
0.146696
0.148436
0.153379
0.163863
0.152143
0.157314
0.155894
0.146025
0.165745
0.154456
0.148565
0.160047
0.151055
0.177580
0.173323
0.160195
0.163098
0.150163
0.159142
0.161419
0.133869
0.181588
0.155438
0.146756
0.167980
0.147885
0.186465
0.179518
0.172516
0.149920
0.164543
0.143341
0.149957
0.155331
0.142024
0.154842
0.161946
0.163680
0.158247
0.177500
0.156661
0.172841
0.173874
0.160521
0.154516
0.137936
0.136448
0.162197
0.146782
0.147594
0.168772
0.150664
0.146061
0.153232
0.156928
0.158951
0.161533
0.174290
0.180362
0.162499
0.152550
0.195602
0.159748
0.144554
0.152854
0.162020
0.170700
0.202716
0.147333
0.159923
0.144508
0.157340
0.142362
0.188666
0.162709
0.178025
0.161622
0.181988
0.189139
0.187790
0.154129
0.160895
0.161534
0.149814
0.174898
0.159585
0.162265
0.160941
0.150514
0.167866
0.159598
0.172646
0.149704
0.168027
0.144792
0.141109
0.144427
0.160855
0.135446
0.175217
0.163418
0.160098
0.162367
0.159019
0.155546
0.171256
0.145818
0.161035
0.170639
0.163066
0.192034
0.152244
0.156230
0.157678
0.139258
0.152617
0.145718
0.160296
0.154776
0.148596
0.171942
0.168754
0.164236
0.146970
0.179911
0.153708
0.163762
0.150843
0.158551
0.149252
0.143990
0.149887
0.149190
0.157005
0.153001
0.162402
0.147489
0.161797
0.160069
0.162501
0.156863
0.186328
0.159457
0.147999
0.155851
0.176022
0.166106
0.164463
0.139464
0.137840
0.153046
0.148895
0.175448
0.170611
0.152790
0.154419
0.162985
0.173397
0.144919
0.159766
0.151885
0.163466
0.175294
0.231015
0.181199
0.172297
0.160505
0.153534
0.161078
0.180876
0.172024
0.167602
0.166456
0.168378
0.159605
0.150126
0.150231
0.157438
0.149792
0.160713
0.137239
0.148416
0.171716
0.157407
0.146467
0.169526
0.174447
0.180737
0.159013
0.161456
0.153955
0.163857
0.153278
0.177491
0.156386
0.160589
0.175692
0.161423
0.140265
0.180952
0.174268
0.176256
0.166423
0.159033
0.165862
0.139034
0.172082
0.172035
0.183003
0.159279
0.156060
0.146608
0.163887
0.158875
0.151215
0.155035
0.163252
0.147374
0.146955
0.154402
0.150174
0.157949
0.150397
0.179595
0.148693
0.149993
0.145163
0.146331
0.154887
0.150882
0.187181
0.147961
0.145872
0.138672
0.159515
0.166860
0.159426
0.162212
0.180146
0.151433
0.158783
0.176551
0.172496
0.178981
0.178787
0.160197
0.145734
0.152964
0.171005
0.161222
0.172802
0.173275
0.159095
0.161509
0.173831
0.174755
0.180290
0.172551
0.162243
0.147541
0.135718
0.170910
0.152617
0.150173
0.158025
0.149445
0.163365
0.172468
0.145335
0.151265
0.147246
0.150132
0.148699
0.159157
0.144383
0.141578
0.148266
0.167460
0.159372
0.170829
0.150455
0.170156
0.178697
0.151710
0.196779
0.164918
0.159189
0.160441
0.157506
0.173133
0.181144
0.160309
0.148715
0.160714
0.165759
0.173223
0.156484
0.163289
0.157043
0.148109
0.174026
0.186004
0.164701
0.180533
0.157319
0.183614
0.164945
0.161346
0.230443
0.166635
0.147610
0.167564
0.175050
0.164277
0.189620
0.159985
0.135158
0.182307
0.156170
0.205604
0.186074
0.182459
0.154836
0.171876
0.154738
0.181116
0.168596
0.138718
0.151751
0.152740
0.151246
0.144023
0.165378
0.150713
0.164178
0.151208
0.175107
0.173911
0.170598
0.171925
0.165192
0.170021
0.178509
0.153192
0.143741
0.176748
0.177556
0.148690
0.165089
0.159473
0.142949
0.185168
0.157079
0.151821
0.196542
0.173066
0.171522
0.168701
0.160412
0.150418
0.149919
0.181967
0.146529
0.173964
0.160641
0.170290
0.155035
0.163829
0.162654
0.171254
0.188411
0.177154
0.174348
0.167730
0.167363
0.151092
0.176193
0.151681
0.164135
0.159669
0.168237
0.175917
0.166634
0.161919
0.201541
0.155709
0.180382
0.172967
0.168467
0.160147
0.171626
0.167740
0.154785
0.167050
0.148955
0.152636
0.172771
0.153026
0.160049
0.147886
0.173625
0.149071
0.179504
0.170676
0.164241
0.140333
0.184331
0.171421
0.175103
0.163011
0.160642
0.177045
0.173381
0.194164
0.175348
0.150732
0.158621
0.173703
0.153801
0.159162
0.164816
0.154926
0.164159
0.179597
0.156714
0.180722
0.169978
0.162870
0.223652
0.174724
0.145355
0.161405
0.161925
0.177696
0.146378
0.156646
0.157673
0.166009
0.158229
0.142035
0.176736
0.155534
0.172726
0.173643
0.159451
0.160753
0.165734
0.162540
0.138705
0.159051
0.153633
0.154423
0.169835
0.163469
0.156412
0.163610
0.157626
0.160225
0.162974
0.147678
0.150920
0.142261
0.160312
0.169102
0.160250
0.176434
0.145537
0.146230
0.133004
0.157362
0.182541
0.183874
0.130425
0.154069
0.163501
0.147203
0.145532
0.172180
0.152355
0.158952
0.146153
0.145302
0.157825
0.163639
0.159723
0.153487
0.158281
0.181494
0.148954
0.156012
0.163176
0.167169
0.158265
0.152381
0.134014
0.152456
0.184724
0.167868
0.161192
0.149052
0.256813
0.160499
0.156783
0.158789
0.168904
0.168357
0.146674
0.152656
0.180015
0.146238
0.163296
0.137868
0.153664
0.167684
0.173099
0.140037
0.159460
0.147798
0.151259
0.166087
0.152019
0.159654
0.168188
0.146462
0.156903
0.154726
0.191054
0.148137
0.157114
0.144400
0.157364
0.140206
0.178577
0.148605
0.153302
0.184146
0.147349
0.159061
0.146003
0.172812
0.168879
0.157738
0.147141
0.166893
0.147881
0.163961
0.165553
0.143353
0.189418
0.151285
0.155907
0.161804
0.147118
0.151559
0.168184
0.153232
0.159731
0.139424
0.149369
0.147641
0.162008
0.150734
0.166689
0.143381
0.149901
0.154756
0.164161
0.189219
0.146540
0.137219
0.165450
0.392437
0.134076
0.146418
0.178187
0.151741
0.167507
0.133325
0.142421
0.157024
0.159298
0.149368
0.184871
0.146158
0.151050
0.159519
0.146247
0.150904
0.167471
0.163245
0.153972
0.160399
0.147969
0.157577
0.161327
0.160515
0.156822
0.146858
0.153765
0.146171
0.209114
0.164410
0.147691
0.155744
0.156980
0.147256
0.175292
0.161947
0.177684
0.137533
0.159363
0.148506
0.150911
0.175009
0.162706
0.151820
0.162430
0.157526
0.155132
0.159771
0.157127
0.146815
0.150941
0.162678
0.153829
0.177953
0.166937
0.189614
0.172332
0.200043
0.171587
0.157022
0.174750
0.150896
0.166037
0.150544
0.162911
0.159427
0.143493
0.151797
0.179432
0.176961
0.166147
0.166029
0.159751
0.165593
0.179987
0.177588
0.159085
0.169796
0.149472
0.160076
0.146965
0.176919
0.146556
0.162646
0.167576
0.143021
0.135301
0.132207
0.135113
0.173972
0.163236
0.165493
0.148263
0.189931
0.162339
0.145399
0.133130
0.181565
0.160731
0.178124
0.168904
0.162256
0.158675
0.155867
0.196473
0.162404
0.132779
0.179274
0.189184
0.156010
0.186245
0.178292
0.173629
0.185836
0.143634
0.248043
0.159761
0.167420
0.164088
0.174778
0.152803
0.152143
0.171955
0.164874
0.154049
0.140102
0.173681
0.156107
0.146350
0.155504
0.142422
0.200306
0.170844
0.157951
0.183601
0.158701
0.140166
0.158242
0.147831
0.188667
0.166976
0.150866
0.284929
0.170478
0.165213
0.163740
0.168621
0.149094
0.161042
0.149784
0.150323
0.164033
0.149025
0.158774
0.137347
0.155967
0.163460
0.182921
0.158780
0.150940
0.161256
0.138031
0.158454
0.154762
0.152432
0.160416
0.160594
0.138595
0.186183
0.138470
0.173249
0.149854
0.158626
0.140808
0.154009
0.171056
0.175384
0.181948
0.178906
0.170784
0.148739
0.169644
0.156391
0.170238
0.138367
0.170057
0.176865
0.182768
0.167395
0.144263
0.158505
0.150042
0.203150
0.160974
0.165270
0.182599
0.146692
0.153490
0.167860
0.145399
0.155613
0.156419
0.151801
0.164967
0.156638
0.175964
0.157784
0.151296
0.191530
0.156171
0.179703
0.164095
0.159600
0.174003
0.171094
0.165305
0.135839
0.250164
0.172019
0.144490
0.164833
0.153369
0.131428
0.171113
0.148984
0.134714
0.149572
0.167068
0.169957
0.182900
0.163067
0.149072
0.167960
0.146472
0.173381
0.148860
0.159062
0.160481
0.169822
0.140547
0.162550
0.153556
0.171039
0.152775
0.164095
0.176271
0.185725
0.145052
0.158487
0.229982
0.244527
0.188740
0.153118
0.146380
0.174249
0.149740
0.168086
0.137655
0.159379
0.143960
0.139224
0.145838
0.158639
0.150454
0.150470
0.161044
0.158740
0.146096
0.154426
0.165011
0.160318
0.173462
0.163040
0.166713
0.184965
0.147285
0.173079
0.179418
0.163060
0.150640
0.158917
0.171223
0.139628
0.158798
0.176637
0.178630
0.155002
0.146042
0.175899
0.145719
0.145761
0.174215
0.173750
0.167674
0.142300
0.152112
0.177456
0.156922
0.151252
0.171969
0.147398
0.168038
0.172211
0.160233
0.144567
0.151659
0.184889
0.171738
0.158967
0.171118
0.163586
0.157620
0.161752
0.159596
0.181226
0.141573
0.162777
0.195259
0.165892
0.159737
0.180914
0.163947
0.166348
0.154670
0.176135
0.163516
0.155832
0.132675
0.148737
0.179833
0.161233
0.135608
0.168862
0.150512
0.160193
0.162779
0.149842
0.145816
0.161785
0.171080
0.157588
0.149974
0.169390
0.159224
0.165616
0.166725
0.147093
0.153661
0.160835
0.176264
0.181304
0.162604
0.180690
0.167361
0.184286
0.155754
0.160326
0.181243
0.148606
0.172985
0.171819
0.147668
0.153566
0.173326
0.158399
0.177604
0.165054
0.170765
0.157889
0.142434
0.177630
0.150681
0.171676
0.135253
0.145447
0.150149
0.157244
0.152785
0.158229
0.143233
0.154110
0.166192
0.166397
0.158711
0.147016
0.161560
0.172876
0.149200
0.141078
0.180195
0.139343
0.151329
0.156986
0.172444
0.157029
0.173581
0.166515
0.181608
0.162486
0.167395
0.184269
0.159744
0.158812
0.160822
0.147589
0.160650
0.147282
0.159584
0.147888
0.147534
0.150751
0.156766
0.156640
0.156249
0.174916
0.154997
0.157760
0.157639
0.148633
0.143454
0.143969
0.142363
0.164351
0.165822
0.168986
0.160171
0.145480
0.164514
0.093581
0.136862
0.160483
0.163561
0.167812
0.170262
0.172134
0.171134
0.160221
0.145691
0.165860
0.166425
0.161245
0.174453
0.168093
0.138012
0.169029
0.156835
0.166394
0.157727
0.172547
0.160781
0.146617
0.167430
0.142941
0.151118
0.162232
0.162266
0.155616
0.155012
0.177526
0.159650
0.139836
0.147986
0.151103
0.137080
0.160605
0.167563
0.168482
0.167271
0.178454
0.146159
0.185589
0.155332
0.162541
0.181379
0.175661
0.140453
0.157551
0.161476
0.153574
0.162044
0.147828
0.140098
0.166467
0.161411
0.139621
0.147447
0.145046
0.167962
0.177419
0.160963
0.159066
0.166365
0.150094
0.157067
0.142526
0.167679
0.156255
0.146433
0.154308
0.178107
0.161947
0.163559
0.180236
0.141419
0.162934
0.182040
0.159032
0.170255
0.184380
0.162098
0.157223
0.153978
0.160368
0.181726
0.176382
0.147053
0.143529
0.164302
0.196220
0.194952
0.152375
0.172641
0.164925
0.166152
0.159983
0.172579
0.155531
0.178194
0.158990
0.173405
0.166091
0.147184
0.185336
0.148189
0.151410
0.160937
0.191458
0.170046
0.159899
0.177734
0.182989
0.149621
0.136341
0.158908
0.176443
0.159136
0.157041
0.166831
0.161551
0.145199
0.161620
0.143899
0.164537
0.163477
0.169847
0.175163
0.136808
0.162825
0.178197
0.165286
0.174701
0.175137
0.150520
0.180510
0.154811
0.161589
0.173346
0.162261
0.156336
0.142203
0.152480
0.150388
0.148398
0.178162
0.173951
0.144922
0.171197
0.151205
0.151784
0.179408
0.148904
0.133513
0.179432
0.159903
0.161399
0.172028
0.164144
0.149675
0.161148
0.142585
0.152128
0.161078
0.160091
0.167415
0.165783
0.164163
0.148079
0.147537
0.158975
0.166897
0.179848
0.165914
0.150216
0.149832
0.176837
0.158160
0.171747
0.163200
0.133211
0.180382
0.205900
0.160851
0.158185
0.144288
0.146520
0.164212
0.154476
0.205824
0.200836
0.178773
0.166174
0.166894
0.165841
0.179418
0.181637
0.164840
0.178807
0.160686
0.159290
0.209839
0.173477
0.174377
0.164938
0.151736
0.182525
0.141887
0.144816
0.161066
0.147803
0.162985
0.166306
0.159284
0.160621
0.146614
0.169095
0.161525
0.146248
0.167465
0.140971
0.190545
0.157720
0.153870
0.162134
0.157070
0.159834
0.185628
0.166487
0.151309
0.193151
0.166381
0.150437
0.165829
0.156555
0.159561
0.182500
0.154595
0.160293
0.179765
0.139288
0.176991
0.201448
0.165759
0.161708
0.172531
0.200706
0.179583
0.156400
0.179053
0.135633
0.165748
0.145349
0.170260
0.165922
0.136907
0.158682
0.160133
0.155220
0.179112
0.146010
0.137180
0.147805
0.174253
0.187708
0.149662
0.170880
0.162661
0.150865
0.150817
0.159944
0.141265
0.164741
0.142784
0.167573
0.182032
0.165485
0.175328
0.178097
0.184508
0.162407
0.184145
0.159423
0.146034
0.158910
0.164101
0.162067
0.161362
0.176757
0.159782
0.165346
0.153504
0.147570
0.183089
0.161183
0.150911
0.157028
0.170252
0.139629
0.175966
0.160617
0.159124
0.152424
0.140355
0.189402
0.150803
0.157880
0.183031
0.137917
0.142600
0.166244
0.156360
0.151195
0.198754
0.144790
0.172756
0.173926
0.140414
0.168985
0.159356
0.153968
0.166457
0.158586
0.173337
0.161221
0.137091
0.169102
0.203688
0.181135
0.148951
0.156521
0.157347
0.169376
0.140833
0.159839
0.165026
0.162947
0.160434
0.155711
0.163463
0.188368
0.159441
0.164434
0.143517
0.177317
0.181308
0.183875
0.145987
0.164837
0.154606
0.175915
0.175865
0.154343
0.161433
0.163691
0.176274
0.163815
0.153729
0.154029
0.150150
0.157651
0.152372
0.165407
0.135661
0.182181
0.151964
0.156391
0.158899
0.151857
0.164786
0.147280
0.158705
0.173698
0.150549
0.166801
0.146161
0.163301
0.158187
0.161735
0.168474
0.151622
0.149891
0.150269
0.140479
0.150601
0.163194
0.165665
0.152877
0.159154
0.170990
0.167783
0.136772
0.181219
0.170594
0.161034
0.142349
0.178081
0.158060
0.167000
0.192909
0.158430
0.171453
0.162117
0.207582
0.135463
0.149337
0.188922
0.164706
0.168574
0.170105
0.168803
0.139698
0.175960
0.148130
0.144200
0.145353
0.153422
0.152531
0.142106
0.152144
0.153858
0.145060
0.156162
0.149661
0.157714
0.149910
0.161413
0.159735
0.230644
0.164470
0.166029
0.165261
0.175293
0.157068
0.164356
0.158341
0.158719
0.189698
0.149497
0.160049
0.145287
0.160737
0.163613
0.171159
0.148434
0.138159
0.140502
0.148531
0.148007
0.137072
0.148993
0.173226
0.162370
0.155610
0.155855
0.160734
0.146549
0.168390
0.175634
0.168847
0.169215
0.150797
0.180534
0.132599
0.163726
0.156248
0.154525
0.172668
0.171071
0.144972
0.142831
0.149960
0.167370
0.174519
0.167805
0.146883
0.172828
0.166890
0.150984
0.155500
0.135138
0.149799
0.147523
0.170064
0.237548
0.171123
0.149806
0.148637
0.147565
0.145882
0.159720
0.150309
0.162339
0.148810
0.150323
0.161951
0.161968
0.161745
0.171874
0.144644
0.157105
0.189696
0.160742
0.152010
0.164274
0.159390
0.144276
0.150302
0.148147
0.172092
0.175472
0.152493
0.158442
0.163178
0.158934
0.159687
0.168432
0.162521
0.153861
0.151717
0.150591
0.149386
0.180823
0.170563
0.149830
0.165408
0.176227
0.172532
0.147845
0.159258
0.149340
0.137213
0.162920
0.172714
0.159801
0.136744
0.160230
0.148876
0.145379
0.158057
0.175881
0.142442
0.139848
0.157101
0.173694
0.165488
0.136472
0.152699
0.171512
0.172609
0.145909
0.190944
0.191059
0.150244
0.147049
0.165366
0.151760
0.162698
0.153978
0.168282
0.136719
0.160991
0.148337
0.146713
0.168267
0.184065
0.178500
0.155380
0.162141
0.157062
0.167408
0.167937
0.152040
0.162522
0.132187
0.146250
0.152110
0.137975
0.157918
0.149534
0.140540
0.166453
0.159720
0.181677
0.156309
0.163188
0.149081
0.149870
0.147053
0.171417
0.163731
0.169771
0.161536
0.160719
0.154367
0.165965
0.171741
0.156685
0.162786
0.148048
0.195382
0.139355
0.154977
0.159984
0.163298
0.148709
0.168545
0.168317
0.167271
0.142991
0.167440
0.157932
0.146227
0.172326
0.154972
0.172881
0.155216
0.174587
0.151553
0.143836
0.147241
0.166546
0.171943
0.166713
0.157383
0.160523
0.151360
0.104912
0.146706
0.159786
0.176697
0.159795
0.158026
0.150535
0.147206
0.152170
0.160271
0.194258
0.147424
0.140670
0.150233
0.145926
0.172503
0.180465
0.165818
0.160212
0.161529
0.159089
0.162948
0.150660
0.152053
0.173320
0.153737
0.145970
0.152166
0.159884
0.148708
0.149031
0.150875
0.172050
0.150764
0.150514
0.162360
0.186833
0.176257
0.160920
0.163724
0.181881
0.157082
0.157277
0.157862
0.157004
0.171146
0.164845
0.165354
0.167286
0.154908
0.152903
0.154500
0.130872
0.161481
0.150386
0.149841
0.158062
0.159535
0.135313
0.142849
0.145214
0.154154
0.169463
0.141411
0.161030
0.186467
0.160381
0.169636
0.154359
0.177034
0.173245
0.162885
0.179735
0.172926
0.153396
0.180413
0.154535
0.163200
0.152417
0.141712
0.162271
0.169635
0.137483
0.147468
0.158342
0.185281
0.162344
0.166091
0.130503
0.161080
0.138293
0.168415
0.170350
0.173663
0.145690
0.151031
0.138852
0.167882
0.151110
0.166201
0.174208
0.146776
0.148420
0.160342
0.155662
0.170786
0.156133
0.160071
0.163231
0.152041
0.141885
0.172344
0.154823
0.169839
0.163292
0.134563
0.161085
0.164010
0.158014
0.179637
0.161146
0.147108
0.150514
0.178588
0.181702
0.158545
0.146065
0.151774
0.150543
0.157868
0.164695
0.155692
0.148574
0.149873
0.175716
0.138700
0.166375
0.138670
0.157770
0.178383
0.149471
0.187008
0.175688
0.146071
0.166780
0.154264
0.161357
0.146899
0.168118
0.163419
0.173840
0.161999
0.157219
0.163152
0.151349
0.168110
0.161175
0.162039
0.170381
0.167138
0.153481
0.161070
0.142521
0.146505
0.162318
0.165789
0.158288
0.175477
0.157551
0.165820
0.139294
0.164871
0.130269
0.170239
0.151136
0.163094
0.154430
0.155733
0.145711
0.166054
0.166776
0.172637
0.145386
0.154193
0.164544
0.158347
0.178620
0.152110
0.159289
0.156098
0.136133
0.159059
0.160180
0.150904
0.171586
0.161118
0.148188
0.164459
0.146994
0.166203
0.170391
0.157796
0.160443
0.141771
0.162674
0.165267
0.163250
0.160251
0.137817
0.133120
0.160582
0.171445
0.155280
0.153000
0.158262
0.171796
0.135845
0.162464
0.171869
0.160927
0.150129
0.146173
0.164888
0.155487
0.162674
0.148598
0.148163
0.146164
0.161301
0.137434
0.158611
0.179918
0.146315
0.156839
0.147314
0.160380
0.179060
0.154204
0.150076
0.144051
0.158695
0.175363
0.157214
0.187144
0.162032
0.188262
0.159336
0.159289
0.161817
0.155351
0.145499
0.160048
0.152579
0.152712
0.158521
0.136991
0.168093
0.149519
0.154735
0.148469
0.161244
0.163253
0.162380
0.170599
0.165447
0.172328
0.147181
0.162968
0.181044
0.179981
0.163371
0.152132
0.148464
0.149932
0.160923
0.157274
0.147131
0.170156
0.151043
0.156428
0.187764
0.164221
0.161366
0.176948
0.151845
0.149634
0.165097
0.154171
0.179400
0.161457
0.155064
0.164695
0.165634
0.156904
0.159805
0.150146
0.158791
0.156248
0.145120
0.147599
0.156448
0.161753
0.160872
0.146641
0.159228
0.145963
0.160222
0.160702
0.164516
0.148168
0.166055
0.145905
0.149917
0.147542
0.151775
0.142168
0.158655
0.144902
0.157179
0.133659
0.167941
0.168132
0.143561
0.158642
0.152041
0.141776
0.158021
0.137443
0.154682
0.156986
0.161476
0.166371
0.143779
0.203250
0.151772
0.140985
0.151893
0.163901
0.155962
0.139474
0.164112
0.160731
0.171983
0.148271
0.169921
0.193665
0.154104
0.219144
0.154992
0.150607
0.176826
0.158313
0.148596
0.154194
0.157107
0.192627
0.175284
0.150863
0.163557
0.173421
0.173164
0.167048
0.161169
0.171330
0.152461
0.178882
0.173669
0.160193
0.144022
0.146031
0.153308
0.183056
0.155504
0.186431
0.172929
0.168549
0.149753
0.211474
0.194801
0.164934
0.194321
0.161658
0.176920
0.161123
0.173555
0.149073
0.148508
0.142181
0.163369
0.160063
0.155382
0.172924
0.186174
0.139654
0.163943
0.196893
0.175151
0.167761
0.168622
0.175968
0.154943
0.171522
0.140602
0.171292
0.142010
0.172714
0.164282
0.172660
0.152157
0.161901
0.165634
0.149691
0.163763
0.175884
0.138956
0.176770
0.194259
0.198597
0.175869
0.163464
0.161107
0.162121
0.177176
0.189949
0.153999
0.152191
0.177133
0.139882
0.153386
0.169854
0.158007
0.963464
0.165169
0.156611
0.206195
0.142633
0.148275
0.172209
