0.176942
0.163468
0.121093
0.164105
0.116219
0.127903
0.159018
0.167550
0.114555
0.148377
0.118688
0.144810
0.110921
0.129202
0.161570
0.164405
0.123164
0.165843
0.176284
0.117906
0.120176
0.116378
0.140433
0.157205
0.173294
0.166290
0.153964
0.132936
0.162456
0.109882
0.116575
0.167490
0.169386
0.142180
0.518585
0.188883
0.180948
0.161778
0.123484
0.131242
0.099303
0.146650
0.147845
0.134829
0.162336
0.150633
0.156692
0.153537
0.163064
0.102917
0.103069
0.152110
0.161089
0.117058
0.170976
0.103748
0.160416
0.131772
0.170443
0.157613
0.123996
0.150665
0.142779
0.160716
0.100957
0.170367
0.171796
0.177736
0.150999
0.102245
0.161881
0.184711
0.129042
0.106817
0.133888
0.161512
0.146449
0.175563
0.115342
0.160080
0.093387
0.152500
0.131406
0.144608
0.148331
0.171213
0.174651
0.130017
0.174940
0.118293
0.146609
0.098160
0.169566
0.151180
0.151655
0.146475
0.126416
0.159348
0.145664
0.349616
0.156916
0.145453
0.181407
0.151477
0.146436
0.171515
0.175258
0.160503
0.141657
0.159229
0.133387
0.121764
0.172080
0.127451
0.168169
0.113155
0.133681
0.145675
0.164353
0.139276
0.100994
0.165844
0.154118
0.163037
0.149930
0.164049
0.165832
0.119886
0.167882
0.133467
0.187509
0.241932
0.401515
0.353242
0.289385
0.310935
0.242468
0.240372
0.298534
0.206760
0.321971
0.330531
0.292395
0.286561
0.307699
0.374354
0.221045
0.218509
0.187105
0.119980
0.178381
0.174743
0.177052
0.180612
0.166291
0.146254
0.133666
0.133751
0.147886
0.158918
0.171644
0.123244
0.116453
0.179860
0.150005
0.151033
0.149805
0.124152
0.165126
0.155376
0.145287
0.144370
0.156943
0.161676
0.163304
0.156514
0.144793
0.191598
0.134996
0.179468
0.136966
0.146478
0.149722
0.175481
0.158689
0.168815
0.156276
0.161941
0.161026
0.134279
0.184425
0.130856
0.145466
0.175605
0.157753
0.156419
0.164303
0.159716
0.168188
0.159647
0.104425
0.172483
0.163195
0.160528
0.113851
0.186211
0.148559
0.158580
0.175124
0.142296
0.158989
0.148450
0.150128
0.141165
0.143928
0.177839
0.141989
0.156060
0.163321
0.154928
0.178806
0.112830
0.157689
0.168630
0.161800
0.156840
0.160246
0.150757
0.156041
0.156044
0.157367
0.157359
0.165876
0.171099
0.164952
0.146043
0.158365
0.194808
0.139625
0.183369
0.144055
0.166248
0.159161
0.154598
0.172048
0.146608
0.139914
0.150794
0.187832
0.172581
0.160320
0.142576
0.161594
0.154859
0.159897
0.165805
0.150736
0.151369
0.142665
0.170926
0.178401
0.176967
0.179464
0.174619
0.152111
0.134368
0.160922
0.157003
0.160311
0.160055
0.161536
0.160279
0.167349
0.153624
0.172434
0.177978
0.191648
0.137129
0.157886
0.141504
0.161601
0.157207
0.164614
0.161991
0.166618
0.143944
0.186478
0.157151
0.151267
0.170840
0.165757
0.153665
0.159555
0.163186
0.169318
0.169789
0.162095
0.172601
0.193411
0.167830
0.149212
0.146986
0.172204
0.135964
0.152135
0.155121
0.154469
0.183461
0.161103
0.150410
0.169242
0.151172
0.165735
0.171873
0.148445
0.169140
0.144817
0.169739
0.158173
0.160403
0.214526
0.144885
0.168540
0.165812
0.149333
0.135033
0.165131
0.133754
0.152049
0.173187
0.171271
0.157178
0.160309
0.161481
0.158169
0.172948
0.173853
0.135646
0.146302
0.144548
0.152688
0.134527
0.144941
0.149543
0.187992
0.160108
0.158629
0.160587
0.168307
0.163474
0.156144
0.173264
0.168863
0.161364
0.162874
0.144684
0.171137
0.150249
0.142150
0.175897
0.152309
0.162311
0.161711
0.151707
0.827182
0.142396
0.161539
0.170668
0.165718
0.312250
0.190665
0.177772
0.290806
0.206238
0.179264
0.182058
0.147726
0.142906
0.137606
0.153177
0.150913
0.170925
0.147749
0.146573
0.163398
0.159404
0.171413
0.166628
0.161583
0.166941
0.148280
0.169182
0.154862
0.154516
0.172463
0.168807
0.138500
0.160891
0.159497
0.161012
0.151665
0.175761
0.169478
0.158994
0.151806
0.225649
0.159125
0.156173
0.167248
0.161169
0.171173
0.154917
0.147932
0.156576
0.165224
0.184755
0.143179
0.180588
0.145437
0.174275
0.152287
0.133308
0.229714
0.180090
0.157877
0.165731
0.157473
0.141687
0.164880
0.157293
0.165738
0.175007
0.162598
0.160641
0.160026
0.171146
0.160129
0.157283
0.153791
0.166149
0.173857
0.161009
0.164193
0.149324
0.172477
0.149914
0.178168
0.159943
0.137976
0.171482
0.149783
0.176547
0.154509
0.156262
0.149925
0.168548
0.153609
0.148690
0.178494
0.165286
0.162238
0.153581
0.162091
0.150148
0.159817
0.175817
0.169372
0.183420
0.167806
0.146285
0.158501
0.162984
0.145832
0.141661
0.153944
0.173277
0.161085
0.159252
0.148477
0.176921
0.178548
0.160505
0.169730
0.143799
0.171438
0.166727
0.143314
0.150584
0.147549
0.170618
0.158210
0.160252
0.166041
0.143966
0.176088
0.147267
0.155406
0.162165
0.174945
0.164471
0.146504
0.159411
0.157252
0.172242
0.138085
0.138833
0.152958
0.160184
0.160187
0.181894
0.164226
0.133090
0.146231
0.172477
0.154631
0.158030
0.171780
0.151642
0.173763
0.170393
0.145984
0.169276
0.168481
0.145089
0.165015
0.155431
0.142112
0.137286
0.161231
0.171073
0.168701
0.160419
0.154444
0.157791
0.162543
0.133709
0.165438
0.135381
0.136081
0.161609
0.164894
0.167455
0.178913
0.161348
0.154833
0.179890
0.150875
0.158845
0.145470
0.165518
0.146874
0.140368
0.150904
0.149094
0.158502
0.151403
0.171717
0.167331
0.155083
0.168288
0.174605
0.163343
0.180464
0.165698
0.153361
0.161329
0.149956
0.151903
0.149010
0.166334
0.173490
0.167824
0.156577
0.159063
0.162502
0.183002
0.174466
0.169283
0.153348
0.187243
0.197625
0.162893
0.145736
0.147923
0.146138
0.156945
0.137278
0.144452
0.157758
0.159119
0.161536
0.148518
0.142922
0.158538
0.162177
0.170906
0.162628
0.147579
0.152811
0.166532
0.170660
0.165027
0.174324
0.163619
0.160620
0.145036
0.164847
0.134080
0.143048
0.147040
0.162333
0.165926
0.159969
0.158866
0.178072
0.160028
0.153372
0.171842
0.155894
0.165760
0.165371
0.193257
0.160967
0.172151
0.164567
0.197252
0.163478
0.157686
0.153441
0.185683
0.158601
0.161316
0.160845
0.151254
0.164172
0.154184
0.156539
0.195167
0.167563
0.157258
0.175455
0.141214
0.161079
0.146557
0.162556
0.145070
0.150199
0.175265
0.163798
0.144843
0.188942
0.163466
0.154568
0.146966
0.167890
0.179057
0.148299
0.198448
0.167056
0.160778
0.157665
0.131200
0.166642
0.169753
0.161070
0.148441
0.145053
0.146276
0.171474
0.161127
0.145151
0.158389
0.176324
0.143010
0.141590
0.174638
0.146470
0.200164
0.159925
0.150527
0.132902
0.151320
0.148754
0.143596
0.152222
0.163961
0.148922
0.151815
0.134502
0.135594
0.135821
0.146020
0.157841
0.156844
0.163298
0.170494
0.160743
0.150132
0.172203
0.150419
0.132880
0.149288
0.155469
0.148060
0.170702
0.178110
0.157261
0.177911
0.147201
0.152993
0.160275
0.160975
0.141101
0.149813
0.154949
0.144360
0.156860
0.174540
0.176817
0.150042
0.143024
0.175193
0.152260
0.154712
0.171042
0.170062
0.132475
0.143335
0.164306
0.178300
0.145444
0.172717
0.176317
0.189650
0.156713
0.156546
0.158255
0.169627
0.156066
0.154891
0.160930
0.176907
0.175195
0.152686
0.149182
0.150211
0.150944
0.163718
0.157957
0.163805
0.131389
0.165534
0.148712
0.166512
0.164043
0.188806
0.129021
0.165538
0.164607
0.164197
0.194530
0.160771
0.160737
0.158873
0.159367
0.156808
0.146218
0.141371
0.168808
0.170171
0.152868
0.167438
0.147751
0.137886
0.149653
0.362241
0.145776
0.168805
0.144493
0.151328
0.156975
0.183859
0.146490
0.143019
0.162722
0.167412
0.158833
0.146916
0.147229
0.146608
0.160591
0.159279
0.158603
0.162673
0.162926
0.152863
0.155390
0.175060
0.166210
0.171650
0.152435
0.177563
0.145599
0.161295
0.153082
0.154930
0.163061
0.169347
0.172635
0.162245
0.161734
0.161199
0.166268
0.143926
0.160830
0.182208
0.160474
0.151138
0.168271
0.151181
0.170948
0.146087
0.175172
0.145628
0.187372
0.218690
0.185279
0.157031
0.153145
0.171485
0.143273
0.170956
0.179943
0.155421
0.163213
0.160449
0.157205
0.145883
0.143723
0.152055
0.155195
0.138257
0.138784
0.180151
0.177910
0.161196
0.181823
0.164125
0.154869
0.196122
0.161336
0.171145
0.180226
0.179973
0.143954
0.199900
0.155893
0.160378
0.167909
0.163884
0.190138
0.153932
0.154310
0.157825
0.167810
0.128634
0.150127
0.162440
0.147580
0.154629
0.136375
0.138588
0.172719
0.177433
0.142846
0.174518
0.171718
0.144367
0.159674
0.168832
0.161677
0.190906
0.160085
0.138476
0.185226
0.175283
0.174115
0.164806
0.146682
0.155232
0.189892
0.152556
0.192299
0.163133
0.160654
0.153961
0.170698
0.160963
0.171991
0.212929
0.161480
0.165758
0.160974
0.204267
0.166460
0.178083
0.144877
0.155265
0.157634
0.173625
0.158994
0.149144
0.173339
0.154052
0.151862
0.155951
0.171137
0.153257
0.155126
0.147871
0.144928
0.141050
0.171680
0.155450
0.157522
0.146480
0.168082
0.225370
0.348854
0.140676
0.146607
0.166475
0.187054
0.169731
0.152062
0.155687
0.204700
0.162039
0.173033
0.182033
0.180738
0.148177
0.178631
0.165883
0.156945
0.154834
0.142044
0.151388
0.165944
0.167537
0.175601
0.137256
0.193921
0.161711
0.167280
0.162818
0.148056
0.144313
0.175900
0.175451
0.179676
0.169404
0.163866
0.155717
0.149850
0.174062
0.186486
0.187693
0.183148
0.168590
0.169377
0.159262
0.160363
0.142811
0.161215
0.150704
0.175695
0.317521
0.138909
0.159785
0.145125
0.163289
0.173807
0.148577
0.182707
0.159773
0.154974
0.176949
0.157259
0.139113
0.179803
0.174013
0.165044
0.161642
0.157086
0.196321
0.174850
0.162101
0.172649
0.159062
0.180715
0.170043
0.171319
0.161976
0.173488
0.185008
0.168967
0.166668
0.169323
0.171610
0.148543
0.169412
0.180332
0.140543
0.183140
0.172770
0.162234
0.151658
0.162257
0.193680
0.153812
0.167913
0.139854
0.159757
0.141528
0.156115
0.137813
0.159561
0.173836
0.173978
0.154213
0.168207
0.145502
0.147845
0.133918
0.156692
0.165307
0.163322
0.164392
0.164498
0.154076
0.163848
0.165455
0.149563
0.137707
0.163429
0.156723
0.175022
0.182445
0.170176
0.165400
0.187311
0.134780
0.163355
0.158557
0.153846
0.170190
0.145745
0.147414
0.166797
0.155557
0.171924
0.176319
0.169514
0.180824
0.182978
0.157093
0.140645
0.160535
0.150635
0.162427
0.148298
0.158111
0.159396
0.150577
0.152725
0.157856
0.172746
0.170915
0.161056
0.155048
0.139683
0.140541
0.140124
0.170241
0.158914
0.184707
0.158927
0.156596
0.155698
0.159678
0.188180
0.166755
0.158307
0.133750
0.160837
0.166294
0.162035
0.143087
0.159181
0.137131
0.175890
0.180366
0.155945
0.173344
0.184304
0.149854
0.154865
0.169276
0.156221
0.167464
0.164443
0.159367
0.175270
0.155104
0.184914
0.145501
0.173735
0.155244
0.181693
0.141958
0.162451
0.150568
0.175171
0.134955
0.149292
0.157467
0.146731
0.160594
0.157359
0.153393
0.159166
0.143442
0.171668
0.161429
0.142512
0.156726
0.155318
0.173498
0.161918
0.170616
0.159435
0.175691
0.160719
0.170901
0.258163
0.149541
0.161066
0.147834
0.179372
0.146835
0.165180
0.154213
0.164625
0.150947
0.130393
0.170684
0.145905
0.155582
0.150886
0.151904
0.170233
0.160538
0.164617
0.147807
0.144197
0.150591
0.169293
0.139151
0.133507
0.179370
0.146656
0.162513
0.175230
0.144968
0.182482
0.153260
0.145314
0.138797
0.150137
0.163580
0.167587
0.174123
0.160332
0.150751
0.177932
0.164179
0.165229
0.161748
0.157295
0.155493
0.157451
0.170133
0.158369
0.397875
0.160788
0.152839
0.148245
0.201266
0.171209
0.157504
0.147797
0.145735
0.169192
0.138413
0.165851
0.160265
0.144413
0.153830
0.149984
0.142087
0.136480
0.164188
0.158030
0.171643
0.170039
0.159726
0.155508
0.151164
0.159635
0.152014
0.146530
0.159569
0.151212
0.169771
0.169130
0.142716
0.150253
0.178115
0.161197
0.159468
0.160554
0.148859
0.165922
0.149089
0.552260
0.173400
0.152542
0.183108
0.163571
0.139579
0.160794
0.152976
0.151408
0.154411
0.196535
0.154853
0.159403
0.155039
0.149368
0.162337
0.149527
0.176316
0.140600
0.171508
0.164082
0.177534
0.148069
0.152568
0.149814
0.167602
0.144917
0.147880
0.180044
0.145387
0.140694
0.160931
0.153671
0.169919
0.212058
0.154849
0.162608
0.165497
0.144609
0.146821
0.175309
0.136219
0.166120
0.180786
0.172763
0.153566
0.173760
0.177489
0.172701
0.162917
0.151515
0.175111
0.155395
0.143005
0.159827
0.159141
0.164502
0.161894
0.141119
0.151090
0.151465
0.157813
0.165639
0.157946
0.178803
0.155126
0.171923
0.160535
0.186317
0.159242
0.158600
0.145584
0.163789
0.168446
0.163043
0.157693
0.156559
0.162213
0.165055
0.142392
0.173256
0.153393
0.182719
0.172803
0.174317
0.161500
0.207457
0.178797
0.182885
0.154613
0.188631
0.156862
0.154769
0.171964
0.159973
0.147821
0.157183
0.172892
0.186869
0.168378
0.187987
0.190770
0.144091
0.160246
0.145357
0.139033
0.176421
0.174109
0.171127
0.179127
0.166327
0.161338
0.160723
0.148982
0.170905
0.150929
0.150558
0.182617
0.153758
0.134233
0.158582
0.161560
0.139888
0.177438
0.144687
0.166561
0.147720
0.158553
0.158218
0.177375
0.149207
0.172478
0.160385
0.174171
0.162344
0.161408
0.161728
0.153122
0.147422
0.133823
0.159562
0.165454
0.178418
0.150438
0.165388
0.175157
0.153192
0.155899
0.173643
0.165231
0.150007
0.153694
0.188484
0.172609
0.158608
0.146902
0.142287
0.158223
0.178263
0.160145
0.151659
0.147181
0.149237
0.160259
0.157188
0.179287
0.163699
0.163384
0.150246
0.177707
0.202048
0.157125
0.178066
0.157269
0.148027
0.172710
0.173748
0.162025
0.163408
0.156146
0.155846
0.171335
0.166140
0.155372
0.165587
0.154282
0.161401
0.138548
0.145937
0.174273
0.151385
0.163445
0.160981
0.174883
0.179425
0.144694
0.146306
0.154919
0.169375
0.150377
0.189722
0.153706
0.159664
0.189593
0.154268
0.137268
0.165000
0.164537
0.205759
0.172781
0.170067
0.157847
0.141131
0.182582
0.159622
0.171090
0.163745
0.151040
0.149199
0.163418
0.174960
0.143397
0.159897
0.168476
0.163415
0.153418
0.155713
0.151090
0.158073
0.154336
0.183332
0.170018
0.152255
0.138916
0.167590
0.145573
0.159003
0.173168
0.137226
0.168921
0.152591
0.177602
0.139925
0.162340
0.157036
0.163419
0.184697
0.150149
0.200438
0.181385
0.170510
0.161318
0.156747
0.153083
0.151645
0.154956
0.162810
0.164681
0.165324
0.158250
0.173904
0.173018
0.158870
0.172975
0.170465
0.158683
0.164098
0.160269
0.161728
0.153179
0.148781
0.162958
0.164495
0.169892
0.170906
0.166580
0.146802
0.138910
0.143880
0.152003
0.175644
0.147527
0.132457
0.161950
0.145792
0.158797
0.168214
0.148908
0.159608
0.171238
0.158171
0.183495
0.161325
0.160372
0.194166
0.156987
0.133470
0.161513
0.172238
0.172427
0.157631
0.174480
0.164935
0.158208
0.161579
0.166814
0.149605
0.169320
0.157797
0.177412
0.176099
0.161293
0.176786
0.164322
0.163323
0.182238
0.190416
0.173273
0.163360
0.169847
0.167096
0.154953
0.172155
0.132978
0.169845
0.151445
0.169718
0.168420
0.142715
0.152780
0.199423
0.153328
0.162777
0.175795
0.137723
0.155862
0.153210
0.141882
0.138427
0.155539
0.154853
0.162051
0.169333
0.156245
0.154192
0.179941
0.151201
0.147915
0.211856
0.168008
0.161639
0.141703
0.161603
0.159512
0.154828
0.182192
0.154765
0.142144
0.176821
0.148449
0.498095
0.169492
0.166144
0.185532
0.172260
0.171582
0.161337
0.149958
0.188490
0.176885
0.181125
0.149640
0.158219
0.181141
0.165600
0.159644
0.184191
0.175948
0.159453
0.173159
0.165411
0.159639
0.146037
0.167798
0.148679
0.172482
0.153520
0.183466
0.199759
0.164331
0.164954
0.186010
0.138978
0.154827
0.162529
0.156656
0.171667
0.155268
0.185261
0.177665
0.174722
0.151850
0.190212
0.152069
0.147311
0.170655
0.142471
0.167010
0.140113
0.175491
0.175861
0.181091
0.146185
0.194465
0.182704
0.181272
0.170500
0.166217
0.168045
0.156594
0.168814
0.147325
0.158677
0.159700
0.162131
0.146724
0.162666
0.159191
0.155053
0.156618
0.160808
0.168996
0.170796
0.164414
0.165105
0.199647
0.162247
0.147033
0.154237
0.162563
0.157218
0.158958
0.153636
0.154275
0.151491
0.159466
0.164864
0.156404
0.165989
0.192569
0.161543
0.153479
0.174976
0.162488
0.167584
0.144150
0.188032
0.176440
0.146986
0.162857
0.176993
0.229582
0.158872
0.150851
0.145600
0.159510
0.158876
0.145903
0.140595
0.154478
0.148613
0.167581
0.168059
0.162223
0.148774
0.172219
0.159426
0.157875
0.148699
0.133634
0.159510
0.170925
0.149329
0.136808
0.167675
0.149466
0.254582
0.143858
0.151672
0.153028
0.169356
0.168000
0.147271
0.165846
0.169773
0.141853
0.146859
0.149085
0.160591
0.163428
0.160762
0.137609
0.156371
0.146976
0.192855
0.150971
0.138040
0.172177
0.156865
0.164750
0.146987
0.167428
0.162924
0.151031
0.154174
0.160121
0.145189
0.173903
0.148194
0.164000
0.177724
0.174372
0.135522
0.158274
0.158427
0.147331
0.155785
0.150540
0.150543
0.169891
0.148557
0.175500
0.173937
0.191325
0.149275
0.158611
0.135323
0.141671
0.136345
0.158297
0.178742
0.130564
0.180206
0.137840
0.150486
0.158371
0.163719
0.147792
0.176259
0.178250
0.174497
0.169752
0.161721
0.165221
0.146442
0.179382
0.156820
0.165683
0.164807
0.163314
0.158513
0.167487
0.180682
0.170116
0.149966
0.147782
0.147608
0.165160
0.132946
0.147597
0.138420
0.160644
0.160069
0.174387
0.167594
0.162012
0.138996
0.151831
0.173649
0.137841
0.155445
0.158338
0.155766
0.156313
0.140910
0.151283
0.171457
0.165233
0.148043
0.168160
0.151771
0.146837
0.177322
0.149684
0.146689
0.178121
0.158295
0.147755
0.180721
0.168400
0.156954
0.147462
0.156263
0.149045
0.147234
0.151825
0.151942
0.187207
0.180913
0.140046
0.157342
0.135019
0.158330
0.186843
0.149891
0.162639
0.159837
0.164835
0.155214
0.165468
0.158477
0.161420
0.142262
0.152055
0.143146
0.167301
0.170394
0.178366
0.154906
0.141008
0.164903
0.160854
0.179712
0.163798
0.184591
0.322344
0.175833
0.162297
0.164123
0.167108
0.154709
0.153376
0.155326
0.151749
0.167525
0.151156
0.166117
0.174268
0.175488
0.172724
0.167224
0.166616
0.151965
0.163849
0.198897
0.394694
0.155840
0.140991
0.165143
0.139684
0.151511
0.149674
0.156240
0.157626
0.160426
0.147205
0.129346
0.147904
0.182721
0.158797
0.154904
0.161612
0.225975
0.170918
0.149577
0.146450
0.176207
0.157282
0.199125
0.185329
0.152791
0.147050
0.172182
0.173796
0.155196
0.160533
0.174268
0.143849
0.178413
0.180032
0.173938
0.191543
0.179759
0.161988
0.211741
0.155285
0.210256
0.152114
0.155600
0.142834
0.171280
0.175816
0.164732
0.171597
0.156559
0.164728
0.137741
0.160382
0.144020
0.148507
0.154761
0.169447
0.159241
0.172118
0.151393
0.134948
0.152306
0.154805
0.179163
0.172509
0.138967
0.167962
0.164579
0.162672
0.162220
0.165931
0.148777
0.176022
0.169406
0.147530
0.156878
0.158559
0.134980
0.151719
0.156737
0.207065
0.196236
0.161027
0.150756
0.149972
0.138828
0.137010
0.159518
0.171927
0.145244
0.159373
0.140584
0.151933
0.140824
0.157621
0.144736
0.150909
0.143961
0.149590
0.182517
0.176035
0.157303
0.161883
0.161968
0.138929
0.181577
0.139055
0.178219
0.154681
0.149517
0.134204
0.156974
0.166697
0.160064
0.158562
0.154025
0.147261
0.173146
0.175118
0.175602
0.165370
0.137349
0.155156
0.146418
0.174109
0.151355
0.144098
0.151744
0.157838
0.163801
0.140188
0.170267
0.195284
0.154928
0.162146
0.157496
0.159811
0.160108
0.179318
0.196536
0.139195
0.154317
0.175035
0.156296
0.149173
0.142376
0.141236
0.174697
0.161516
0.140916
0.155916
0.154556
0.173592
0.193844
0.168910
0.151621
0.169969
0.161224
0.165510
0.158955
0.165450
0.151817
0.167838
0.138893
0.151509
0.158822
0.165022
0.151043
0.139485
0.164675
0.161949
0.159329
0.164617
0.167926
0.192219
0.191410
0.161122
0.148434
0.193656
0.170483
0.151494
0.129429
0.171245
0.145148
0.139189
0.147516
0.158199
0.186351
0.153048
0.160273
0.167938
0.143445
0.158461
0.184577
0.171682
0.173289
0.158652
0.179733
0.163105
0.173186
0.162130
0.190421
0.185527
0.149231
0.161312
0.167534
0.140007
0.182450
0.155618
0.173852
0.156710
0.188040
0.160139
0.154428
0.146106
0.172474
0.166519
0.151022
0.139722
0.160335
0.162182
0.154129
0.155609
0.173024
0.159313
0.166119
0.174459
0.175279
0.167510
0.165908
0.185502
0.158267
0.172673
0.188389
0.163103
0.151215
0.169899
0.247162
0.163354
0.214334
0.224800
0.259240
0.187911
0.163077
0.181540
0.141390
0.157524
0.152989
0.166456
0.176887
0.157991
0.152126
0.157778
0.177886
0.201207
0.152653
0.176189
0.170243
0.156626
0.183855
0.147933
0.158437
0.162208
0.169254
0.161086
0.156351
0.164476
0.169663
0.178539
0.171547
0.162081
0.152044
0.153856
0.156787
0.165537
0.147956
0.165288
0.176075
0.178260
0.160367
0.154894
0.160309
0.212639
0.170237
0.190827
0.156761
0.159438
0.154595
0.204319
0.167438
0.155986
0.166292
0.183516
0.169984
0.181772
0.149047
0.151749
0.153501
0.152664
0.168979
0.160697
0.146543
0.161097
0.140853
0.136185
0.168200
0.175369
0.148574
0.148612
0.166720
0.137507
0.185184
0.148954
0.166348
0.136847
0.145688
0.165027
0.159903
0.158225
0.160886
0.172625
0.177481
0.154235
0.176768
0.168916
0.191862
0.156894
0.169506
0.148645
0.163949
0.162641
0.179848
0.152519
0.150599
0.156999
0.158210
0.152221
0.157974
0.157734
0.150390
0.147995
0.168856
0.156162
0.148110
0.158590
0.130935
0.156281
0.165682
0.167803
0.158586
0.154347
0.152574
0.143669
0.156032
0.167776
0.172955
0.175552
0.134208
0.180387
0.133569
0.177531
0.158261
0.163676
0.195059
0.157547
0.170987
0.182213
0.164581
0.187173
0.165760
0.183970
0.168142
0.176438
0.197874
0.150072
0.182426
0.158007
0.188466
0.163926
0.155642
0.156562
0.158915
0.171771
0.152847
0.171202
0.135622
0.150922
0.146192
0.160265
0.158346
0.198152
0.169702
0.191550
0.143928
0.163841
0.160413
0.177656
0.136992
0.183896
0.141220
0.164229
0.181297
0.153497
0.148024
0.157377
0.139001
0.159596
0.159341
0.148487
0.146072
0.174929
0.174573
0.167267
0.145330
0.167302
0.164913
0.154006
0.157103
0.163328
0.175740
0.159891
0.134892
0.150360
0.186794
0.181281
0.175484
0.171498
0.154388
0.148128
0.181876
0.161920
0.166857
0.168801
0.161311
0.182199
0.148930
0.164699
0.161948
0.182844
0.158105
0.160524
0.182576
0.146497
0.168636
0.163067
0.184602
0.176182
0.158165
0.202784
0.175817
0.140538
0.155215
0.169296
0.171561
0.172324
0.154288
0.182698
0.142928
0.143976
0.174101
0.172739
0.174368
0.144230
0.162185
0.153715
0.149604
0.141339
0.147832
0.172598
0.154463
0.159865
0.171483
0.160849
0.140723
0.154844
0.132631
0.146747
0.146639
0.177395
0.158743
0.147660
0.164914
0.168156
0.152558
0.175964
0.184181
0.173915
0.176783
0.152439
0.173068
0.152134
0.151457
0.157710
0.154247
0.145325
0.153514
0.142970
0.166032
0.183442
0.148046
0.160987
0.156131
0.156402
0.170756
0.147931
0.137995
0.164283
0.151398
0.166911
0.162429
0.148616
0.171935
0.159886
0.152124
0.145635
0.168703
0.171372
0.164370
0.160655
0.152474
0.144842
0.138337
0.161337
0.161433
0.175936
0.165471
0.159288
0.161692
0.166166
0.135561
0.164580
0.168801
0.148474
0.183426
0.157873
0.160484
0.167934
0.167280
0.157829
0.147280
0.156475
0.146403
0.162083
0.179585
0.262723
0.158692
0.160449
0.168066
0.176933
0.135227
0.184349
0.163902
0.182531
0.167842
0.161266
0.167331
0.169162
0.165860
0.164818
0.150007
0.162827
0.153159
0.148667
0.158783
0.149744
0.169194
0.186514
0.149400
0.160511
0.140485
0.142278
0.175981
0.149896
0.147158
0.152647
0.173722
0.186183
0.152788
0.175801
0.188218
0.167688
0.149011
0.192048
0.210189
0.205597
0.173800
0.159385
0.170140
0.191798
0.157045
0.176064
0.168997
0.184930
0.178348
0.156705
0.151131
0.154978
0.181580
0.199021
0.178184
0.211965
0.183812
0.153953
0.146056
0.136639
0.169574
0.160973
0.165095
0.148240
0.152437
0.137398
0.179281
0.173582
0.138003
0.149785
0.165281
0.441539
0.149582
0.229364
0.145466
0.134383
0.173215
0.169128
0.147621
0.180868
0.174824
0.167329
0.175879
0.144905
0.194349
0.179898
0.185402
0.166617
0.159440
0.163172
0.140804
0.162063
0.152023
0.187337
0.153752
0.161470
0.154984
0.161193
0.163729
0.157128
0.211221
0.166985
0.160977
0.147699
0.168121
0.144028
0.178687
0.162206
0.160979
0.165705
0.136627
0.159662
0.175573
0.149535
0.179519
0.165774
0.149928
0.185120
0.156245
0.145251
0.183288
0.167874
0.175602
0.171813
0.138134
0.162904
0.241325
0.150208
0.148213
0.171992
0.162941
0.171408
0.148672
0.187017
0.194003
0.182011
0.146800
0.148399
0.144875
0.168177
0.156831
0.181024
0.174651
0.171986
0.162775
0.151156
0.174239
0.150848
0.163627
0.174643
0.143760
0.185768
0.172302
0.164420
0.143676
0.176374
0.154089
0.175320
0.167371
0.156467
0.154694
0.177727
0.162263
0.157971
0.158949
0.165917
0.168257
0.159832
0.147405
0.165818
0.133895
0.144746
0.154582
0.156026
0.144443
0.151695
0.154516
0.151729
0.191491
0.164646
0.161989
0.166017
0.156891
0.170336
0.157706
0.159840
0.171166
0.157898
0.151905
0.159957
0.149690
0.163482
0.154157
0.181614
0.154995
0.162864
0.170482
0.148230
0.137672
0.171218
0.151415
0.172695
0.134356
0.185930
0.198124
0.166070
0.169583
0.183776
0.173362
0.163977
0.162908
0.211535
0.148782
0.169370
0.166613
0.195853
0.146712
0.162669
0.133645
0.155136
0.146752
0.177290
0.154789
0.151479
0.150694
0.145713
0.157119
0.166202
0.155056
0.159548
0.160203
0.166090
0.159554
0.169202
0.163348
0.185334
0.145069
0.161174
0.185212
0.160914
0.171842
0.162213
0.150628
0.169327
0.178420
0.144549
0.170154
0.153175
0.194694
0.160909
0.160092
0.147819
0.139666
0.139349
0.148468
0.189011
0.128478
0.163374
0.178699
0.156140
0.158242
0.154719
0.163242
0.161092
0.162843
0.169024
0.173041
0.159771
0.135401
0.176827
0.161445
0.149761
0.164670
0.153869
0.177455
0.149921
0.193068
0.140122
0.153295
0.185510
0.151947
0.169534
0.156721
0.179343
0.144962
0.151039
0.159354
0.148167
0.148828
0.150633
0.185587
0.211367
0.152974
0.162640
0.150487
0.153430
0.174238
0.163901
0.140853
0.160094
0.166503
0.147443
0.150551
0.156972
0.154155
0.156849
0.136823
0.169343
0.167133
0.174918
0.169423
0.157029
0.161662
0.137488
0.155108
0.139430
0.165496
0.169263
0.175212
0.148116
0.163164
0.157754
0.160676
0.184733
0.154236
0.134645
0.133502
0.141667
0.133822
0.158513
0.174473
0.148023
0.162463
0.177914
0.164993
0.161930
0.171581
0.150658
0.157570
0.147645
0.146384
0.164040
0.134612
0.148805
0.147499
0.158037
0.145908
0.150829
0.136899
0.154167
0.163840
0.157977
0.162261
0.143915
0.169201
0.179936
0.145661
0.148865
0.145752
0.160387
0.146261
0.143942
0.147763
0.170798
0.152348
0.162382
0.151196
0.136868
0.178740
0.186113
0.175654
0.179254
0.172943
0.175556
0.157347
0.160951
0.156002
0.186482
0.169624
0.144364
0.170911
0.146394
0.146763
0.155263
0.155796
0.162457
0.155457
0.140652
0.168623
0.158457
0.162302
0.164370
0.164312
0.166775
0.141455
0.150725
0.176275
0.172517
0.177370
0.163337
0.170235
0.162915
0.162756
0.159462
0.160199
0.148372
0.152790
0.159752
0.151758
0.146272
0.150732
0.164094
0.147944
0.160592
0.160777
0.161370
0.146220
0.176158
0.176062
0.141843
0.182968
0.164535
0.160014
0.148260
0.157427
0.161884
0.145448
0.152928
0.173042
0.179928
0.164813
0.161939
0.175491
0.151684
0.133702
0.151687
0.154785
0.152662
0.158141
0.154119
0.154225
0.147109
0.157956
0.154832
0.164546
0.146827
0.145422
0.158978
0.148890
0.161654
0.165713
0.144955
0.144118
0.161387
0.155066
0.159288
0.139573
0.160152
0.142546
0.151315
0.162035
0.151990
0.161844
0.152070
0.151647
0.149412
0.163736
0.147485
0.155421
0.167096
0.153031
0.171308
0.161816
0.143843
0.169224
0.158048
0.163004
0.146089
0.158004
0.164894
0.157848
0.159581
0.165435
0.161935
0.152841
0.161436
0.149863
0.174809
0.155335
0.156073
0.169446
0.152023
0.139214
0.149443
0.133512
0.144909
0.151791
0.138511
0.152382
0.170991
0.156891
0.187991
0.164257
0.163479
0.171416
0.169146
0.176850
0.168640
0.139470
0.183249
0.159489
0.174993
0.167603
0.154010
0.153295
0.170602
0.136621
0.151301
0.159094
0.172229
0.176410
0.171115
0.134632
0.161191
0.143317
0.168947
0.186211
0.171019
0.152203
0.140619
0.140556
0.148647
0.159906
0.142932
0.171026
0.153047
0.219036
0.198544
0.161747
0.166561
0.159922
0.151129
0.166172
0.165810
0.138111
0.174590
0.157169
0.173117
0.157505
0.144616
0.147189
0.161446
0.163097
0.173301
0.148428
0.144284
0.158799
0.173238
0.164551
0.199757
0.160328
0.158244
0.138245
0.154169
0.160809
0.156099
0.148266
0.161065
0.183328
0.137432
0.164889
0.146344
0.162070
0.164401
0.159437
0.171941
0.175239
0.139576
0.167412
0.158794
0.153889
0.174714
0.165755
0.165654
0.182349
0.153837
0.164046
0.166299
0.138309
0.149479
0.156498
0.156077
0.172913
0.168328
0.148691
0.161190
0.148822
0.164119
0.168392
0.172195
0.148341
0.191623
0.157931
0.159252
0.136917
0.169655
0.134769
0.146498
0.146834
0.167513
0.148013
0.144876
0.138317
0.161339
0.156628
0.171973
0.148158
0.151558
0.192463
0.159714
0.176012
0.152097
0.151444
0.147821
0.139985
0.152492
0.180292
0.155362
0.179087
0.149511
0.140281
0.159467
0.160264
0.167406
0.176953
0.150922
0.148406
0.137130
0.163147
0.157729
0.160520
0.169802
0.143412
0.155142
0.147153
0.168080
0.161585
0.176085
0.159479
0.151986
0.153705
0.152975
0.174675
0.156922
0.155198
0.149532
0.158454
0.159531
0.167940
0.140594
0.177445
0.141153
0.167103
0.171358
0.181843
0.147535
0.149512
0.149636
0.158065
0.183798
0.187344
0.143466
0.149820
0.134172
0.154869
0.175596
0.213440
0.162960
0.146462
0.159278
0.160931
0.181027
0.156874
0.144931
0.159168
0.157809
0.193273
0.144431
0.159359
0.137976
0.136484
0.156162
0.146849
0.152683
0.157157
0.155452
0.176072
0.213672
0.176671
0.166237
0.147117
0.189036
0.155441
0.181883
0.155002
0.160326
0.139538
0.170664
0.154050
0.153883
0.156471
0.169736
0.177374
0.149293
0.167930
0.170446
0.160746
0.168658
0.164071
0.143599
0.199946
0.132936
0.176869
0.163597
0.156164
0.163580
0.161224
0.158965
0.153926
0.160554
0.157213
0.161331
0.147238
0.153023
0.145993
0.169986
0.157148
0.146833
0.164545
0.147850
0.153015
0.157258
0.165292
0.154546
0.170575
0.151662
0.150891
0.141354
0.166354
0.148873
0.152026
0.148658
0.154219
0.149760
0.168260
0.144056
0.133367
0.161547
0.145021
0.144906
0.159550
0.142098
0.161488
0.159093
0.174437
0.157758
0.155578
0.161984
0.171952
0.136329
0.159020
0.154989
0.167841
0.151260
0.179948
0.144016
0.159729
0.161095
0.158335
0.157265
0.161462
0.225020
0.196237
0.159085
0.152914
0.146871
0.175988
0.161017
0.150590
0.158702
0.160738
0.149171
0.178312
0.156176
0.160570
0.175260
0.161620
0.199887
0.149103
0.155797
0.166782
0.139660
0.139046
0.145546
0.159691
0.179592
0.141208
0.171854
0.198001
0.146101
0.138979
0.176975
0.174100
0.146474
0.171478
0.157318
0.175575
0.146125
0.178233
0.151281
0.149512
0.133508
0.161739
0.151716
0.151487
0.161973
0.181706
0.142790
0.195724
0.155917
0.170640
0.160867
0.163617
0.171521
0.163165
0.162087
0.143661
0.166795
0.141846
0.174352
0.147789
0.146647
0.160245
0.154203
0.163705
0.195205
0.148963
0.147566
0.140809
0.264767
0.157766
0.162055
0.170939
0.183335
0.158569
0.162763
0.168808
0.184035
0.159772
0.158134
0.169823
0.148730
0.166517
0.147917
0.193998
0.152903
0.164505
0.150034
0.181137
0.142096
0.164372
0.165114
0.168700
