0.056924
0.077773
0.087176
0.081097
0.079720
0.077781
0.090200
0.085322
0.089267
0.072842
0.081457
0.081102
0.084275
0.079025
0.092674
0.077781
0.088662
0.081609
0.083809
0.081650
0.082486
0.075316
0.077009
0.092772
0.084296
0.081830
0.077930
0.075165
0.088025
0.075156
0.086598
0.059866
0.077212
0.090529
0.059299
0.088369
0.072007
0.074718
0.074434
0.082519
0.069259
0.072960
0.069207
0.076603
0.074451
0.077820
0.087019
0.074993
0.071125
0.075376
0.067511
0.081358
0.079537
0.075797
0.084613
0.076885
0.083287
0.088109
0.082564
0.085578
0.080582
0.073417
0.088073
0.080927
0.068877
0.079525
0.081949
0.089345
0.076164
0.070777
0.088169
0.091096
0.089427
0.080772
0.082750
0.076587
0.075067
0.077186
0.080680
0.077612
0.069505
0.065896
0.089067
0.072297
0.076621
0.098460
0.080146
0.088854
0.082457
0.076519
0.074117
0.076995
0.087940
0.087566
0.076031
0.076575
0.082807
0.079719
0.072255
0.054889
0.077497
0.090122
0.086089
0.074114
0.082427
0.078270
0.081216
0.078621
0.070940
0.075529
0.069439
0.084153
0.075805
0.075417
0.083051
0.073393
0.067033
0.073315
0.082400
0.082720
0.072693
0.083228
0.080042
0.074119
0.078630
0.085356
0.097249
0.097951
0.090427
0.093294
0.111358
0.195697
0.179666
0.151490
0.158351
0.168843
0.150629
0.162005
0.162699
0.124751
0.166496
0.185653
0.154550
0.174532
0.176847
0.155542
0.123286
0.146958
0.090573
0.077708
0.099292
0.076208
0.084331
0.082541
0.085018
0.070058
0.086318
0.067677
0.083655
0.086276
0.089045
0.083346
0.080169
0.087444
0.077754
0.077601
0.076990
0.079436
0.081430
0.073424
0.073070
0.074853
0.079529
0.076562
0.079139
0.074813
0.072773
0.082825
0.080241
0.076444
0.095611
0.075655
0.076306
0.080694
0.075459
0.086717
0.078944
0.083382
0.080220
0.085249
0.081335
0.078390
0.082689
0.094796
0.076919
0.075036
0.082465
0.086370
0.077613
0.078352
0.080300
0.082559
0.083772
0.082188
0.072806
0.081083
0.085924
0.078639
0.087221
0.075851
0.081423
0.072210
0.072351
0.066514
0.072472
0.089006
0.073943
0.077873
0.082498
0.075265
0.095027
0.081484
0.078883
0.080337
0.090196
0.083392
0.081955
0.076007
0.073707
0.077888
0.087743
0.079617
0.089299
0.078291
0.094224
0.081339
0.073312
0.089534
0.068335
0.089810
0.070756
0.079333
0.074943
0.074527
0.082745
0.074712
0.079476
0.080396
0.081271
0.079149
0.083299
0.080873
0.073972
0.079246
0.073127
0.075189
0.074452
0.072651
0.071748
0.086695
0.080337
0.084250
0.090741
0.087634
0.076102
0.067176
0.078533
0.073485
0.079880
0.073781
0.075994
0.070542
0.081101
0.079838
0.085308
0.088064
0.087225
0.074286
0.087108
0.068823
0.091880
0.079094
0.087730
0.080045
0.092352
0.074551
0.085553
0.079699
0.079030
0.081398
0.084843
0.079305
0.079426
0.087141
0.078521
0.083497
0.074598
0.082896
0.072793
0.088897
0.068789
0.068905
0.086228
0.069374
0.083758
0.075104
0.077695
0.081741
0.079862
0.075162
0.086181
0.078906
0.086197
0.082605
0.076128
0.079537
0.073464
0.091389
0.082221
0.082323
0.077748
0.074620
0.087248
0.078756
0.077349
0.075206
0.082088
0.065351
0.083459
0.080065
0.101148
0.079194
0.079945
0.085301
0.078924
0.073108
0.080877
0.100852
0.075796
0.072962
0.075640
0.070373
0.068138
0.075737
0.088093
0.080340
0.080694
0.081049
0.077146
0.077522
0.079363
0.081064
0.097048
0.076769
0.095463
0.073945
0.078178
0.075560
0.070420
0.079287
0.078212
0.083582
0.084170
0.075287
0.245316
0.074364
0.073197
0.118358
0.149819
0.119246
0.100650
0.144727
0.099917
0.095204
0.150839
0.072487
0.081130
0.066604
0.076298
0.072688
0.075225
0.081331
0.077414
0.081436
0.089628
0.075562
0.075334
0.085187
0.078899
0.098487
0.081470
0.080834
0.082588
0.077027
0.087245
0.085014
0.067507
0.088276
0.087733
0.086051
0.083703
0.078488
0.083343
0.078108
0.078819
0.108383
0.079606
0.086403
0.086994
0.079282
0.086581
0.088173
0.081878
0.079590
0.075960
0.088000
0.071737
0.089015
0.083404
0.082385
0.073514
0.068676
0.073749
0.079900
0.075059
0.087641
0.081135
0.071991
0.079894
0.096776
0.078477
0.082061
0.076577
0.080190
0.086827
0.076858
0.088648
0.077222
0.073744
0.081352
0.079103
0.077762
0.080008
0.079423
0.085102
0.071367
0.078309
0.077823
0.070741
0.078763
0.079281
0.085062
0.068374
0.076482
0.075113
0.088767
0.080958
0.080293
0.085589
0.076404
0.090483
0.078080
0.077485
0.070918
0.078658
0.083620
0.080027
0.088565
0.080718
0.076467
0.080646
0.080545
0.075751
0.071511
0.079479
0.121171
0.073608
0.080324
0.080103
0.082681
0.084726
0.099298
0.080451
0.076768
0.087074
0.088706
0.070603
0.084225
0.078138
0.079896
0.079237
0.082453
0.087169
0.070194
0.115637
0.066112
0.078869
0.087908
0.086007
0.076898
0.079874
0.085217
0.078076
0.091282
0.071880
0.071365
0.086790
0.079532
0.080386
0.095500
0.071834
0.067532
0.074039
0.082369
0.079751
0.089517
0.080638
0.078285
0.093197
0.075742
0.067835
0.087869
0.084734
0.072841
0.082442
0.078623
0.071733
0.066188
0.073592
0.074638
0.094547
0.084814
0.080537
0.074564
0.078114
0.068137
0.082772
0.067872
0.066882
0.076991
0.075571
0.095531
0.079441
0.081223
0.091521
0.079365
0.074993
0.087901
0.075671
0.080441
0.068645
0.066892
0.082714
0.073528
0.073390
0.078919
0.088607
0.081958
0.075003
0.079702
0.089580
0.084462
0.102248
0.085325
0.086548
0.088885
0.074585
0.079540
0.091409
0.081351
0.092321
0.086739
0.077768
0.088662
0.079514
0.095501
0.083705
0.086045
0.085529
0.091403
0.112911
0.077005
0.070499
0.077748
0.070355
0.080646
0.070103
0.076002
0.080385
0.086646
0.071196
0.072209
0.065955
0.085327
0.074409
0.086075
0.089276
0.072808
0.072716
0.083319
0.079117
0.073732
0.097027
0.078929
0.084743
0.071589
0.081400
0.080412
0.071725
0.078437
0.079778
0.079680
0.074711
0.082466
0.077409
0.078908
0.073579
0.082295
0.076210
0.084946
0.090464
0.082231
0.077982
0.085625
0.085324
0.074712
0.076163
0.090815
0.079266
0.081219
0.079563
0.081630
0.082289
0.077172
0.080858
0.080252
0.077871
0.089677
0.088776
0.080099
0.084513
0.076219
0.078676
0.079315
0.085655
0.075528
0.078418
0.080638
0.079980
0.072315
0.079365
0.073413
0.079618
0.071607
0.092108
0.072779
0.082263
0.079709
0.077504
0.075770
0.075804
0.070783
0.085195
0.090806
0.076926
0.075731
0.079054
0.076704
0.069646
0.081680
0.070902
0.079058
0.084156
0.072754
0.082098
0.084272
0.080114
0.080876
0.072671
0.082352
0.079495
0.079670
0.077859
0.072857
0.079769
0.088556
0.082177
0.078629
0.067574
0.071538
0.068175
0.073252
0.079992
0.080710
0.079599
0.078687
0.066025
0.074082
0.079439
0.073858
0.068745
0.081134
0.073959
0.075539
0.091586
0.093958
0.074053
0.074267
0.077988
0.080248
0.088264
0.075305
0.074162
0.076724
0.072594
0.073363
0.076822
0.088367
0.084976
0.077240
0.069784
0.080514
0.083286
0.081637
0.086261
0.079283
0.080012
0.069532
0.093282
0.082424
0.073808
0.091307
0.078274
0.081528
0.082326
0.081407
0.084636
0.088027
0.090092
0.080843
0.076903
0.095327
0.084498
0.080378
0.070772
0.077978
0.080866
0.074753
0.074767
0.073850
0.078963
0.077048
0.073474
0.081106
0.080288
0.079501
0.073778
0.088642
0.090246
0.072154
0.084711
0.074634
0.080873
0.073089
0.073201
0.085352
0.081312
0.074238
0.076118
0.071155
0.080706
0.095449
0.073776
0.066052
0.081575
0.179909
0.078278
0.088817
0.090181
0.078300
0.080830
0.085047
0.089186
0.067013
0.076912
0.086930
0.078308
0.075442
0.084036
0.073690
0.112252
0.080695
0.079774
0.073879
0.086147
0.091041
0.074158
0.080473
0.089838
0.089932
0.079927
0.076421
0.066140
0.080958
0.074312
0.085754
0.090103
0.077948
0.073893
0.078001
0.082814
0.077079
0.081849
0.068268
0.080870
0.083592
0.088831
0.085965
0.082118
0.071761
0.068211
0.075421
0.080929
0.071654
0.079305
0.076787
0.084587
0.072567
0.078463
0.084901
0.072715
0.092748
0.080379
0.080637
0.080036
0.087956
0.088814
0.076492
0.068955
0.083519
0.075635
0.074279
0.079641
0.097948
0.080920
0.083617
0.089619
0.078464
0.074735
0.082168
0.079647
0.097012
0.078602
0.084431
0.074951
0.073900
0.086103
0.077174
0.084276
0.085026
0.087909
0.080452
0.101414
0.077909
0.082851
0.076108
0.075498
0.080502
0.070228
0.082538
0.077237
0.074878
0.096391
0.120852
0.078297
0.079787
0.082145
0.068613
0.082979
0.093282
0.081778
0.086542
0.080982
0.074811
0.083429
0.079557
0.088372
0.076696
0.072457
0.090605
0.076236
0.075337
0.082086
0.073590
0.079304
0.075869
0.087084
0.075653
0.079703
0.178711
0.078972
0.088566
0.081682
0.111219
0.094378
0.091159
0.071102
0.071029
0.071590
0.087186
0.078827
0.081659
0.084800
0.072849
0.079415
0.079286
0.086789
0.079301
0.076903
0.067748
0.074063
0.070321
0.074526
0.080751
0.074873
0.083721
0.082044
0.071278
0.200560
0.072986
0.073969
0.066508
0.089609
0.082277
0.083931
0.075644
0.083417
0.086456
0.082142
0.087153
0.079040
0.084298
0.079758
0.078575
0.087563
0.077821
0.073737
0.082217
0.097106
0.086801
0.079679
0.074574
0.145870
0.076943
0.083840
0.077232
0.082647
0.066049
0.091256
0.083287
0.090070
0.081065
0.076949
0.084306
0.073634
0.083933
0.112251
0.081497
0.069781
0.082892
0.102982
0.079088
0.077156
0.071182
0.072787
0.071350
0.092391
0.085584
0.074514
0.076067
0.080880
0.077377
0.086510
0.077400
0.090884
0.073155
0.078901
0.088984
0.079084
0.076015
0.087738
0.084546
0.078545
0.082690
0.085864
0.094425
0.090399
0.076944
0.090278
0.076798
0.083545
0.081203
0.081098
0.074681
0.079867
0.083466
0.080803
0.081923
0.086793
0.075576
0.084056
0.080081
0.082320
0.065886
0.090038
0.081459
0.078222
0.081360
0.080287
0.073943
0.070629
0.083511
0.065871
0.086484
0.079368
0.094797
0.077631
0.079997
0.072366
0.077614
0.085288
0.074327
0.065915
0.080511
0.073599
0.076182
0.086276
0.076335
0.087237
0.094300
0.081618
0.083089
0.074646
0.127769
0.068018
0.074128
0.072363
0.082955
0.090683
0.102844
0.089670
0.085014
0.069324
0.081107
0.083165
0.078026
0.078935
0.079920
0.079670
0.079843
0.073450
0.075938
0.073284
0.083393
0.089098
0.078833
0.073556
0.076735
0.078211
0.080136
0.073235
0.074387
0.161046
0.078722
0.080412
0.078770
0.081372
0.079395
0.087411
0.074134
0.087496
0.064671
0.081766
0.076203
0.088807
0.088934
0.086556
0.078730
0.083441
0.080311
0.080805
0.079705
0.073808
0.080253
0.067722
0.083316
0.082970
0.080178
0.071491
0.085843
0.067037
0.080467
0.082913
0.085313
0.086998
0.078378
0.069072
0.069566
0.086664
0.071883
0.082178
0.074792
0.074993
0.088417
0.080670
0.089271
0.069637
0.081126
0.072187
0.085844
0.071174
0.081973
0.079191
0.094538
0.071318
0.089989
0.079713
0.089535
0.081807
0.077183
0.074191
0.081447
0.068831
0.082147
0.079224
0.069820
0.091298
0.084572
0.078704
0.080879
0.086029
0.075735
0.075234
0.083290
0.079916
0.105598
0.077237
0.108097
0.102054
0.081154
0.073639
0.084743
0.076551
0.094871
0.083582
0.074400
0.102362
0.066812
0.073473
0.080184
0.071597
0.081184
0.078538
0.086783
0.073272
0.073352
0.078623
0.079693
0.076758
0.076485
0.105809
0.066525
0.073340
0.083682
0.070617
0.087697
0.080833
0.072641
0.067988
0.086989
0.089292
0.081419
0.083389
0.075588
0.088476
0.086057
0.079399
0.080940
0.079621
0.078111
0.074131
0.079516
0.081108
0.076600
0.088825
0.077778
0.086111
0.072186
0.108141
0.082319
0.073275
0.076575
0.084130
0.082477
0.072238
0.083852
0.081148
0.074034
0.073312
0.071677
0.068687
0.070224
0.080743
0.075969
0.083347
0.080784
0.079039
0.083673
0.082294
0.096545
0.070400
0.081176
0.086901
0.080137
0.086655
0.081448
0.072356
0.078062
0.083411
0.081705
0.074416
0.078957
0.080253
0.080590
0.074906
0.407063
0.084979
0.071807
0.078902
0.083455
0.073541
0.079990
0.075073
0.082624
0.098433
0.077418
0.089794
0.084535
0.075574
0.078438
0.073401
0.078289
0.069535
0.073242
0.076510
0.087632
0.081744
0.073987
0.085625
0.067885
0.078833
0.073179
0.066909
0.083782
0.079090
0.074027
0.082259
0.080545
0.080600
0.081965
0.077962
0.076084
0.082043
0.075308
0.073400
0.073654
0.074103
0.075671
0.084740
0.082708
0.081166
0.070289
0.091385
0.081696
0.079601
0.081555
0.083532
0.073880
0.077575
0.076650
0.074997
0.074186
0.077612
0.070599
0.078878
0.080281
0.077928
0.087205
0.075626
0.081854
0.076965
0.082796
0.079931
0.086219
0.078145
0.081227
0.083711
0.079593
0.085392
0.087501
0.081585
0.080746
0.071598
0.076605
0.079813
0.080820
0.078584
0.091407
0.082612
0.079919
0.089852
0.089059
0.096393
0.088133
0.075955
0.087391
0.079396
0.079811
0.085106
0.084819
0.071299
0.098086
0.076343
0.088361
0.081515
0.085940
0.079882
0.068096
0.072117
0.080223
0.068887
0.101823
0.088948
0.078959
0.085047
0.079499
0.075811
0.076143
0.078729
0.085919
0.087976
0.080510
0.088301
0.079203
0.072915
0.090034
0.070335
0.070691
0.076302
0.066220
0.075075
0.080720
0.081534
0.077453
0.082053
0.072410
0.087551
0.079496
0.085231
0.087341
0.080855
0.072987
0.080405
0.072780
0.072346
0.080334
0.076005
0.078421
0.073984
0.079218
0.095564
0.086192
0.074812
0.093745
0.087007
0.073643
0.080801
0.089837
0.082825
0.075775
0.078469
0.074986
0.077491
0.080366
0.078532
0.076296
0.075034
0.073861
0.081928
0.082833
0.074464
0.079360
0.080411
0.074128
0.088680
0.110660
0.085623
0.087556
0.081320
0.082300
0.078809
0.080145
0.081952
0.079831
0.089952
0.079741
0.093253
0.080687
0.081367
0.076794
0.074722
0.074725
0.074550
0.079609
0.080256
0.077113
0.081800
0.084739
0.084732
0.098821
0.085843
0.079663
0.084464
0.092099
0.079517
0.085753
0.078793
0.074398
0.081284
0.087095
0.089836
0.085518
0.083699
0.089558
0.078460
0.079665
0.082737
0.074993
0.088465
0.082480
0.101075
0.089613
0.067613
0.071131
0.087364
0.080037
0.080653
0.075534
0.085483
0.073899
0.072986
0.073208
0.083048
0.081161
0.073093
0.085080
0.074954
0.076869
0.068379
0.085766
0.078735
0.077555
0.083589
0.070438
0.075523
0.073736
0.074929
0.069794
0.081207
0.080193
0.081318
0.076748
0.073307
0.089286
0.082864
0.079644
0.088479
0.078276
0.069348
0.094852
0.079978
0.076914
0.092938
0.077726
0.079698
0.085881
0.092918
0.088779
0.080753
0.078938
0.091734
0.082496
0.068211
0.089143
0.073454
0.086695
0.081339
0.081772
0.085886
0.082367
0.067758
0.073874
0.068654
0.071366
0.076210
0.078736
0.073152
0.068102
0.085301
0.079412
0.081916
0.073569
0.077605
0.080850
0.084720
0.090948
0.094274
0.079531
0.075264
0.090102
0.082402
0.082233
0.083943
0.069719
0.075131
0.080144
0.093859
0.088276
0.080961
0.078767
0.080425
0.074402
0.086507
0.079457
0.081592
0.100396
0.083035
0.082604
0.079565
0.079731
0.085919
0.076950
0.080824
0.089225
0.095806
0.079673
0.076414
0.083572
0.078143
0.074176
0.081905
0.100335
0.080455
0.073766
0.078507
0.094780
0.077298
0.083223
0.081288
0.069365
0.078348
0.074695
0.069096
0.072484
0.080398
0.084790
0.099120
0.075566
0.078534
0.080017
0.084293
0.083713
0.079126
0.088742
0.095591
0.076926
0.068547
0.083863
0.087694
0.084175
0.082674
0.075923
0.075496
0.083507
0.078589
0.051496
0.095363
0.082624
0.084060
0.087692
0.081366
0.077312
0.075985
0.084376
0.065916
0.084324
0.079110
0.080995
0.080265
0.083664
0.082217
0.095057
0.087289
0.086567
0.088954
0.090191
0.085111
0.080091
0.081232
0.074145
0.086071
0.074056
0.082135
0.094405
0.080187
0.079317
0.091210
0.075572
0.080766
0.087329
0.084775
0.078687
0.077187
0.082733
0.079396
0.079739
0.080422
0.093947
0.080344
0.079455
0.075669
0.069804
0.088387
0.087095
0.079139
0.088927
0.088558
0.073778
0.086282
0.101178
0.084663
0.083810
0.074941
0.082915
0.079327
0.085165
0.078505
0.080564
0.079593
0.074003
0.072329
0.078409
0.077546
0.084461
0.080612
0.074810
0.072602
0.079585
0.078561
0.085141
0.115369
0.083155
0.088351
0.081657
0.078988
0.084362
0.074764
0.073043
0.075705
0.075090
0.075084
0.078252
0.076409
0.082706
0.085068
0.090486
0.086498
0.083575
0.081256
0.084777
0.073047
0.093005
0.076722
0.076225
0.081508
0.083795
0.081180
0.079871
0.072575
0.074069
0.076067
0.088375
0.071894
0.068595
0.079895
0.077340
0.088580
0.081337
0.083608
0.075590
0.068610
0.079338
0.074547
0.080123
0.070418
0.077631
0.081448
0.080297
0.066652
0.078913
0.077038
0.145485
0.080587
0.082899
0.085984
0.089402
0.081391
0.074203
0.080942
0.086675
0.073786
0.073938
0.078865
0.082642
0.074830
0.076843
0.067158
0.081234
0.081021
0.084953
0.085772
0.072143
0.080679
0.077759
0.081505
0.078578
0.086857
0.086027
0.076536
0.078989
0.072788
0.073984
0.077975
0.070499
0.080646
0.083136
0.080514
0.073375
0.077895
0.080861
0.076936
0.081881
0.075029
0.073615
0.088664
0.072580
0.080741
0.075635
0.085807
0.070463
0.081354
0.068989
0.072889
0.074864
0.076453
0.074228
0.078883
0.079800
0.076634
0.078337
0.069199
0.079045
0.071665
0.079138
0.072788
0.079194
0.079614
0.075479
0.077294
0.080787
0.086836
0.078381
0.081289
0.089312
0.074674
0.079006
0.084936
0.080088
0.081512
0.070256
0.073381
0.074297
0.091495
0.075608
0.080112
0.071930
0.076929
0.074205
0.082327
0.076309
0.073479
0.077767
0.077992
0.115715
0.068929
0.074485
0.085387
0.075087
0.085207
0.067736
0.066882
0.074290
0.078995
0.070321
0.084626
0.074506
0.075022
0.080072
0.074396
0.075237
0.085536
0.075078
0.071801
0.078651
0.080032
0.074010
0.073651
0.079631
0.077712
0.081968
0.076015
0.071884
0.086830
0.082535
0.067872
0.073241
0.076021
0.081527
0.079888
0.081565
0.081779
0.074310
0.098798
0.079398
0.074720
0.086468
0.072278
0.071044
0.074889
0.066361
0.073538
0.080307
0.092360
0.078777
0.070488
0.086484
0.077984
0.080105
0.095426
0.089576
0.069557
0.096481
0.085442
0.078795
0.097850
0.086736
0.078665
0.074985
0.076137
0.076577
0.068080
0.077307
0.088905
0.085103
0.087088
0.080486
0.080441
0.075650
0.082202
0.085264
0.082514
0.084168
0.075071
0.079710
0.072524
0.085304
0.084768
0.076389
0.093215
0.071919
0.077040
0.071697
0.069845
0.085270
0.089359
0.092988
0.076319
0.090127
0.079499
0.075978
0.073161
0.087798
0.079120
0.091983
0.084236
0.075041
0.078093
0.086230
0.078147
0.083230
0.069166
0.087300
0.073376
0.081908
0.081271
0.097408
0.085216
0.095653
0.078093
0.079618
0.124127
0.075333
0.074463
0.074874
0.075151
0.081897
0.088804
0.074569
0.075609
0.075047
0.080480
0.072685
0.076040
0.075646
0.071732
0.080040
0.084278
0.076609
0.084507
0.081825
0.077166
0.082195
0.079208
0.104095
0.076386
0.068443
0.093310
0.079951
0.081197
0.078658
0.080339
0.076009
0.079506
0.083251
0.073355
0.079217
0.080690
0.067722
0.072206
0.078472
0.085481
0.214282
0.084259
0.075911
0.075753
0.072123
0.076398
0.074065
0.081687
0.078149
0.078373
0.076688
0.079841
0.068993
0.074778
0.079765
0.078556
0.072220
0.078175
0.085261
0.090156
0.076594
0.086762
0.092018
0.082493
0.087410
0.076514
0.082777
0.068812
0.080554
0.070258
0.078160
0.088402
0.086603
0.074005
0.080415
0.073205
0.078719
0.092080
0.089173
0.082364
0.076884
0.080897
0.070578
0.085392
0.081893
0.079919
0.081533
0.074183
0.083825
0.072381
0.084613
0.091380
0.076035
0.084219
0.086445
0.096452
0.092012
0.087443
0.083086
0.075429
0.073678
0.082928
0.079488
0.075702
0.068021
0.074665
0.082975
0.076912
0.066615
0.077296
0.078282
0.097184
0.083931
0.106864
0.074495
0.081055
0.083983
0.080037
0.074262
0.073980
0.083118
0.081042
0.073241
0.081705
0.074521
0.086856
0.073157
0.072378
0.081527
0.079526
0.079130
0.076888
0.111158
0.121692
0.079650
0.078618
0.073913
0.082686
0.081239
0.087291
0.069699
0.084362
0.074444
0.068212
0.073291
0.079115
0.087347
0.073916
0.083921
0.086118
0.075762
0.076327
0.083003
0.074185
0.080617
0.077778
0.102571
0.082776
0.073844
0.080519
0.093535
0.075342
0.076904
0.088519
0.074722
0.079913
0.086297
0.074695
0.095118
0.075649
0.075715
0.120839
0.068295
0.070451
0.105214
0.083003
0.087480
0.067786
0.074005
0.088820
0.077630
0.074684
0.088385
0.072692
0.092612
0.090062
0.079411
0.075147
0.075588
0.082545
0.082988
0.081875
0.085870
0.086350
0.072665
0.083674
0.082174
0.082352
0.077505
0.086921
0.113952
0.090128
0.083873
0.079180
0.070657
0.080975
0.075895
0.086906
0.084293
0.080387
0.070001
0.078964
0.106155
0.096031
0.070794
0.087551
0.099926
0.072898
0.081381
0.080180
0.081440
0.087992
0.083805
0.073734
0.085051
0.087745
0.075041
0.079698
0.073866
0.072526
0.079733
0.078070
0.098811
0.086438
0.078324
0.081551
0.079886
0.101068
0.079798
0.071052
0.084165
0.075258
0.078262
0.081528
0.073803
0.074015
0.077699
0.086407
0.089495
0.087195
0.084286
0.082922
0.072159
0.082158
0.078226
0.076689
0.068597
0.078074
0.072007
0.083227
0.080091
0.081298
0.067482
0.071810
0.074954
0.082228
0.082812
0.070925
0.123965
0.078515
0.081234
0.071007
0.087973
0.072146
0.076465
0.084139
0.085462
0.074369
0.074903
0.071302
0.099292
0.090848
0.074566
0.088201
0.082077
0.098830
0.083063
0.073776
0.082456
0.079445
0.083009
0.076945
0.067378
0.084980
0.077889
0.081072
0.074028
0.073012
0.072438
0.086539
0.081373
0.079791
0.073521
0.081801
0.073373
0.091567
0.079393
0.090039
0.076848
0.089344
0.078556
0.070928
0.085223
0.095881
0.085383
0.082070
0.081882
0.089037
0.072046
0.089586
0.074497
0.080492
0.084317
0.077268
0.085385
0.076449
0.070964
0.084225
0.086178
0.081087
0.081027
0.081762
0.081063
0.076691
0.076748
0.072522
0.079397
0.095874
0.081023
0.074300
0.085350
0.078695
0.078154
0.066248
0.068359
0.075671
0.081362
0.081403
0.076749
0.080945
0.080648
0.074884
0.074182
0.080362
0.086631
0.089226
0.075769
0.085323
0.078846
0.075501
0.087594
0.072398
0.091139
0.080697
0.071134
0.088535
0.080972
0.066854
0.073761
0.078740
0.076287
0.080621
0.077111
0.075281
0.084399
0.079401
0.072528
0.080149
0.089600
0.086918
0.075817
0.081775
0.087197
0.075912
0.089202
0.087748
0.073463
0.087930
0.086974
0.080607
0.078470
0.085971
0.083237
0.082056
0.086820
0.078808
0.095555
0.079638
0.084062
0.077863
0.085610
0.076769
0.088379
0.075016
0.100678
0.080079
0.086657
0.076277
0.087954
0.077124
0.083299
0.072267
0.092974
0.079967
0.071259
0.102578
0.070454
0.072013
0.079875
0.079273
0.074667
0.083821
0.087375
0.076586
0.076679
0.069452
0.077829
0.087683
0.080284
0.073211
0.082029
0.076447
0.070806
0.073726
0.067825
0.084957
0.075574
0.106223
0.081005
0.071848
0.078506
0.087799
0.088118
0.081305
0.081597
0.082001
0.085523
0.070873
0.080293
0.088252
0.073770
0.073622
0.074060
0.072153
0.090488
0.080465
0.090020
0.082034
0.086806
0.081302
0.080127
0.080226
0.079755
0.074150
0.081372
0.071009
0.072278
0.081528
0.086317
0.092975
0.074675
0.080192
0.070905
0.082198
0.080938
0.089869
0.085429
0.081689
0.072307
0.070591
0.067977
0.080053
0.077637
0.083462
0.079136
0.077807
0.075215
0.080795
0.077653
0.084491
0.079577
0.075686
0.103345
0.089497
0.069410
0.077962
0.075714
0.085597
0.075607
0.073278
0.079787
0.076696
0.100632
0.113094
0.090576
0.089796
0.080563
0.078878
0.070095
0.083907
0.085138
0.079063
0.088201
0.074791
0.075084
0.080454
0.076050
0.083383
0.074955
0.074527
0.081131
0.072780
0.079609
0.077449
0.085309
0.096203
0.074747
0.080825
0.075439
0.074535
0.079554
0.068443
0.083096
0.082198
0.084996
0.078879
0.073280
0.074315
0.086221
0.081556
0.076054
0.094233
0.078072
0.065082
0.082915
0.075461
0.083234
0.089956
0.083326
0.075503
0.081347
0.074866
0.094278
0.096184
0.069077
0.085713
0.083397
0.120413
0.092727
0.099715
0.089769
0.071711
0.077564
0.079897
0.087612
0.078049
0.069051
0.088053
0.072872
0.076615
0.081040
0.090238
0.083720
0.073154
0.087698
0.067804
0.074892
0.077566
0.077982
0.074195
0.080158
0.075847
0.076326
0.086132
0.081000
0.080849
0.087674
0.091368
0.095647
0.086879
0.083539
0.075527
0.088891
0.083457
0.072219
0.077748
0.074974
0.082826
0.079475
0.081478
0.099179
0.080541
0.083362
0.073214
0.093907
0.079223
0.079686
0.068987
0.078506
0.069642
0.090993
0.083526
0.079744
0.083955
0.070978
0.079439
0.075496
0.080246
0.081866
0.082094
0.070658
0.084836
0.088204
0.072486
0.079966
0.076206
0.083104
0.082710
0.067526
0.072930
0.075158
0.090194
0.076493
0.075780
0.079346
0.087572
0.077396
0.084687
0.109788
0.096849
0.072828
0.073159
0.080052
0.090773
0.071683
0.081015
0.088290
0.087113
0.083180
0.069999
0.088076
0.075672
0.092310
0.086910
0.069859
0.087631
0.090778
0.085853
0.075853
0.093821
0.072787
0.091435
0.077449
0.087833
0.083082
0.085479
0.081769
0.079559
0.070307
0.081109
0.077538
0.077624
0.075987
0.076937
0.073608
0.084973
0.094668
0.079967
0.074304
0.082116
0.080728
0.071959
0.087196
0.084941
0.088829
0.084238
0.108797
0.078546
0.077931
0.097245
0.080973
0.080661
0.077923
0.077674
0.072816
0.075849
0.076325
0.084491
0.079183
0.083114
0.075040
0.077681
0.067788
0.084567
0.073339
0.086259
0.074708
0.075856
0.080261
0.078763
0.089439
0.074651
0.075340
0.080684
0.081927
0.131633
0.070814
0.082767
0.083406
0.082584
0.072798
0.077809
0.073299
0.081593
0.072861
0.070875
0.075661
0.080700
0.080169
0.074197
0.076958
0.073613
0.085263
0.073605
0.082231
0.082134
0.075722
0.078649
0.081429
0.109800
0.078173
0.080728
0.087993
0.079388
0.073366
0.086570
0.072082
0.081620
0.082387
0.072433
0.080720
0.075532
0.078599
0.081001
0.080477
0.074333
0.076866
0.066390
0.077966
0.074224
0.064377
0.074998
0.083286
0.076072
0.080230
0.077964
0.088634
0.079154
0.075732
0.087576
0.090453
0.080525
0.074348
0.090539
0.085870
0.073327
0.079710
0.076111
0.086539
0.076153
0.071452
0.067793
0.079519
0.077735
0.073771
0.082842
0.069002
0.078046
0.073723
0.073995
0.079749
0.069997
0.078580
0.077745
0.084999
0.115317
0.082945
0.066473
0.083921
0.097038
0.065385
0.080816
0.074652
0.076511
0.072887
0.079042
0.085914
0.089952
0.080637
0.091450
0.071394
0.085633
0.078575
0.083605
0.092672
0.083823
0.083278
0.068966
0.075487
0.072943
0.081277
0.086491
0.083994
0.073448
0.077643
0.088882
0.078173
0.074126
0.079744
0.071476
0.077013
0.074390
0.072422
0.077626
0.085841
0.074464
0.077498
0.089877
0.090795
0.073813
0.079666
0.075845
0.073826
0.085505
0.077008
0.087187
0.069075
0.075985
0.074310
0.072553
0.074269
0.084333
0.071210
0.066581
0.080724
0.079932
0.084053
0.066254
0.070465
0.083086
0.073338
0.073372
0.071563
0.083523
0.073300
0.074012
0.073177
0.081304
0.080290
0.075108
0.083994
0.067803
0.086110
0.074189
0.073729
0.085638
0.088453
0.083864
0.083183
0.090107
0.073105
0.089346
0.087970
0.088471
0.076399
0.070645
0.074997
0.072463
0.072375
0.079227
0.080046
0.073764
0.085714
0.080693
0.076706
0.077078
0.084259
0.072426
0.078342
0.077740
0.080415
0.082436
0.087683
0.079922
0.088880
0.074394
0.089437
0.077395
0.074810
0.075468
0.074180
0.090085
0.068948
0.078571
0.069323
0.085486
0.077748
0.086291
0.081056
0.077220
0.069141
0.085371
0.078889
0.073434
0.081485
0.081602
0.085241
0.076496
0.073460
0.074157
0.069209
0.078226
0.078866
0.087219
0.081528
0.077205
0.082815
0.075526
0.072311
0.079751
0.083311
0.084704
0.080406
0.072776
0.073818
0.074338
0.084740
0.074914
0.087904
0.074354
0.072467
0.074271
0.079457
0.084506
0.082748
0.075454
0.071670
0.078532
0.080790
0.081037
0.070204
0.081946
0.075502
0.073192
0.078998
0.080637
0.088090
0.076136
0.073835
0.076017
0.079347
0.072150
0.073415
0.080720
0.087898
0.083926
0.073122
0.076828
0.086352
0.074322
0.084936
0.077669
0.077340
0.081622
0.085192
0.077335
0.073125
0.080412
0.080370
0.077051
0.070504
0.087150
0.075968
0.073550
0.078482
0.085998
0.067623
0.071773
0.069918
0.074760
0.077394
0.075476
0.079765
0.077928
0.079731
0.087840
0.080569
0.081536
0.085344
0.086011
0.086344
0.083434
0.074798
0.084230
0.080219
0.087172
0.081394
0.072919
0.082527
0.084162
0.069524
0.073068
0.078126
0.089914
0.085164
0.075237
0.079700
0.087059
0.075165
0.086078
0.095188
0.085700
0.078339
0.072626
0.066192
0.078233
0.088181
0.072389
0.081455
0.070469
0.088160
0.076001
0.081454
0.095400
0.073683
0.072874
0.074766
0.083826
0.074870
0.090956
0.075869
0.085798
0.073963
0.073643
0.077422
0.089431
0.078969
0.086533
0.090177
0.073971
0.075407
0.079508
0.079976
0.083269
0.075268
0.080428
0.076235
0.079311
0.082118
0.080297
0.080197
0.080715
0.086206
0.072988
0.085214
0.069478
0.080155
0.086877
0.078374
0.093950
0.081077
0.071126
0.083232
0.074214
0.085886
0.079544
0.081274
0.083175
0.088257
0.080748
0.072717
0.084686
0.072773
0.076702
0.072803
0.080913
0.089623
0.095118
0.071529
0.082100
0.072993
0.072559
0.076568
0.087417
0.080334
0.085673
0.084838
0.079904
0.067783
0.096596
0.072398
0.071290
0.071897
0.090981
0.076466
0.080549
0.069862
0.082079
0.082451
0.086320
0.074674
0.085194
0.097620
0.079369
0.086902
0.080910
0.082858
0.068113
0.075290
0.079580
0.088378
0.073903
0.083879
0.079936
0.075290
0.088309
0.074952
0.088303
0.090332
0.072780
0.080648
0.073278
0.089099
0.084811
0.085919
0.078866
0.073125
0.075971
0.078981
0.082995
0.085021
0.076033
0.081920
0.070133
0.068937
0.080007
0.091340
0.083851
0.075642
0.076275
0.077660
0.086049
0.078103
0.079226
0.069320
0.070329
0.077514
0.085615
0.077579
0.067032
0.070374
0.075493
0.074764
0.086749
0.080542
0.079722
0.073288
0.076722
0.083248
0.099046
0.073333
0.097627
0.079942
0.089341
0.087797
0.081731
0.079553
0.073699
0.078272
0.081583
0.078584
0.074945
0.080629
0.066465
0.069294
0.083080
0.073103
0.071012
0.092256
0.080080
0.081616
0.090111
0.079592
0.087481
0.073387
0.084629
0.083283
0.087332
0.080398
0.080165
0.070425
0.078025
0.079644
0.073399
0.080917
0.078132
0.085155
0.083352
0.087478
0.083375
0.085848
0.089802
0.079756
0.078226
0.089662
0.073864
0.088367
0.077751
0.079966
0.083248
0.074238
0.075597
0.085922
0.073067
0.078395
0.082087
0.076474
0.078700
0.073364
0.085193
0.077385
0.090712
0.080430
0.072036
0.087228
0.074880
0.081647
0.076455
0.087171
0.089781
0.072310
0.074914
0.073465
0.074246
0.078844
0.071389
0.073949
0.074761
0.081782
0.074853
0.064946
0.082387
0.073586
0.066666
0.079201
0.071578
0.071544
0.079994
0.081905
0.082511
0.073371
0.094055
0.076028
0.076553
0.075819
0.088413
0.077422
0.073261
0.088672
0.072998
0.100777
0.075011
0.079530
0.077966
0.085838
0.091675
0.074087
0.078782
0.081088
0.074409
0.077014
0.087991
0.077517
0.093094
0.077069
0.077400
0.088805
0.086176
0.083274
0.080921
0.077549
0.085756
0.093398
0.073253
0.081006
0.070774
0.074344
0.072476
0.080235
0.090317
0.068942
0.085769
0.082542
0.082795
0.074725
0.095922
0.084630
0.081342
0.080669
0.080981
0.090273
0.077311
0.088775
0.082516
0.074010
0.074874
0.086493
0.077507
0.081599
0.078527
0.087707
0.068838
0.083175
0.078530
0.082516
0.080558
0.082000
0.080094
0.081826
0.079720
0.066074
0.084162
0.069069
0.088298
0.076376
0.071391
0.079875
0.074152
0.082278
0.077633
0.080300
0.095412
0.076748
0.080254
0.080442
0.084118
0.078520
0.081243
0.077067
0.079496
0.088508
0.079455
0.080654
0.079329
0.081269
0.074298
0.088099
0.075525
0.089129
0.077957
0.077995
0.080922
0.083335
0.070671
0.076472
0.079727
0.081562
