0.072956
0.076487
0.083105
0.087449
0.075484
0.086763
0.084709
0.087825
0.075171
0.070872
0.083008
0.081764
0.085560
0.089524
0.088565
0.081321
0.083894
0.083101
0.077417
0.076149
0.082374
0.076484
0.067911
0.073253
0.079523
0.082529
0.078837
0.066853
0.080176
0.079691
0.072583
0.075949
0.079311
0.089443
0.089708
0.091852
0.068984
0.075979
0.078113
0.086601
0.068174
0.073707
0.076054
0.083976
0.080966
0.075305
0.082628
0.081597
0.073978
0.073800
0.080679
0.078807
0.075952
0.076915
0.083823
0.073890
0.075594
0.078734
0.087302
0.080593
0.078241
0.082437
0.083742
0.079319
0.073840
0.081928
0.099200
0.080293
0.074185
0.085501
0.079863
0.094670
0.080389
0.081029
0.080133
0.077964
0.072456
0.079221
0.078979
0.072140
0.063792
0.067184
0.085542
0.073736
0.078505
0.081538
0.076291
0.080499
0.081573
0.077951
0.070510
0.069011
0.087930
0.082619
0.075043
0.078544
0.079551
0.080186
0.071088
0.079477
0.077318
0.100257
0.086049
0.077873
0.087912
0.079325
0.084047
0.079843
0.073506
0.081670
0.074159
0.078254
0.075509
0.074397
0.081643
0.078026
0.074969
0.066358
0.076751
0.085794
0.075959
0.079498
0.076133
0.074421
0.076679
0.105315
0.096455
0.082413
0.102316
0.103768
0.124532
0.154768
0.155785
0.152384
0.168152
0.187634
0.155814
0.144418
0.157228
0.148339
0.131412
0.146524
0.148101
0.164875
0.201834
0.116062
0.112481
0.101976
0.089470
0.081279
0.087516
0.078492
0.090315
0.082063
0.080948
0.067927
0.080953
0.077040
0.077797
0.083905
0.082427
0.078775
0.079338
0.082983
0.087152
0.088033
0.081776
0.074916
0.087256
0.073632
0.069450
0.074054
0.078464
0.079237
0.074316
0.077436
0.073101
0.081370
0.073502
0.074176
0.087878
0.065812
0.071097
0.090247
0.075730
0.084032
0.081376
0.078587
0.074609
0.081216
0.074224
0.075181
0.075115
0.090914
0.084441
0.082514
0.074328
0.081169
0.081786
0.074953
0.073926
0.080142
0.087526
0.080404
0.073992
0.084680
0.081117
0.083018
0.088198
0.076257
0.080083
0.072481
0.085191
0.074738
0.069323
0.081675
0.073347
0.073963
0.082065
0.078534
0.082709
0.077099
0.076464
0.088709
0.090008
0.083870
0.081684
0.088878
0.080284
0.083589
0.079866
0.073982
0.089601
0.079545
0.080527
0.072365
0.082317
0.088044
0.074881
0.090030
0.072565
0.076483
0.079089
0.075145
0.081386
0.077426
0.072851
0.073866
0.083217
0.077245
0.083766
0.082258
0.086198
0.082078
0.068353
0.074360
0.082519
0.080194
0.075431
0.083369
0.080890
0.084422
0.081675
0.097032
0.078267
0.072841
0.074096
0.080255
0.085895
0.079402
0.078584
0.069805
0.088841
0.069642
0.088528
0.087476
0.078297
0.078381
0.087063
0.075773
0.074380
0.081988
0.090387
0.078178
0.086525
0.067963
0.084406
0.080939
0.084397
0.084316
0.070418
0.075375
0.081411
0.076636
0.079093
0.082961
0.081116
0.081843
0.072585
0.087364
0.073429
0.075909
0.089837
0.087468
0.081244
0.078298
0.080394
0.087840
0.074844
0.082794
0.085522
0.081871
0.084451
0.076958
0.079521
0.075295
0.075130
0.081783
0.082681
0.077609
0.073799
0.074151
0.093149
0.079177
0.070545
0.072944
0.085996
0.069709
0.079445
0.085385
0.083108
0.080582
0.081501
0.086391
0.078309
0.076748
0.087449
0.115595
0.075667
0.074719
0.101072
0.073757
0.070477
0.075489
0.084737
0.082268
0.075480
0.074282
0.084122
0.079459
0.092687
0.084092
0.084568
0.088018
0.089829
0.079774
0.081428
0.072778
0.070887
0.089261
0.086357
0.083239
0.076921
0.080147
0.080402
0.068008
0.077534
0.107636
0.162807
0.094753
0.093545
0.093127
0.089598
0.080954
0.091424
0.066951
0.080998
0.067544
0.066883
0.072176
0.074650
0.081870
0.075831
0.075117
0.083233
0.075220
0.083014
0.081629
0.077956
0.088985
0.078630
0.079401
0.084832
0.078707
0.088370
0.096078
0.073566
0.081951
0.081042
0.084682
0.076769
0.075820
0.086383
0.078512
0.076001
0.076915
0.078970
0.077291
0.080920
0.077914
0.094175
0.081487
0.078780
0.079378
0.079947
0.082663
0.069528
0.080517
0.076132
0.088724
0.085272
0.074247
0.095601
0.088325
0.077949
0.086668
0.077324
0.069700
0.086674
0.088863
0.078281
0.086158
0.081088
0.080275
0.082916
0.080072
0.087338
0.080887
0.079303
0.094688
0.078088
0.093705
0.081202
0.081265
0.083179
0.073417
0.084338
0.082963
0.071691
0.079482
0.080761
0.087303
0.070422
0.075652
0.076802
0.082968
0.089826
0.078848
0.089909
0.100701
0.089863
0.080935
0.078401
0.071525
0.076986
0.087783
0.082069
0.087205
0.081367
0.080807
0.081389
0.099422
0.075426
0.085441
0.082011
0.080219
0.076635
0.075886
0.080294
0.089464
0.088872
0.079918
0.080651
0.073643
0.093080
0.079262
0.076763
0.079842
0.080775
0.074313
0.078235
0.079176
0.087392
0.078667
0.082516
0.076910
0.075613
0.083764
0.085515
0.079557
0.086795
0.080687
0.081285
0.085636
0.071757
0.068300
0.077728
0.075305
0.084767
0.087118
0.064948
0.068411
0.077298
0.081600
0.088533
0.079398
0.078529
0.078431
0.083313
0.072001
0.075037
0.087345
0.083008
0.083074
0.079824
0.090420
0.079672
0.071428
0.087311
0.077505
0.087374
0.083804
0.077452
0.084910
0.075101
0.077106
0.078034
0.067820
0.067249
0.073913
0.080819
0.085291
0.082765
0.081712
0.097255
0.091835
0.087933
0.082883
0.077201
0.089498
0.072898
0.067235
0.074381
0.078956
0.076104
0.074784
0.083375
0.075732
0.072888
0.098306
0.088029
0.081953
0.089023
0.081790
0.069487
0.083770
0.083419
0.074867
0.095410
0.075219
0.071709
0.090674
0.075228
0.081316
0.080047
0.086568
0.093127
0.079424
0.090778
0.089592
0.088739
0.069307
0.070335
0.082241
0.074032
0.083030
0.078684
0.069254
0.081590
0.082786
0.074348
0.080041
0.080017
0.082261
0.081473
0.087225
0.089140
0.086331
0.081751
0.080749
0.093727
0.079825
0.090442
0.078811
0.079730
0.075401
0.078408
0.072710
0.068980
0.088630
0.085088
0.091791
0.067726
0.083336
0.073465
0.080684
0.072578
0.081157
0.067101
0.082942
0.087573
0.079143
0.092913
0.080231
0.074285
0.076028
0.079318
0.080827
0.073743
0.080050
0.080337
0.079543
0.079553
0.083158
0.080166
0.077293
0.082827
0.089377
0.085373
0.088355
0.097447
0.073455
0.080314
0.072574
0.087357
0.072901
0.088163
0.091778
0.083170
0.086527
0.103859
0.076692
0.072056
0.066736
0.080236
0.080004
0.079231
0.082615
0.079043
0.074833
0.080552
0.065607
0.080008
0.085576
0.075199
0.073207
0.072658
0.075557
0.070988
0.078794
0.072635
0.089694
0.085294
0.069662
0.064757
0.079636
0.079110
0.084486
0.091106
0.071663
0.072564
0.075640
0.085868
0.078174
0.074010
0.079804
0.074087
0.079427
0.069698
0.071541
0.075464
0.067731
0.091444
0.085160
0.083722
0.086703
0.069805
0.085637
0.088904
0.079519
0.074195
0.073252
0.077808
0.078222
0.081619
0.083358
0.072383
0.080073
0.099382
0.083225
0.077917
0.076414
0.070629
0.080271
0.080668
0.066188
0.077358
0.085597
0.083834
0.079434
0.076283
0.095580
0.079833
0.090747
0.081786
0.081660
0.077208
0.070548
0.078851
0.078258
0.080904
0.106006
0.076181
0.102265
0.087421
0.078391
0.081213
0.086666
0.078826
0.084006
0.082655
0.089887
0.087967
0.074969
0.069760
0.071228
0.075330
0.072747
0.082144
0.075448
0.069563
0.080778
0.081837
0.077859
0.084192
0.076873
0.067505
0.086512
0.083779
0.080091
0.081053
0.079765
0.084005
0.079792
0.092407
0.080634
0.072761
0.072617
0.093495
0.082297
0.074966
0.084682
0.075126
0.079282
0.074608
0.084641
0.073982
0.089029
0.079786
0.073509
0.081116
0.069761
0.079990
0.072352
0.074444
0.084595
0.078814
0.066735
0.084680
0.083434
0.082472
0.079115
0.071152
0.077098
0.085852
0.082230
0.078028
0.076829
0.084285
0.093157
0.080309
0.079892
0.069582
0.075257
0.073245
0.079144
0.085924
0.084931
0.082332
0.074531
0.086225
0.088457
0.083577
0.067794
0.080132
0.082342
0.081401
0.084211
0.081673
0.071127
0.073296
0.080375
0.091339
0.078442
0.091353
0.099714
0.082641
0.077206
0.090649
0.082966
0.080423
0.082122
0.087151
0.086236
0.081653
0.083451
0.082231
0.087398
0.074232
0.082866
0.076886
0.070332
0.066215
0.081724
0.087628
0.080176
0.082072
0.083087
0.078920
0.081791
0.081328
0.096369
0.079482
0.085824
0.078111
0.081249
0.074256
0.077437
0.075419
0.077735
0.085664
0.080731
0.087985
0.075018
0.091090
0.074947
0.080550
0.077509
0.086395
0.080796
0.074226
0.071498
0.091877
0.086810
0.078057
0.073563
0.086768
0.064690
0.087239
0.088321
0.080187
0.090692
0.085429
0.073585
0.090131
0.080899
0.077238
0.084690
0.071236
0.072008
0.076038
0.088688
0.088344
0.073812
0.077196
0.068776
0.077599
0.078915
0.086016
0.082282
0.083980
0.081835
0.087331
0.072419
0.081586
0.083735
0.076307
0.070275
0.076211
0.077716
0.077366
0.076686
0.086826
0.074336
0.081390
0.077042
0.086822
0.081928
0.076953
0.074542
0.066567
0.086491
0.080477
0.069552
0.089614
0.079722
0.088950
0.079489
0.080881
0.075490
0.072492
0.070747
0.080875
0.082081
0.079968
0.081443
0.086703
0.080568
0.085111
0.082946
0.080260
0.079219
0.080577
0.085726
0.078771
0.073369
0.066271
0.081624
0.088220
0.082031
0.079971
0.072655
0.084070
0.086810
0.094764
0.080064
0.071563
0.075345
0.086961
0.086216
0.087273
0.088978
0.076710
0.081249
0.106536
0.086282
0.095629
0.087591
0.070369
0.088533
0.080721
0.081362
0.078199
0.077742
0.068335
0.071632
0.081032
0.083817
0.074400
0.072742
0.094511
0.075090
0.086813
0.080100
0.081738
0.098630
0.079884
0.091431
0.082819
0.074314
0.083953
0.077285
0.079852
0.081160
0.079916
0.108897
0.086525
0.076734
0.081607
0.076448
0.082148
0.079558
0.089989
0.067475
0.082493
0.083297
0.089337
0.087313
0.080793
0.073271
0.073683
0.083058
0.080229
0.068848
0.089422
0.086935
0.081771
0.085796
0.076961
0.081369
0.066482
0.091949
0.068200
0.088689
0.075884
0.075701
0.073183
0.077445
0.080915
0.081161
0.077456
0.077956
0.070528
0.079351
0.069849
0.080421
0.075182
0.081957
0.088166
0.078916
0.077562
0.081225
0.079774
0.110876
0.067417
0.081888
0.077185
0.086757
0.079872
0.095325
0.081113
0.088853
0.075691
0.097298
0.083684
0.085275
0.083664
0.074659
0.075947
0.074431
0.086138
0.078102
0.074302
0.094973
0.078566
0.076935
0.073533
0.065884
0.092210
0.074266
0.084151
0.074710
0.074954
0.084346
0.076089
0.073509
0.091400
0.088302
0.091145
0.074890
0.076661
0.067614
0.073937
0.074975
0.087777
0.080381
0.081808
0.077954
0.101583
0.085474
0.078770
0.082879
0.079599
0.079749
0.064983
0.085984
0.082110
0.088633
0.078903
0.080642
0.069527
0.083141
0.082806
0.080976
0.082897
0.082978
0.071933
0.072093
0.077678
0.087020
0.079942
0.082136
0.076397
0.086400
0.085933
0.090966
0.073409
0.085067
0.082112
0.081629
0.077186
0.092764
0.086311
0.084304
0.071611
0.074200
0.084656
0.075631
0.083720
0.076839
0.073417
0.082003
0.075226
0.082324
0.075990
0.071667
0.078709
0.077563
0.087586
0.090151
0.122496
0.076695
0.089639
0.079828
0.086357
0.117377
0.076871
0.078675
0.090076
0.135889
0.077231
0.086303
0.087816
0.085418
0.092120
0.069207
0.082719
0.067190
0.072163
0.079350
0.083602
0.105523
0.079659
0.087596
0.075242
0.074674
0.079501
0.078819
0.073560
0.082264
0.171328
0.078499
0.075149
0.096033
0.075445
0.077733
0.072467
0.072935
0.069064
0.073004
0.080590
0.092274
0.082049
0.076636
0.078974
0.086771
0.076485
0.090417
0.081157
0.078589
0.074429
0.089835
0.079135
0.076947
0.083465
0.072166
0.073333
0.079881
0.093045
0.089500
0.077586
0.083593
0.072889
0.087963
0.066894
0.088516
0.084910
0.074570
0.072503
0.082064
0.067189
0.065623
0.084929
0.093558
0.079389
0.083124
0.076214
0.078750
0.077113
0.090747
0.066433
0.081257
0.084163
0.074955
0.077740
0.078941
0.068721
0.072761
0.079932
0.078901
0.083527
0.077940
0.076594
0.083030
0.082012
0.583606
0.079553
0.074265
0.074696
0.080088
0.077653
0.081249
0.073261
0.074109
0.076557
0.081823
0.075942
0.078524
0.076929
0.072888
0.082763
0.077138
0.074185
0.078704
0.075410
0.088679
0.086536
0.079971
0.081424
0.074819
0.079450
0.080035
0.066812
0.090668
0.077600
0.072169
0.083847
0.073817
0.093116
0.089635
0.086167
0.074830
0.082148
0.071554
0.074849
0.077554
0.070872
0.077283
0.080848
0.081611
0.078989
0.088620
0.078197
0.086292
0.086810
0.080135
0.077171
0.068881
0.068135
0.080983
0.073267
0.073677
0.084252
0.075202
0.072907
0.076163
0.078350
0.079338
0.080637
0.086965
0.090048
0.081122
0.076156
0.097725
0.079751
0.072150
0.076349
0.080894
0.085218
0.101231
0.073566
0.079856
0.072116
0.078546
0.071072
0.094245
0.081228
0.088884
0.080686
0.090864
0.094438
0.093769
0.076932
0.080319
0.080653
0.074799
0.087312
0.079659
0.081000
0.080339
0.075129
0.083806
0.079664
0.086205
0.074732
0.083889
0.072290
0.070431
0.069949
0.080293
0.067613
0.087480
0.081515
0.079902
0.081014
0.079376
0.077650
0.085501
0.072783
0.080395
0.085249
0.081408
0.095887
0.075994
0.077990
0.078709
0.069516
0.076181
0.072742
0.080032
0.077300
0.074148
0.085841
0.084253
0.081992
0.073343
0.089828
0.076726
0.081779
0.075289
0.079183
0.074482
0.071865
0.074763
0.074489
0.078373
0.076387
0.081085
0.073634
0.080780
0.079923
0.081155
0.078304
0.093037
0.079616
0.073890
0.077819
0.087925
0.082498
0.082101
0.069615
0.068801
0.076398
0.074339
0.087640
0.085176
0.076267
0.077085
0.081367
0.086561
0.072365
0.079753
0.075815
0.081595
0.087503
0.115395
0.090466
0.086011
0.080141
0.076610
0.080397
0.090319
0.085888
0.083703
0.083083
0.084044
0.079686
0.074935
0.074995
0.078588
0.074772
0.080227
0.068494
0.074081
0.085719
0.078578
0.073092
0.084637
0.087098
0.090245
0.079382
0.080559
0.076894
0.081790
0.076513
0.088620
0.078121
0.080165
0.087715
0.080592
0.070000
0.090347
0.087010
0.087996
0.083077
0.079385
0.082802
0.069389
0.085916
0.085883
0.091349
0.078504
0.077903
0.073222
0.081813
0.079310
0.075474
0.077391
0.081510
0.073549
0.073344
0.077090
0.074938
0.078842
0.075065
0.089676
0.074219
0.074870
0.072447
0.073059
0.077335
0.075317
0.093462
0.073855
0.072817
0.069224
0.078635
0.083302
0.079632
0.080982
0.089925
0.074734
0.079259
0.088159
0.086123
0.089379
0.089262
0.079974
0.072731
0.076372
0.085372
0.080518
0.086274
0.086522
0.079400
0.080623
0.086778
0.087251
0.090024
0.086153
0.080982
0.073651
0.067734
0.085328
0.076194
0.074954
0.078880
0.074595
0.081563
0.086098
0.072553
0.075513
0.073512
0.074960
0.074221
0.079432
0.072067
0.070671
0.074005
0.083600
0.079474
0.085266
0.075090
0.084947
0.089271
0.075709
0.098250
0.082330
0.079456
0.080110
0.078626
0.086457
0.090441
0.080040
0.074214
0.080230
0.082744
0.086498
0.078168
0.081496
0.078432
0.073945
0.086879
0.092877
0.082232
0.090150
0.078532
0.091697
0.082346
0.080564
0.115016
0.083197
0.073680
0.083641
0.087405
0.082000
0.094669
0.079867
0.067451
0.091047
0.077895
0.102679
0.092887
0.091105
0.077301
0.085786
0.077232
0.090431
0.084206
0.069277
0.075746
0.076241
0.075493
0.071895
0.082553
0.075227
0.082012
0.075483
0.087419
0.086824
0.085171
0.084237
0.082457
0.084888
0.089119
0.076468
0.071734
0.088253
0.088643
0.074231
0.082429
0.079626
0.071350
0.092458
0.078405
0.075786
0.098133
0.086404
0.085618
0.084247
0.080071
0.075076
0.074820
0.090866
0.073139
0.086858
0.080202
0.085074
0.077394
0.081778
0.081199
0.085503
0.094074
0.088450
0.087044
0.083581
0.083553
0.075422
0.087962
0.075582
0.081939
0.079716
0.083973
0.087836
0.083199
0.080848
0.100638
0.077716
0.090058
0.086359
0.084004
0.079951
0.085691
0.083751
0.077267
0.083414
0.074348
0.076189
0.086270
0.076379
0.079921
0.073832
0.086680
0.074394
0.089626
0.085214
0.081996
0.070060
0.092041
0.085582
0.087437
0.081367
0.080191
0.088392
0.086575
0.096956
0.087546
0.075248
0.079186
0.086722
0.076774
0.079452
0.082302
0.077315
0.081955
0.089670
0.078238
0.089388
0.084870
0.081300
0.111730
0.087216
0.072546
0.080574
0.080848
0.088724
0.073062
0.078218
0.078711
0.082878
0.078963
0.070943
0.088238
0.077647
0.086219
0.086683
0.079634
0.080293
0.082722
0.081149
0.069251
0.079402
0.076701
0.077083
0.084784
0.081607
0.078119
0.081681
0.078672
0.079968
0.081363
0.073688
0.075353
0.071006
0.080044
0.084424
0.080007
0.088084
0.072635
0.072988
0.066376
0.078563
0.091146
0.091807
0.065084
0.076912
0.079905
0.073476
0.072669
0.085983
0.076045
0.079340
0.072953
0.072542
0.078178
0.081686
0.079734
0.076616
0.078998
0.090613
0.074379
0.077920
0.081463
0.083480
0.079032
0.076118
0.066852
0.076117
0.092235
0.083775
0.080463
0.074394
0.128271
0.080138
0.078278
0.079251
0.084319
0.084047
0.073206
0.076214
0.089858
0.073013
0.081551
0.068810
0.076703
0.083739
0.086429
0.069890
0.079605
0.073785
0.075478
0.082915
0.075877
0.079694
0.083971
0.073104
0.078326
0.077248
0.095403
0.073945
0.078445
0.072089
0.078538
0.069986
0.089180
0.074180
0.076536
0.091870
0.073559
0.079407
0.072888
0.086287
0.084325
0.078736
0.073436
0.083321
0.073806
0.081847
0.082657
0.071550
0.094586
0.075508
0.077837
0.080766
0.073439
0.075668
0.083958
0.076483
0.079734
0.069580
0.074559
0.073697
0.080892
0.075246
0.083222
0.071577
0.074818
0.076848
0.081961
0.094485
0.073124
0.068478
0.082596
0.196098
0.066910
0.073082
0.088967
0.075755
0.083630
0.066558
0.071080
0.078397
0.079522
0.074559
0.091183
0.072936
0.075391
0.079626
0.072997
0.075325
0.083595
0.081496
0.076875
0.080080
0.073845
0.078640
0.080583
0.080111
0.078299
0.073300
0.076753
0.072956
0.104423
0.082060
0.073734
0.077764
0.078358
0.073491
0.087510
0.080850
0.088747
0.068654
0.079547
0.074131
0.075337
0.087394
0.081106
0.075783
0.081095
0.078693
0.077431
0.079752
0.077876
0.073277
0.075355
0.081216
0.076771
0.088860
0.083356
0.094676
0.086047
0.098630
0.085657
0.078373
0.087230
0.075314
0.082885
0.075165
0.081334
0.079564
0.071623
0.075773
0.089538
0.088388
0.082957
0.082892
0.079749
0.082684
0.088855
0.088684
0.079426
0.084765
0.074600
0.079921
0.073359
0.088327
0.073150
0.081210
0.083654
0.071378
0.067517
0.065962
0.067429
0.086857
0.081491
0.082623
0.074020
0.094837
0.081090
0.072190
0.066454
0.090654
0.080229
0.088933
0.084320
0.080990
0.079213
0.077799
0.098109
0.081074
0.066261
0.089513
0.094464
0.077888
0.093027
0.089061
0.086691
0.092774
0.071715
0.123853
0.079746
0.083600
0.081914
0.087279
0.076288
0.075935
0.085895
0.082314
0.076959
0.069919
0.086702
0.077941
0.073043
0.077645
0.071109
0.100071
0.085320
0.078848
0.091656
0.079238
0.069938
0.078977
0.073779
0.094210
0.083314
0.075310
0.142320
0.085120
0.082488
0.081745
0.084174
0.074464
0.080396
0.074781
0.075030
0.081897
0.074384
0.079283
0.068555
0.077859
0.081606
0.091329
0.079263
0.075346
0.080492
0.068902
0.079107
0.077253
0.076099
0.080087
0.080164
0.069183
0.092982
0.069126
0.086504
0.074798
0.079202
0.070279
0.076877
0.085398
0.087568
0.090828
0.089316
0.084518
0.074247
0.084704
0.078070
0.085036
0.069072
0.084915
0.088316
0.091275
0.083564
0.072006
0.079141
0.074892
0.101495
0.080353
0.082508
0.091165
0.073235
0.076639
0.083816
0.072571
0.077679
0.078085
0.075773
0.082362
0.078192
0.087901
0.078774
0.075523
0.095629
0.077919
0.089733
0.081928
0.079664
0.086879
0.085428
0.082518
0.067777
0.124971
0.085880
0.072141
0.082287
0.076582
0.065587
0.081749
0.074349
0.067236
0.074662
0.083389
0.084850
0.090002
0.081404
0.074394
0.083851
0.073113
0.086566
0.074289
0.078241
0.080104
0.084775
0.070155
0.081134
0.076669
0.085377
0.076306
0.081909
0.088008
0.092749
0.072393
0.079095
0.114855
0.122136
0.094256
0.076448
0.073109
0.086996
0.074735
0.083917
0.068691
0.079558
0.071866
0.069499
0.072817
0.079192
0.075086
0.075107
0.080398
0.079227
0.072932
0.077101
0.082428
0.080045
0.086605
0.081365
0.083197
0.092355
0.073521
0.086424
0.089584
0.081419
0.075208
0.079322
0.085478
0.069686
0.079316
0.088205
0.089194
0.077393
0.072893
0.087818
0.072761
0.072742
0.086984
0.086757
0.083707
0.071064
0.075988
0.088607
0.078336
0.075508
0.085852
0.073581
0.083907
0.085963
0.079982
0.072161
0.075714
0.092339
0.085740
0.079344
0.085425
0.081664
0.078672
0.080742
0.079664
0.090463
0.070477
0.081270
0.097494
0.082814
0.079742
0.090357
0.081860
0.083042
0.077211
0.087944
0.081633
0.077810
0.066257
0.074250
0.089773
0.080485
0.067717
0.084247
0.075144
0.079971
0.081298
0.074778
0.072777
0.080769
0.085409
0.078693
0.074842
0.084566
0.079507
0.082683
0.083246
0.073407
0.076695
0.080290
0.087991
0.090537
0.081174
0.090199
0.083564
0.092057
0.077740
0.080038
0.090497
0.074182
0.086359
0.085766
0.073705
0.076656
0.086534
0.079067
0.088653
0.082392
0.085264
0.078806
0.071093
0.088681
0.075218
0.085704
0.067520
0.072597
0.074950
0.078462
0.076265
0.078999
0.071541
0.076937
0.082911
0.083071
0.079228
0.073399
0.080666
0.086292
0.074477
0.070426
0.089973
0.069563
0.075552
0.078355
0.086103
0.078388
0.086675
0.083171
0.090672
0.081111
0.082967
0.091980
0.079744
0.079276
0.080302
0.073695
0.080204
0.073509
0.079695
0.073819
0.073635
0.075228
0.078235
0.078184
0.078005
0.087322
0.077367
0.078704
0.078696
0.074183
0.071635
0.071854
0.071030
0.082027
0.082778
0.084347
0.079943
0.072558
0.082183
0.046681
0.068320
0.080167
0.081650
0.083763
0.085012
0.085948
0.085398
0.079984
0.072775
0.082808
0.083093
0.080497
0.085618
0.083911
0.068899
0.084382
0.078309
0.083061
0.078731
0.086140
0.080266
0.073193
0.083584
0.071398
0.075443
0.080972
0.080996
0.077681
0.077382
0.087573
0.079689
0.069798
0.073861
0.075425
0.068433
0.080157
0.083552
0.084099
0.083539
0.089100
0.072958
0.092694
0.077591
0.081142
0.090576
0.087699
0.070085
0.078649
0.080631
0.076654
0.080911
0.073780
0.069927
0.083126
0.080586
0.069728
0.073592
0.072388
0.083853
0.088572
0.080397
0.079403
0.083073
0.074913
0.078417
0.071152
0.083726
0.078013
0.071902
0.077038
0.088924
0.080831
0.081637
0.089993
0.070576
0.081343
0.090030
0.079389
0.084998
0.092061
0.080920
0.078489
0.076880
0.080048
0.090733
0.088066
0.073376
0.071613
0.082024
0.097980
0.097361
0.076045
0.086183
0.082346
0.082939
0.079844
0.086166
0.077666
0.088955
0.079386
0.086571
0.082934
0.073447
0.092537
0.073966
0.075603
0.080341
0.095638
0.084871
0.079817
0.088743
0.091365
0.074660
0.068039
0.079328
0.088098
0.079445
0.078401
0.083238
0.080651
0.072475
0.080676
0.071808
0.082140
0.081612
0.084784
0.087435
0.068259
0.081289
0.088955
0.082518
0.087269
0.087442
0.074616
0.090117
0.077297
0.080685
0.086534
0.081009
0.078035
0.070960
0.076114
0.075079
0.074070
0.088952
0.086833
0.072350
0.085481
0.075457
0.075752
0.089574
0.074354
0.066633
0.089581
0.079828
0.080567
0.085886
0.081934
0.074726
0.080458
0.071174
0.075930
0.080387
0.079934
0.083594
0.082770
0.081968
0.073904
0.073661
0.078361
0.083361
0.089807
0.082828
0.074960
0.074791
0.088289
0.078637
0.085736
0.081467
0.066477
0.090051
0.102841
0.080313
0.078953
0.071042
0.073135
0.082008
0.077133
0.102785
0.100307
0.089249
0.082968
0.083310
0.082811
0.089584
0.090674
0.082301
0.089264
0.080207
0.079519
0.104080
0.086666
0.087087
0.082349
0.075716
0.091128
0.070806
0.072279
0.079391
0.073830
0.081376
0.083026
0.079494
0.080164
0.073166
0.084448
0.080640
0.073012
0.083604
0.070376
0.095198
0.078738
0.076808
0.080921
0.078398
0.079794
0.092711
0.083122
0.075519
0.096433
0.083077
0.075137
0.082785
0.078212
0.079661
0.091106
0.077163
0.080036
0.089753
0.069552
0.088368
0.100595
0.082755
0.080721
0.086151
0.100200
0.089661
0.078063
0.089399
0.067690
0.082778
0.072546
0.085003
0.082828
0.068316
0.079230
0.079932
0.077505
0.089431
0.072891
0.068470
0.073771
0.085760
0.093718
0.074750
0.085307
0.081132
0.075309
0.075287
0.079844
0.070508
0.082273
0.071268
0.083659
0.090890
0.082623
0.087549
0.088919
0.092136
0.081075
0.091942
0.079598
0.072897
0.079326
0.081944
0.080927
0.080557
0.088251
0.079745
0.082557
0.076638
0.073673
0.091429
0.080522
0.075317
0.078412
0.084989
0.069697
0.087821
0.080183
0.079435
0.076070
0.070054
0.094590
0.075296
0.078829
0.091384
0.068838
0.070086
0.082998
0.078027
0.075484
0.099252
0.072310
0.086242
0.086668
0.070105
0.084371
0.079558
0.076853
0.083102
0.079163
0.086548
0.080471
0.068426
0.084408
0.101708
0.090453
0.074356
0.078126
0.078546
0.084555
0.070304
0.079788
0.082387
0.081358
0.080092
0.077727
0.081597
0.091109
0.079636
0.082081
0.071656
0.088539
0.090526
0.091803
0.072868
0.082307
0.077193
0.087832
0.087804
0.077041
0.080591
0.081734
0.087998
0.080726
0.076763
0.076886
0.074931
0.078698
0.076042
0.082584
0.067717
0.090982
0.075848
0.078070
0.079330
0.075815
0.082295
0.073515
0.079241
0.086712
0.075152
0.083294
0.072963
0.081539
0.078973
0.080759
0.084097
0.075688
0.074796
0.074988
0.070115
0.075189
0.081478
0.082703
0.076309
0.079448
0.085282
0.083810
0.068271
0.090227
0.085165
0.080406
0.071074
0.088925
0.078902
0.083371
0.096322
0.079100
0.085617
0.080935
0.103647
0.067602
0.074558
0.094332
0.082224
0.084206
0.084948
0.084275
0.069749
0.087885
0.073938
0.071979
0.072572
0.076600
0.076192
0.070930
0.075925
0.076801
0.072404
0.077966
0.074695
0.078737
0.074876
0.080588
0.079756
0.115177
0.082107
0.082909
0.082520
0.087563
0.078406
0.082098
0.079060
0.079282
0.094737
0.074624
0.079890
0.072532
0.080299
0.081683
0.085449
0.074092
0.068951
0.070122
0.074141
0.073869
0.067856
0.074386
0.086484
0.081078
0.077659
0.077813
0.080240
0.073166
0.084082
0.087693
0.084301
0.084482
0.074072
0.090152
0.066188
0.081757
0.077989
0.077125
0.086218
0.085403
0.072374
0.071291
0.074836
0.083552
0.087149
0.083760
0.073337
0.086272
0.083333
0.075368
0.077624
0.067418
0.074744
0.073619
0.084899
0.118650
0.085428
0.074772
0.074203
0.073658
0.072813
0.079728
0.075046
0.081042
0.074302
0.075002
0.080830
0.080854
0.080725
0.085807
0.072185
0.078430
0.094732
0.080232
0.075893
0.082003
0.079604
0.071995
0.075079
0.073949
0.085920
0.086720
0.076122
0.079116
0.081459
0.078410
0.079723
0.084089
0.081136
0.076816
0.075736
0.075168
0.074566
0.090286
0.085172
0.074747
0.082579
0.087985
0.086113
0.073757
0.079515
0.074539
0.068479
0.081350
0.086227
0.079755
0.068255
0.080003
0.074307
0.072571
0.078878
0.087827
0.071110
0.069502
0.078432
0.086717
0.082615
0.068098
0.076194
0.085638
0.086193
0.072849
0.095362
0.095438
0.074995
0.073435
0.082560
0.075759
0.081237
0.076867
0.084012
0.068234
0.080372
0.074065
0.073230
0.084019
0.091909
0.089134
0.077571
0.080943
0.078424
0.083590
0.083884
0.075906
0.079888
0.065981
0.072999
0.075936
0.068870
0.078849
0.074648
0.070143
0.083106
0.079740
0.090660
0.078030
0.081465
0.074417
0.074818
0.073410
0.084662
0.081784
0.084684
0.080633
0.080248
0.077060
0.082856
0.085754
0.078215
0.081275
0.073895
0.097573
0.069357
0.077363
0.079868
0.081516
0.074221
0.084142
0.084012
0.083490
0.071366
0.083595
0.078848
0.072982
0.086056
0.077362
0.085316
0.077401
0.087182
0.075649
0.071809
0.073500
0.083145
0.085838
0.083232
0.078571
0.080118
0.075573
0.052341
0.073274
0.079818
0.088217
0.079814
0.078793
0.072079
0.073473
0.075962
0.080022
0.097019
0.073582
0.070211
0.075005
0.072839
0.086133
0.090131
0.082782
0.079981
0.080645
0.079434
0.081349
0.075209
0.075907
0.086530
0.076744
0.072860
0.075963
0.079832
0.074256
0.074395
0.075318
0.085907
0.075255
0.075185
0.081051
0.093296
0.088012
0.080330
0.081738
0.090815
0.078403
0.078515
0.078830
0.078374
0.085466
0.082295
0.082544
0.083532
0.077345
0.076336
0.077123
0.065372
0.080611
0.075097
0.074415
0.078907
0.079657
0.067536
0.071341
0.072483
0.076961
0.081511
0.070574
0.080392
0.093115
0.080044
0.084690
0.077065
0.088403
0.086479
0.081323
0.089737
0.086351
0.076580
0.090119
0.077144
0.081465
0.076078
0.070726
0.081003
0.084690
0.068631
0.073627
0.079046
0.092562
0.081044
0.082940
0.065124
0.080412
0.069031
0.084028
0.085038
0.086685
0.072701
0.075397
0.069316
0.083829
0.075442
0.083032
0.086980
0.073257
0.074104
0.080040
0.077717
0.085244
0.077919
0.079907
0.081470
0.075870
0.070807
0.086030
0.077303
0.084798
0.081538
0.067168
0.080421
0.081881
0.078880
0.089689
0.080418
0.073423
0.075170
0.089166
0.090721
0.079144
0.072898
0.075764
0.075145
0.078811
0.082222
0.077725
0.074164
0.074822
0.087711
0.069225
0.081948
0.069212
0.078750
0.089066
0.074591
0.093376
0.087715
0.072922
0.083262
0.076999
0.080542
0.073314
0.083618
0.081614
0.086797
0.080873
0.078493
0.081470
0.075541
0.083926
0.080467
0.080857
0.085046
0.083448
0.076611
0.080407
0.071135
0.073128
0.081041
0.082767
0.079033
0.087647
0.078656
0.082774
0.069542
0.082326
0.065010
0.085010
0.075493
0.081401
0.077106
0.077761
0.072746
0.082918
0.083276
0.086192
0.072583
0.076982
0.082130
0.079059
0.089198
0.075934
0.079530
0.077929
0.067943
0.079405
0.079917
0.075316
0.085677
0.080440
0.073978
0.082101
0.073363
0.083023
0.085068
0.078780
0.080101
0.070758
0.081202
0.082523
0.081496
0.080016
0.068778
0.066433
0.080168
0.085597
0.077528
0.076361
0.078986
0.085785
0.067828
0.081088
0.085806
0.080343
0.074928
0.073013
0.082327
0.077630
0.081226
0.074180
0.073959
0.072958
0.080507
0.068564
0.079031
0.089833
0.073032
0.078305
0.073532
0.080056
0.088639
0.077000
0.074932
0.071912
0.079216
0.086500
0.078482
0.093429
0.080891
0.094025
0.079532
0.079557
0.080795
0.077611
0.072604
0.079622
0.076173
0.076224
0.079136
0.068386
0.083937
0.074694
0.077189
0.074111
0.080495
0.081510
0.081064
0.085156
0.082598
0.086035
0.073482
0.081372
0.090438
0.089852
0.081560
0.075932
0.074124
0.074846
0.080330
0.078510
0.073467
0.084951
0.075435
0.078093
0.093749
0.081987
0.080558
0.088363
0.075809
0.074690
0.082438
0.076942
0.089559
0.080602
0.077426
0.082235
0.082702
0.078322
0.079777
0.074981
0.079279
0.077950
0.072339
0.073670
0.078112
0.080733
0.080298
0.073239
0.079463
0.072831
0.079983
0.080224
0.082134
0.073968
0.082888
0.072810
0.074826
0.073653
0.075778
0.070961
0.079200
0.072363
0.078471
0.066704
0.083846
0.083941
0.071681
0.079180
0.075910
0.070771
0.078892
0.068608
0.077218
0.078373
0.080592
0.083086
0.071760
0.101504
0.075736
0.070377
0.075826
0.081822
0.077922
0.069633
0.081955
0.080230
0.085850
0.074012
0.084823
0.096704
0.076932
0.109448
0.077344
0.075176
0.088289
0.079031
0.074170
0.076972
0.078426
0.096148
0.087515
0.075308
0.081655
0.085439
0.086438
0.083392
0.080467
0.085522
0.076084
0.089319
0.086698
0.078526
0.071904
0.072911
0.076562
0.091409
0.077625
0.093097
0.086289
0.084154
0.074808
0.105609
0.097309
0.082346
0.097052
0.080711
0.088337
0.080427
0.086668
0.074400
0.074129
0.070970
0.081545
0.079938
0.077513
0.086319
0.092977
0.069672
0.081852
0.098319
0.087493
0.083754
0.084177
0.087879
0.077347
0.084843
0.070216
0.085514
0.070889
0.086224
0.081997
0.086204
0.076004
0.080816
0.082684
0.074699
0.081790
0.087832
0.069370
0.088279
0.097004
0.099169
0.087802
0.081595
0.080428
0.080930
0.088444
0.094834
0.076888
0.075979
0.088454
0.068943
0.076577
0.084843
0.078875
0.480734
0.082473
0.077453
0.102970
0.071204
0.074057
0.086002
