0.000182
0.000255
0.000235
0.000260
0.002471
0.000259
0.000258
0.000258
0.000257
0.000242
0.000257
0.000182
0.000235
0.000324
0.000256
0.000256
0.000262
0.000265
0.000626
0.000267
0.000260
0.000231
0.000231
0.000289
0.000224
0.000239
0.000254
0.000228
0.000273
0.000225
0.000249
0.000229
0.000225
0.000364
0.000228
0.000258
0.000248
0.000239
0.000297
0.001400
0.000182
0.000230
0.000234
0.000224
0.000225
0.000238
0.000234
0.000259
0.000252
0.000259
0.000266
0.000260
0.000239
0.254593
0.000194
0.000177
0.000189
0.000220
0.000232
0.000245
0.001379
0.000250
0.000143
0.000258
0.000255
0.000228
0.000261
0.000257
0.000247
0.000230
0.000236
0.000254
0.000240
0.000400
0.000234
0.000242
0.000245
0.000234
0.000243
0.000255
0.000256
0.000230
0.000202
0.000247
0.000178
0.000248
0.000215
0.000242
0.000276
0.004841
0.000242
0.000232
0.000248
0.000195
0.000256
0.000273
0.000265
0.000241
0.000269
0.000224
0.000258
0.000230
0.000255
0.000240
0.000240
0.000235
0.000239
0.000258
0.000263
0.000303
0.000227
0.000216
0.000250
0.000234
0.000260
0.000228
0.000223
0.000218
0.000257
0.000165
0.000242
0.000312
0.000262
0.000255
0.000261
0.000262
0.000252
0.001713
0.000215
0.000248
0.000262
0.000296
0.000231
0.000245
0.000263
0.000320
0.000260
0.000261
0.000290
0.000265
0.000260
0.000260
0.000248
0.000264
0.000264
0.000199
0.000243
0.000262
0.000249
0.000280
0.000258
0.000200
0.000249
0.000253
0.000233
0.000231
0.000256
0.000253
0.000466
0.000251
0.000246
0.000228
0.000186
0.000171
0.000219
0.000267
0.000260
0.000256
0.000225
0.000252
0.000265
0.006538
0.000253
0.000246
0.000240
0.000285
0.001945
0.000267
0.000168
0.000267
0.000254
0.000455
0.000260
0.000258
0.000226
0.000250
0.000275
0.000259
0.000264
0.000302
0.000255
0.000216
0.000250
0.000254
0.000259
0.000219
0.000242
0.000193
0.000236
0.000224
0.000229
0.000247
0.000252
0.000242
0.000175
0.000223
0.000256
0.000243
0.000261
0.000252
0.000262
0.008042
0.000248
0.000207
0.000256
0.000236
0.000248
0.000260
0.000258
0.000256
0.000266
0.004961
0.000289
0.000261
0.000446
0.000252
0.000259
0.000226
0.000223
0.000220
0.000266
0.000304
0.000253
0.000250
0.000367
0.000260
0.000250
0.000262
0.000217
0.000246
0.000259
0.000217
0.000252
0.000174
0.000251
0.000223
0.000236
0.000262
0.000252
0.000247
0.000252
0.000249
0.000232
0.000251
0.000159
0.000282
0.000196
0.000676
0.000150
0.000255
0.000250
0.000316
0.000240
0.000242
0.000255
0.000144
0.000252
0.000255
0.000255
0.000259
0.000256
0.000278
0.000247
0.000260
0.000256
0.000230
0.000215
0.000330
0.000210
0.000276
0.000254
0.000252
0.000243
0.000259
0.000302
0.000165
0.000249
0.000235
0.000257
0.000251
0.000258
0.000253
0.000273
0.000255
0.000247
0.000238
0.000239
0.000225
0.000245
0.000253
0.000258
0.000271
0.000260
0.000300
0.000249
0.000271
0.000257
0.000227
0.000201
0.000280
0.000254
0.000181
0.000224
0.000256
0.000239
0.000277
0.000265
0.000240
0.000251
0.000264
0.000263
0.000297
0.073552
0.000254
0.000248
0.000232
0.000263
0.000283
0.000261
0.000249
0.000186
0.000253
0.000250
0.000254
0.000222
0.000256
0.000255
0.000267
0.000221
0.000191
0.000210
0.000254
0.000253
0.000230
0.000269
0.000251
0.000233
0.000259
0.000171
0.000327
0.000264
0.000258
0.000251
0.000262
0.000318
0.000255
0.000250
0.000234
0.000227
0.000271
0.000264
0.000234
0.000307
0.000263
0.002095
0.000258
0.000292
0.000490
0.000273
0.000243
0.000260
0.000333
0.000251
0.000252
0.000241
0.000240
0.000259
0.000252
0.000233
0.000268
0.000576
0.000221
0.000216
0.000261
0.000262
0.000234
0.000255
0.000261
0.000258
0.000274
0.002504
0.000183
0.000177
0.000245
0.000255
0.000880
0.000228
0.000258
0.000249
0.000251
0.000220
0.000254
0.000148
0.000246
0.000234
0.000254
0.000242
0.000156
0.000222
0.000209
0.000260
0.000246
0.000177
0.000254
0.000253
0.000215
0.000247
0.000130
0.000199
0.000260
0.000262
0.000208
0.000256
0.000255
0.000264
0.000263
0.000230
0.000226
0.000251
0.000909
0.000232
0.000254
0.000224
0.000257
0.000247
0.000257
0.000244
0.000255
0.000260
0.000291
0.000259
0.000252
0.000250
0.000263
0.000258
0.000260
0.000162
0.000233
0.000257
0.000198
0.000265
0.000255
0.000150
0.000246
0.000231
0.000251
0.000239
0.000318
0.000250
0.000266
0.000252
0.000250
0.000254
0.000247
0.000224
0.000150
0.000396
0.000251
0.000261
0.000183
0.000251
0.000258
0.000253
0.000255
0.000207
0.000274
0.000249
0.000250
0.000248
0.000230
0.000261
0.000255
0.000255
0.000264
0.000256
0.000271
0.000212
0.000289
0.000224
0.000252
0.000195
0.000240
0.000254
0.000238
0.000209
0.000788
0.000270
0.000238
0.000260
0.000225
0.000249
0.000253
0.000198
0.000244
0.000170
0.000232
0.000227
0.000212
0.000256
0.000255
0.000230
0.000188
0.000271
0.000247
0.000266
0.000244
0.000229
0.000258
0.000264
0.000249
0.000348
0.000196
0.000161
0.000261
0.000266
0.000220
0.000256
0.000171
0.000272
0.000250
0.000261
0.000260
0.000215
0.000367
0.000172
0.000162
0.000240
0.000222
0.000256
0.000212
0.000256
0.000220
0.000209
0.000257
0.000253
0.000286
0.000258
0.000206
0.000240
0.000258
0.000626
0.000254
0.000215
0.000153
0.000218
0.000260
0.000290
0.000258
0.000192
0.000265
0.000217
0.000269
0.000257
0.000277
0.000337
0.000227
0.000235
0.000221
0.000236
0.000207
0.000261
0.000242
0.000256
0.000229
0.000233
0.000258
0.000263
0.000748
0.000226
0.000286
0.000247
0.000253
0.000218
0.000249
0.000254
0.000253
0.000249
0.000277
0.000256
0.000280
0.000219
0.000260
0.000222
0.000252
0.000258
0.000226
0.000262
0.000259
0.000260
0.000267
0.000223
0.000213
0.000257
0.000243
0.000237
0.000204
0.000278
0.000251
0.000275
0.000231
0.000264
0.000259
0.000253
0.000269
0.000246
0.004705
0.000228
0.000253
0.000259
0.000256
0.000222
0.000199
0.000258
0.000280
0.000234
0.000242
0.000211
0.000264
0.000242
0.000258
0.000217
0.000266
0.000193
0.000284
0.000321
0.000410
0.000241
0.000263
0.000225
0.000227
0.000252
0.000262
0.000225
0.002121
0.000229
0.000276
0.000253
0.000256
0.000256
0.000509
0.000254
0.000266
0.000174
0.000227
0.000267
0.000267
0.000211
0.000228
0.000293
0.000320
0.000256
0.000251
0.000245
0.000254
0.000255
0.000129
0.000252
0.000253
0.000255
0.000209
0.000219
0.000252
0.000240
0.000265
0.000264
0.000165
0.000254
0.000173
0.000251
0.000256
0.000206
0.000287
0.000248
0.000180
0.000219
0.000249
0.000149
0.000277
0.000262
0.000268
0.000279
0.000233
0.000253
0.000165
0.000206
0.000267
0.000208
0.000243
0.000246
0.000213
0.002908
0.000274
0.000252
0.000285
0.000253
0.000268
0.000267
0.000219
0.000263
0.000268
0.000232
0.000213
0.000273
0.000226
0.000339
0.000238
0.000229
0.002450
0.000202
0.000168
0.000250
0.000250
0.000176
0.000268
0.000162
0.000250
0.000264
0.000247
0.000250
0.000206
0.000244
0.000251
0.000271
0.000250
0.000264
0.000266
0.000560
0.000276
0.000931
0.000252
0.000268
0.000236
0.000243
0.000129
0.000216
0.000262
0.000236
0.000254
0.000257
0.000219
0.000263
0.000237
0.000286
0.000210
0.000213
0.000264
0.000249
0.000841
0.000254
0.000218
0.000225
0.000268
0.001885
0.000252
0.000252
0.000268
0.000209
0.000232
0.000257
0.000219
0.000249
0.000256
0.000249
0.000259
0.000309
0.000277
0.000256
0.000238
0.000233
0.000257
0.000193
0.000260
0.000220
0.002307
0.000166
0.000338
0.000261
0.000234
0.000247
0.000247
0.000256
0.000221
0.000228
0.000276
0.000284
0.000267
0.000240
0.000325
0.000203
0.000259
0.000260
0.003100
0.000138
0.000262
0.000228
0.000276
0.000249
0.000282
0.000234
0.000264
0.000244
0.000252
0.000256
0.000260
0.000175
0.000272
0.000291
0.000251
0.000256
0.000272
0.000268
0.000253
0.000199
0.000265
0.000275
0.000269
0.000184
0.000248
0.000230
0.010468
0.000252
0.000259
0.000294
0.000260
0.000241
0.000255
0.000269
0.000256
0.000217
0.000254
0.000426
0.000243
0.000268
0.000245
0.000266
0.000251
0.000296
0.000222
0.000324
0.000232
0.000273
0.000267
0.000250
0.000256
0.000235
0.000268
0.000233
0.000165
0.000266
0.000276
0.000255
0.000264
0.000266
0.000248
0.000191
0.000272
0.000393
0.002822
0.000319
0.000222
0.000256
0.000153
0.000274
0.000257
0.000254
0.000243
0.000729
0.000255
0.000266
0.000167
0.000268
0.000193
0.000268
0.000251
0.000285
0.000252
0.000256
0.000238
0.000212
0.000257
0.000252
0.000215
0.000183
0.000285
0.000150
0.000284
0.000272
0.000232
0.000246
0.000257
0.000257
0.000251
0.000266
0.000259
0.000252
0.000324
0.001772
0.000216
0.000252
0.000213
0.000284
0.000166
0.000225
0.000272
0.000283
0.000237
0.000234
0.000231
0.000252
0.000264
0.000255
0.000148
0.000230
0.000210
0.000176
0.000244
0.000237
0.000252
0.000263
0.000191
0.000255
0.000259
0.000242
0.000272
0.000259
0.000168
0.000251
0.000266
0.000211
0.000240
0.000293
0.000267
0.000262
0.000268
0.000230
0.000209
0.000253
0.000249
0.000260
0.000247
0.000229
0.000282
0.000260
0.000259
0.000251
0.000233
0.000266
0.000241
0.000219
0.000269
0.000227
0.000294
0.000212
0.000291
0.000258
0.000281
0.000278
0.000237
0.000211
0.001953
0.000270
0.000266
0.000254
0.000194
0.000263
0.000170
0.000263
0.000245
0.000239
0.000233
0.000251
0.000246
0.000267
0.000235
0.000250
0.000256
0.000285
0.000271
0.000269
0.000479
0.000256
0.000255
0.000256
0.000303
0.000263
0.000264
0.000232
0.000257
0.000252
0.000241
0.000220
0.000165
0.000263
0.000254
0.000223
0.000253
0.000284
0.000237
0.000257
0.000242
0.000293
0.000262
0.000143
0.000268
0.000251
0.000263
0.000258
0.000230
0.000258
0.000255
0.000320
0.000259
0.000226
0.000255
0.000412
0.000277
0.000280
0.000242
0.000250
0.000263
0.000272
0.000193
0.000261
0.000220
0.000270
0.000246
0.000274
0.000259
0.000267
0.000374
0.000285
0.000250
0.000287
0.000277
0.000164
0.000274
0.000255
0.000264
0.000252
0.000248
0.000182
0.000245
0.000256
0.000224
0.000317
0.000255
0.000844
0.000265
0.000249
0.000235
0.000218
0.000223
0.001080
0.000255
0.000267
0.000213
0.000250
0.000223
0.000257
0.000231
0.000250
0.000171
0.000259
0.000207
0.000223
0.000270
0.000257
0.000184
0.000211
0.000242
0.000242
0.000216
0.000246
0.000244
0.000251
0.000183
0.000215
0.000259
0.000268
0.000198
0.000276
0.000259
0.000211
0.000148
0.002125
0.000287
0.000264
0.000259
0.000256
0.000268
0.000226
0.000229
0.000270
0.000197
0.000267
0.000219
0.000181
0.000252
0.000251
0.000295
0.000254
0.000234
0.000164
0.000255
0.000213
0.000278
0.000258
0.000268
0.000160
0.000248
0.000223
0.000267
0.000239
0.000270
0.000268
0.000243
0.000214
0.000268
0.000135
0.000253
0.000261
0.000242
0.000224
0.000261
0.000235
0.000212
0.000354
0.000258
0.000237
0.000231
0.000266
0.000263
0.000247
0.000162
0.000212
0.000257
0.000249
0.000251
0.000248
0.000260
0.000247
0.000237
0.000559
0.000250
0.000188
0.001033
0.000253
0.000219
0.000221
0.000225
0.000986
0.000244
0.000246
0.000255
0.000259
0.000256
0.000221
0.000252
0.000239
0.000231
0.000460
0.000256
0.000204
0.000272
0.000223
0.000250
0.000254
0.000255
0.000228
0.000237
0.000261
0.000252
0.002342
0.000252
0.000247
0.000183
0.000188
0.000169
0.000201
0.000253
0.000232
0.000262
0.000262
0.000240
0.000269
0.000229
0.000216
0.000223
0.000274
0.006363
0.000269
0.000244
0.000241
0.000274
0.000342
0.000263
0.000219
0.000292
0.000263
0.000323
0.000157
0.000247
0.000260
0.000234
0.000321
0.000267
0.000246
0.000410
0.000217
0.000244
0.000266
0.000256
0.000239
0.000277
0.000284
0.000251
0.000246
0.000255
0.000252
0.000229
0.000217
0.000249
0.000236
0.000234
0.000282
0.000304
0.000240
0.000218
0.000246
0.000173
0.000258
0.000246
0.000173
0.000217
0.000265
0.000216
0.000260
0.000266
0.002036
0.000249
0.000219
0.000180
0.000194
0.002639
0.000235
0.000222
0.000252
0.000253
0.000250
0.000525
0.000242
0.001349
0.000245
0.000251
0.000238
0.002417
0.000287
0.000252
0.000233
0.000247
0.000181
0.000261
0.000247
0.000234
0.000259
0.000224
0.000280
0.000276
0.000250
0.000458
0.000268
0.000259
0.000267
0.000256
0.000253
0.000251
0.000174
0.000174
0.000177
0.000231
0.000248
0.000241
0.000267
0.000261
0.000248
0.000905
0.000229
0.000274
0.000258
0.000360
0.000265
0.000254
0.000238
0.000152
0.000247
0.000255
0.000156
0.000232
0.000264
0.000253
0.000200
0.000212
0.000277
0.000249
0.000217
0.000176
0.000253
0.000257
0.000250
0.000261
0.000262
0.000252
0.000265
0.000258
0.000227
0.000216
0.000274
0.000266
0.000264
0.000262
0.000257
0.000253
0.000269
0.000236
0.000240
0.000248
0.000212
0.000247
0.004529
0.000270
0.000220
0.000257
0.000387
0.000293
0.000339
0.000266
0.000245
0.000255
0.000251
0.000244
0.000141
0.000250
0.000260
0.000257
0.000251
0.000259
0.000226
0.000254
0.000234
0.000231
0.000177
0.000299
0.000261
0.000247
0.000252
0.000284
0.000254
0.000255
0.000204
0.000264
0.000185
0.000289
0.000259
0.000360
0.000212
0.000259
0.000226
0.000232
0.000221
0.000238
0.000224
0.000192
0.000256
0.000253
0.000225
0.000219
0.000213
0.000171
0.001110
0.000261
0.000234
0.000239
0.000251
0.000217
0.000169
0.000259
0.000255
0.000250
0.000251
0.000275
0.000189
0.000261
0.000255
0.000277
0.000289
0.000225
0.000266
0.000275
0.000222
0.000314
0.000285
0.000239
0.000247
0.000197
0.000290
0.000290
0.000233
0.000255
0.000241
0.000262
0.000248
0.000260
0.000252
0.000253
0.000279
0.000251
0.000282
0.000252
0.000252
0.000247
0.000249
0.000338
0.000167
0.000276
0.000252
0.000252
0.000144
0.000258
0.000263
0.000238
0.000264
0.000259
0.000249
0.000263
0.000268
0.000263
0.000258
0.000255
0.000250
0.000268
0.000304
0.002271
0.000253
0.000163
0.000260
0.000256
0.000268
0.000253
0.000231
0.000276
0.000268
0.000222
0.000299
0.000265
0.000267
0.000243
0.000255
0.000253
0.000269
0.000212
0.000217
0.000249
0.000256
0.000252
0.000238
0.000224
0.002244
0.000256
0.000161
0.000248
0.000296
0.001965
0.000266
0.000234
0.000250
0.000224
0.000263
0.000249
0.000271
0.000220
0.000261
0.000186
0.000253
0.000231
0.000295
0.000263
0.000275
0.000254
0.000242
0.000244
0.000278
0.000240
0.000251
0.000253
0.000229
0.000265
0.000265
0.000254
0.000239
0.000272
0.000230
0.000238
0.000222
0.000212
0.000257
0.000292
0.000248
0.000235
0.000256
0.000261
0.000425
0.000297
0.000275
0.000262
0.000156
0.000293
0.000279
0.000258
0.000277
0.000221
0.000255
0.000218
0.000262
0.000228
0.000288
0.000254
0.000271
0.000228
0.000148
0.000297
0.000179
0.000219
0.000269
0.000249
0.000237
0.000233
0.000255
0.000221
0.000253
0.000217
0.000411
0.000242
0.000250
0.000283
0.000240
0.000277
0.000282
0.000252
0.000256
0.000214
0.000380
0.000245
0.000299
0.000248
0.000234
0.000305
0.000273
0.000253
0.000184
0.000164
0.000259
0.000258
0.000260
0.000233
0.000272
0.000258
0.000153
0.000242
0.000269
0.000262
0.000256
0.003451
0.000277
0.000244
0.000271
0.000255
0.000273
0.000241
0.000270
0.000228
0.000232
0.000221
0.000250
0.000252
0.000270
0.000249
0.000276
0.000259
0.000287
0.000206
0.000270
0.000266
0.000280
0.000235
0.000252
0.000248
0.000236
0.000142
0.000247
0.000272
0.000255
0.000248
0.000263
0.000254
0.000261
0.000567
0.000258
0.000247
0.000270
0.000517
0.000256
0.000237
0.000291
0.000244
0.000236
0.000223
0.000265
0.000278
0.000266
0.000250
0.000460
0.000245
0.000244
0.000237
0.000252
0.000223
0.000260
0.000259
0.000232
0.000269
0.000208
0.000221
0.000266
0.000282
0.000253
0.000248
0.000250
0.000212
0.000250
0.000258
0.000228
0.000277
0.000261
0.000261
0.000232
0.000252
0.000255
0.000235
0.000248
0.000259
0.000253
0.000257
0.000213
0.000297
0.000249
0.000258
0.000239
0.001945
0.000237
0.000270
0.000193
0.000292
0.000263
0.000256
0.000230
0.000248
0.000253
0.000209
0.000252
0.000253
0.000302
0.000149
0.000260
0.000240
0.000289
0.000276
0.000182
0.000167
0.000289
0.000242
0.000203
0.000248
0.000230
0.000256
0.000267
0.000255
0.000174
0.000248
0.000282
0.000289
0.000249
0.000302
0.000214
0.000248
0.000224
0.000254
0.000235
0.000266
0.000267
0.000253
0.000251
0.000236
0.000250
0.000259
0.000258
0.000245
0.003690
0.000251
0.000195
0.000213
0.000264
0.000271
0.000247
0.000218
0.001468
0.000267
0.000254
0.000255
0.000286
0.000269
0.000196
0.000172
0.000251
0.000209
0.000200
0.000145
0.000309
0.000222
0.000254
0.000317
0.000265
0.000264
0.000270
0.000223
0.000226
0.000286
0.000266
0.000263
0.000262
0.000227
0.000299
0.000211
0.000195
0.000249
0.000258
0.000206
0.000240
0.000257
0.000250
0.000227
0.000303
0.000257
0.000264
0.000266
0.000247
0.000254
0.000251
0.000229
0.000248
0.000247
0.000224
0.000223
0.000288
0.000233
0.000218
0.000246
0.000229
0.000407
0.000232
0.000247
0.000227
0.000239
0.000230
0.000266
0.000268
0.000252
0.000270
0.000266
0.000239
0.000253
0.000246
0.000268
0.000234
0.000272
0.000241
0.000224
0.000268
0.000265
0.000262
0.000264
0.000251
0.000247
0.000224
0.000243
0.000245
0.000226
0.000266
0.001060
0.000239
0.000248
0.000291
0.000262
0.000258
0.000241
0.000256
0.000253
0.000253
0.000230
0.000246
0.000208
0.000261
0.000230
0.000254
0.000250
0.002505
0.000286
0.000269
0.000268
0.000253
0.000254
0.000282
0.000253
0.000223
0.000240
0.000279
0.000297
0.000161
0.000292
0.000225
0.000258
0.000258
0.000260
0.000269
0.000290
0.000222
0.000216
0.000264
0.000273
0.000271
0.000246
0.000189
0.000225
0.000270
0.000244
0.000237
0.000220
0.000495
0.000254
0.000240
0.000140
0.000269
0.000267
0.001374
0.000261
0.000230
0.000247
0.000287
0.000233
0.000225
0.000262
0.000238
0.002782
0.000273
0.000277
0.000290
0.000269
0.000266
0.000215
0.000243
0.000299
0.000246
0.000252
0.000355
0.000185
0.000233
0.000245
0.000253
0.000225
0.002276
0.000221
0.000233
0.000266
0.000272
0.000234
0.000246
0.000264
0.000257
0.000226
0.000268
0.000264
0.000267
0.000283
0.000255
0.000257
0.000254
0.000246
0.000223
0.000257
0.000159
0.001019
0.000221
0.000258
0.000272
0.000257
0.000265
0.000276
0.000250
0.000268
0.000254
0.000257
0.000257
0.000247
0.000255
0.000234
0.000190
0.000170
0.000246
0.000289
0.000205
0.000336
0.000270
0.000219
0.000261
0.000219
0.000226
0.000273
0.000166
0.000246
0.000131
0.000264
0.000278
0.000224
0.000263
0.000215
0.000205
0.000163
0.000205
0.000255
0.000290
0.000225
0.000290
0.000289
0.000272
0.000246
0.000348
0.000247
0.000289
0.000239
0.000238
0.000250
0.000273
0.000167
0.000251
0.000223
0.000262
0.000239
0.000257
0.000208
0.000236
0.000250
0.000247
0.000263
0.000253
0.000249
0.000272
0.000226
0.000241
0.000256
0.000234
0.000243
0.000265
0.000230
0.000220
0.000217
0.000241
0.000258
0.000223
0.000251
0.000255
0.000261
0.000247
0.000293
0.000273
0.001747
0.000245
0.000235
0.000252
0.000167
0.000223
0.000226
0.000234
0.000218
0.000267
0.000252
0.000222
0.000258
0.000160
0.000269
0.000253
0.000268
0.000221
0.000212
0.000229
0.000258
0.000254
0.000248
0.000255
0.000243
0.000254
0.000161
0.000236
0.000251
0.000271
0.000332
0.000236
0.000240
0.000272
0.000244
0.000237
0.000270
0.000284
0.000222
0.000259
0.000208
0.000259
0.000205
0.000253
0.007614
0.000287
0.000243
0.000249
0.000290
0.000256
0.002895
0.000258
0.000284
0.000259
0.000246
0.000250
0.000282
0.002580
0.000274
0.000271
0.000238
0.000282
0.000218
0.000284
0.000163
0.000278
0.000255
0.000226
0.000265
0.000297
0.000272
0.000255
0.000228
0.000223
0.000163
0.000257
0.000270
0.000253
0.000273
0.000263
0.000228
0.000226
0.000204
0.000254
0.000282
0.000256
0.000249
0.000286
0.000233
0.000225
0.000156
0.000228
0.000252
0.000309
0.000319
0.000254
0.000243
0.000232
0.000250
0.000221
0.000224
0.000272
0.000266
0.000256
0.000165
0.000227
0.000241
0.000216
0.000256
0.000262
0.000198
0.000278
0.000248
0.000236
0.000260
0.000172
0.000137
0.000242
0.000250
0.000236
0.000264
0.000236
0.000225
0.000285
0.000269
0.000245
0.000231
0.000212
0.000259
0.000280
0.000269
0.000258
0.000275
0.000269
0.000268
0.000300
0.000619
0.000238
0.000271
0.000265
0.000254
0.000199
0.000227
0.000264
0.000248
0.000247
0.000251
0.000211
0.000162
0.000236
0.000287
0.000263
0.000174
0.000368
0.000224
0.000251
0.000183
0.000285
0.000262
0.000247
0.000262
0.000202
0.000290
0.000257
0.000210
0.000251
0.000232
0.000279
0.000271
0.000254
0.000282
0.000230
0.000256
0.000292
0.000233
0.000171
0.000273
0.000251
0.000249
0.000243
0.000268
0.000288
0.000259
0.000253
0.000258
0.000265
0.000298
0.000270
0.000236
0.000277
0.000248
0.000268
0.000244
0.000268
0.000214
0.000253
0.000249
0.000319
0.000255
0.000231
0.000151
0.000236
0.000370
0.000256
0.000255
0.000217
0.000227
0.000291
0.000247
0.000226
0.000249
0.000216
0.000225
0.000275
0.000238
0.000253
0.000231
0.000173
0.000264
0.000263
0.001460
0.000309
0.000256
0.000261
0.000217
0.000199
0.000242
0.000263
0.000195
0.000250
0.000264
0.000295
0.000295
0.000271
0.000239
0.000271
0.000263
0.000352
0.000247
0.000268
0.000183
0.000261
0.000303
0.000297
0.000266
0.000291
0.000285
0.000363
0.000148
0.000219
0.000222
0.000149
0.000261
0.000287
0.000238
0.000237
0.000337
0.000253
0.000141
0.000244
0.000239
0.000252
0.003218
0.000271
0.000214
0.000264
0.000217
0.000271
0.000264
0.000267
0.000249
0.000230
0.000262
0.000145
0.000232
0.000289
0.000273
0.000254
0.000248
0.002380
0.000271
0.000239
0.000263
0.000253
0.000214
0.000290
0.000460
0.000285
0.000193
0.000254
0.000243
0.000202
0.000151
0.000258
0.000227
0.000262
0.000282
0.000253
0.000215
0.000266
0.000222
0.000268
0.000245
0.000215
0.000239
0.000165
0.000264
0.000270
0.000255
0.000275
0.000169
0.000261
0.000219
0.000268
0.000233
0.000223
0.000227
0.000230
0.002628
0.000232
0.000259
0.000285
0.000285
0.000250
0.000267
0.000248
0.001980
0.000253
0.000260
0.000258
0.000258
0.000244
0.000218
0.000272
0.000259
0.000251
0.000302
0.000302
0.000253
0.000260
0.000229
0.000284
0.000274
0.000234
0.000273
0.000294
0.000247
0.000199
0.000285
0.000217
0.000263
0.000222
0.000290
0.000261
0.000257
0.000204
0.000255
0.000183
0.000304
0.000264
0.000248
0.000259
0.000301
0.000263
0.000251
0.000247
0.000246
0.000238
0.000355
0.000249
0.000250
0.000269
0.000282
0.000257
0.000253
0.000279
0.000294
0.000290
0.000246
0.000286
0.000250
0.000163
0.000253
0.001289
0.000276
0.000216
0.000219
0.000279
0.000243
0.000265
0.000282
0.000252
0.000230
0.000257
0.000257
0.000284
0.000222
0.000235
0.000292
0.000280
0.000261
0.000196
0.000247
0.000270
0.000248
0.000265
0.000257
0.000275
0.000223
0.000233
0.000237
0.000267
0.000304
0.000224
0.000226
0.000243
0.000227
0.000271
0.000214
0.002254
0.000176
0.000234
0.000259
0.000297
0.000251
0.000259
0.000886
0.000275
0.000266
0.000256
0.000280
0.000218
0.000225
0.000280
0.002205
0.000251
0.000197
0.000209
0.000253
0.000222
0.000274
0.000237
0.000274
0.000219
0.000251
0.000289
0.000238
0.000279
0.000271
0.000252
0.001678
0.000144
0.000203
0.000240
0.000304
0.000268
0.000275
0.000257
0.002283
0.000143
0.000233
0.000253
0.000296
0.000293
0.000281
0.000198
0.000245
0.000224
0.000256
0.000219
0.000149
0.000244
0.000254
0.000292
0.000274
0.000246
0.000206
0.000243
0.000271
0.000285
0.000227
0.000162
0.000259
0.000130
0.000238
0.000288
0.000270
0.000221
0.000260
0.000184
0.000254
0.000257
0.000250
0.000266
0.000228
0.000307
0.000261
0.000274
0.000254
0.000253
0.000192
0.000256
0.000254
0.000266
0.000274
0.000223
0.000269
0.000211
0.000250
0.000228
0.000240
0.000262
0.002733
0.000271
0.000162
0.000266
0.000397
0.000247
0.000244
0.000255
0.000250
0.000195
0.000249
0.000255
0.000252
0.000239
0.000231
0.000258
0.000236
0.000257
0.000261
0.000226
0.000240
0.000258
0.000213
0.000214
0.000248
0.000255
0.000292
0.000232
0.000228
0.000224
0.000231
0.000138
0.000277
0.000204
0.000273
0.000235
0.000323
0.000252
0.000254
0.000283
0.000247
0.000221
0.000210
0.000222
0.000263
0.000241
0.002428
0.000249
0.000306
0.000228
0.000250
0.000170
0.000271
0.000591
0.000204
0.000242
0.000239
0.000262
0.000253
0.000260
0.000242
0.000279
0.000238
0.000287
0.000272
0.000228
0.000239
0.000270
0.000254
0.000267
0.000225
0.000263
0.000251
0.000232
0.000250
0.000257
0.000269
0.006149
0.000169
0.000272
0.000205
0.000239
0.000255
0.000268
0.000251
0.000224
0.000219
0.000251
0.000256
0.000260
0.000251
0.000223
0.000279
0.002363
0.000204
0.000256
0.000289
0.000255
0.000289
0.000240
0.000228
0.000217
0.000268
0.000250
0.000238
0.000226
0.000196
0.000250
0.000222
0.000273
0.000245
0.000213
0.000235
0.000224
0.000242
0.000216
0.000280
0.000245
0.000299
0.000292
0.000249
0.000224
0.000239
0.000259
0.000259
0.000257
0.000426
0.000163
0.000230
0.000765
0.000265
0.000222
0.000202
0.000232
0.000255
0.000257
0.000265
0.000230
0.000218
0.000248
0.000289
0.000260
0.000221
0.000259
0.000258
0.000163
0.000209
0.000253
0.000200
0.000191
0.000254
0.000243
0.000209
0.000223
0.000147
0.000245
0.000295
0.000256
0.000252
0.000229
0.000271
0.000239
0.000159
0.000237
0.000223
0.000290
0.000255
0.000212
0.000220
0.000166
0.000255
0.000159
0.000221
0.000155
0.000223
0.000249
0.000269
0.000223
0.000138
0.000247
0.000261
0.000250
0.000258
0.000259
0.000250
0.000270
0.001359
0.000220
0.000258
0.000215
0.000292
0.000230
0.000254
0.000216
0.000226
0.000247
0.000244
0.000252
0.002653
0.000230
0.000224
0.000212
0.000270
0.000275
0.000232
0.000264
0.000225
0.000249
0.000289
0.000266
0.000221
0.000286
0.000209
0.000284
0.000223
0.000249
0.000251
0.000302
0.000312
0.000284
0.000266
0.000248
0.000266
0.000261
0.000232
0.000249
0.000255
0.000263
0.000217
0.000254
0.000206
0.000318
0.000291
0.000260
0.000296
0.000261
0.000275
0.000245
0.000233
0.000279
0.000224
0.000268
0.000182
0.000285
0.000143
0.000250
0.000252
0.002033
0.000250
0.000211
0.000260
0.002115
0.000242
0.000254
0.000250
0.000228
0.000246
0.000254
0.000254
0.000251
0.000219
0.000336
0.000251
0.000258
0.000307
0.000330
0.000227
0.000262
0.000255
0.000219
0.000259
0.000290
0.000233
0.000224
0.000262
0.000238
0.000301
0.000227
0.000222
0.000843
0.000237
0.000260
0.000259
0.000276
0.000310
0.000235
0.000223
0.000211
0.000219
0.000183
0.000253
0.000179
0.000246
0.000242
0.000224
0.000244
0.000258
0.000251
0.000247
0.000208
0.000253
0.000228
0.000247
0.000231
0.000237
0.000254
0.000213
0.000229
0.000168
0.000228
0.002747
0.000224
0.000251
0.000238
0.000235
0.000221
0.000238
0.000254
0.000241
0.000241
0.000356
0.000249
0.000257
0.000248
0.000233
0.000234
0.002093
0.000162
0.000404
0.000269
0.000223
0.000246
0.000254
0.000232
0.000255
0.000236
0.000259
0.000235
0.000642
0.000251
0.000247
0.000265
0.000266
0.000260
0.000294
0.000291
0.000260
0.000249
0.000235
0.000263
0.000215
0.000248
0.002250
0.000413
0.000224
0.000256
0.000218
0.000241
0.000255
0.000267
0.000249
0.000242
0.000287
0.000215
0.000229
0.000159
0.000150
0.000263
0.000168
0.000439
0.006377
0.000259
0.000247
0.000227
0.000221
0.000260
0.000248
0.000223
0.000248
0.000237
0.000203
0.000254
0.000251
0.000239
0.000221
0.000251
0.000243
0.000240
0.000260
0.000249
0.000251
0.000239
0.000221
0.000197
0.000241
0.000239
0.000235
0.000253
0.000144
0.000257
0.000241
0.000233
0.000259
0.000248
0.000252
0.000277
0.000248
0.000201
0.000255
0.000214
0.000256
0.000266
0.000221
0.000218
0.000232
0.000253
0.000128
0.000259
0.000192
0.001011
0.000247
0.000221
0.000241
0.000168
0.000248
0.000233
0.006441
0.000262
0.000246
0.000238
0.000294
0.000255
0.000228
0.000229
0.000288
0.000239
0.000261
0.000224
0.000236
0.000174
0.000247
0.000270
0.000261
0.000259
0.000265
0.000255
0.000221
0.000214
0.000250
0.000157
0.000256
0.000211
0.000254
0.000257
0.000231
0.000359
0.000274
0.000293
0.000289
0.000238
0.000219
0.000225
0.000226
0.000137
0.000248
0.000263
0.000213
0.000262
0.000228
0.000297
0.000295
0.000258
0.000290
0.000302
0.000271
0.000284
0.000216
0.000243
0.000217
0.000227
0.000242
0.000248
0.000254
0.000259
0.000309
0.000262
0.000175
0.000257
0.000260
0.000258
0.000268
0.000245
0.000253
0.000245
0.000250
0.000242
0.000246
0.000230
0.000294
0.000249
0.002479
0.000246
0.000270
0.000251
0.000289
0.000255
0.000259
0.000226
0.000256
0.000267
0.000272
0.000271
0.000881
0.000191
0.000246
0.000253
0.000232
0.000211
0.000266
0.000257
0.000241
0.000325
0.000288
0.000242
0.000260
0.000256
0.000250
0.000249
0.000236
0.000254
0.000222
0.000183
0.000240
0.000272
0.000209
0.000219
0.000250
0.000219
0.000151
0.000291
0.000217
0.000211
0.000220
0.000217
0.000224
0.000253
0.000220
0.000228
0.000284
0.000228
0.000225
0.000242
0.000229
0.000240
0.000246
0.000250
0.000345
0.000272
0.000232
0.000237
0.000232
0.000258
0.000268
0.000158
0.000254
0.000235
0.000241
0.000255
0.000270
0.000221
0.000257
0.000220
0.000261
0.000253
0.000247
0.000251
0.000225
0.000278
0.000290
0.000226
0.000189
0.000287
0.000257
0.000241
0.000273
0.000148
0.000233
0.000226
0.000221
0.000238
0.000246
0.000249
0.000288
0.000307
0.000548
0.000252
0.000251
0.000228
0.000249
0.000269
0.001782
0.000204
0.000212
0.000226
0.000262
0.002363
0.000250
0.000285
0.000250
0.000213
0.000271
0.000175
0.000226
0.000129
0.000290
0.000804
0.000232
0.000263
0.000249
0.000219
0.000218
0.000130
0.000357
0.000248
0.000254
0.000234
0.000252
0.000287
0.000251
0.000258
0.000217
0.000224
0.000169
0.000276
0.000251
0.000269
0.000216
0.000239
0.000263
0.000253
0.000197
0.000254
0.000173
0.000243
0.000267
0.000247
0.000250
0.000221
0.000226
0.000253
0.000221
0.000288
0.000281
0.000253
0.000213
0.000225
0.000230
0.000260
0.000251
0.000184
0.000233
0.000347
0.000442
0.000260
0.000225
0.000288
0.000275
0.000163
0.000301
0.000300
0.000255
0.000254
0.000248
0.000233
0.000280
0.000286
0.000266
0.000235
0.000220
0.000246
0.000255
0.000177
0.000236
0.000252
0.000249
0.000250
0.000199
0.000282
0.000222
0.000234
0.000236
0.000228
0.000246
0.000240
0.000292
0.000199
0.000259
0.000243
0.000301
0.000232
0.000242
0.000258
0.000119
0.000207
0.000202
0.000271
0.000283
0.000247
0.000274
0.000256
0.000240
0.000247
0.000304
0.000254
0.000247
0.000252
0.000257
0.000249
0.000254
0.000330
0.000253
0.000247
0.000246
0.002543
0.000289
0.000265
0.000236
0.000286
0.000293
0.000244
0.000273
0.003141
0.000215
0.000210
0.000185
0.000238
0.000253
0.000238
0.000352
0.000241
0.000138
0.000256
0.000184
0.000243
0.000217
0.000237
0.000246
0.000268
0.000218
0.000274
0.000251
0.000240
0.000280
0.000188
0.000357
0.000286
0.000221
0.000310
0.000239
0.000256
0.000165
0.000253
0.000268
0.000210
0.000250
0.001837
0.000170
0.000265
0.000232
0.000265
0.000289
0.000252
0.000148
0.000268
0.000266
0.000293
0.000183
0.000219
0.000216
0.000213
0.000251
0.000259
0.000264
0.000274
0.000251
0.000261
0.000289
0.000281
0.000224
0.000234
0.000225
0.001997
0.000232
0.000169
0.000256
0.001995
0.000223
0.001704
0.000254
0.000226
0.000161
0.000205
0.000269
