0.403225
0.046696
0.079062
0.077891
0.066232
0.070335
0.073453
0.146170
0.060206
0.040416
0.024234
0.086806
0.812769
0.076725
0.030467
0.057834
0.064983
0.088999
0.797355
0.126596
0.076308
0.055393
0.079741
0.048590
0.114992
0.021727
0.140527
0.021450
0.391013
0.023947
0.074667
0.084087
0.090783
0.047749
0.056478
0.064575
0.038510
0.045151
0.060890
0.080527
0.067701
0.050554
0.051701
0.155404
0.035023
0.021838
0.790352
0.055676
0.069074
0.050713
0.291722
0.023386
0.097239
0.059871
0.070734
0.051018
0.021481
0.041265
0.022693
0.019898
0.071408
0.051872
0.346172
0.039352
0.118253
0.026925
0.299929
0.024559
0.058273
0.037150
0.051673
0.050349
0.089337
0.128971
0.028132
0.059009
0.031241
0.059181
0.088246
0.133239
0.044085
0.830464
0.035003
0.022973
0.049128
0.034712
0.038302
0.022816
0.042748
0.536214
0.044046
0.031713
0.070035
0.101098
0.063526
0.061315
0.057275
0.074719
0.057188
0.127522
0.026517
0.046666
0.048650
0.025442
0.022678
0.045946
0.083907
0.032062
0.043902
0.040160
0.062988
0.051305
0.039635
0.554146
0.031466
0.062044
0.041035
0.032791
0.039261
0.042539
0.052806
0.029484
0.033136
0.078820
0.078238
0.049942
0.031276
0.060880
0.061027
0.046950
0.046173
0.055060
0.065052
0.118938
0.049813
0.038436
0.044270
0.035532
0.031067
0.030217
0.023201
0.054245
0.055523
0.037422
0.035915
0.217886
0.038550
0.033628
0.028070
0.073988
0.039558
0.059983
0.050830
0.160549
0.104261
0.057200
0.056542
0.054558
0.025737
0.027456
0.029604
0.203810
0.179702
0.045142
0.025400
0.067997
0.053377
0.044402
0.068576
0.043998
0.052101
0.053927
0.041001
0.032407
0.026790
0.050243
0.023644
0.298866
0.032609
0.401804
0.046733
0.019745
0.035086
0.052276
0.061407
0.140077
0.034098
0.038930
0.029953
1.037578
0.020042
0.057926
0.071200
0.058962
0.042901
0.037881
0.047339
0.071933
0.115263
0.069736
0.058126
0.025169
0.110013
0.032768
0.039996
0.025834
0.068564
0.051108
0.051596
0.068711
0.063739
0.040604
0.040288
0.060057
0.042427
0.066275
0.042779
0.042778
0.065747
0.078592
0.045945
0.032558
0.060271
0.027749
0.433879
0.076358
0.068385
0.040294
0.042162
0.917034
0.042492
0.040407
0.058295
0.052276
0.042603
0.072559
0.075824
0.045684
0.087070
0.311362
0.036886
0.060868
0.082705
0.022660
0.357475
0.045612
0.040434
0.142092
0.057624
0.047507
0.044119
0.031524
0.057329
0.079195
0.608944
0.079753
0.247140
0.352723
0.064462
0.031277
0.077366
0.023865
0.042868
0.039242
0.044693
0.035591
0.084789
0.078088
0.466822
0.020815
0.027183
0.052701
0.284280
0.036195
0.078877
0.048495
0.076724
0.064801
0.127716
0.036986
0.035349
0.061315
0.566236
0.074560
0.044284
0.078602
0.044224
0.033676
0.057667
0.055662
0.062639
0.588460
0.019371
0.049471
0.055596
0.023636
0.025815
0.041491
0.030116
0.049812
0.055220
0.069652
0.038741
0.040439
0.047984
0.040712
0.033269
0.032664
0.504572
0.073664
0.023722
0.061476
0.036164
0.037103
0.052560
0.033388
0.062306
0.040576
0.046721
0.031164
0.027870
0.217966
0.074135
0.078635
0.025982
0.039313
0.025518
0.027550
0.057306
0.177312
0.082012
0.028936
0.063214
0.027744
0.055579
0.070643
0.043694
0.053724
0.028754
0.082599
0.431715
0.026795
0.029793
0.344162
0.043932
0.058048
0.036315
0.049109
0.029887
0.078753
0.068721
0.043651
0.039499
0.437441
0.070553
0.098144
0.109191
0.145997
0.070876
0.128715
0.026984
0.094076
0.094511
0.067393
0.032090
0.121647
0.025868
0.062578
0.053660
0.022575
0.032410
0.060877
0.035070
0.500890
0.027191
0.027284
0.049709
0.067997
0.020949
0.033649
0.035236
0.028551
0.289814
0.033636
0.025599
0.067837
0.026887
0.244960
0.053239
0.054594
0.051070
0.025687
0.060233
0.036091
0.048926
0.056066
0.045434
0.031294
0.041186
0.043378
0.021633
0.039712
0.067542
0.041607
0.049326
0.128245
0.028670
0.191573
0.029838
0.030608
0.062399
0.054052
0.038350
0.066398
0.057908
0.026288
0.054003
0.079352
0.516755
0.070541
0.058908
0.047588
0.076796
0.043050
0.054749
0.039901
0.033129
0.025597
0.051657
0.055759
0.043965
0.078356
0.024879
0.175457
0.054585
0.364610
0.056336
0.338223
0.024056
0.072865
0.072868
0.067329
0.056237
0.044792
0.055756
0.040425
0.514531
0.021720
1.035714
0.059654
0.081239
0.052260
0.049744
0.060326
0.069182
0.060412
0.054456
0.023800
0.042720
0.048395
0.052003
0.049799
0.046107
0.675476
0.050507
0.046115
0.081974
0.052652
0.031981
0.056906
0.028777
0.064093
0.043208
0.052687
0.062137
0.040323
0.042628
0.061752
0.046200
0.050367
0.024749
0.061693
0.029981
0.197863
0.083389
0.094255
0.487560
0.054463
0.068455
0.034041
0.085071
0.050651
0.050974
0.026299
0.176949
0.070056
0.063928
0.105766
0.024357
0.027224
0.090261
0.042795
0.049405
0.032829
0.154802
0.024722
0.093819
0.051146
0.020458
0.070897
0.052090
0.056810
0.194268
0.048453
0.081576
0.054429
0.034382
0.019954
0.058850
0.420066
0.053610
0.026586
0.075056
0.070149
0.483362
0.079096
0.050625
0.029126
0.061202
0.046653
0.032430
0.033827
0.046115
0.042595
0.039053
0.544750
0.067960
0.343296
0.037994
0.024382
0.027468
0.057370
0.031622
0.091503
0.033161
0.035675
0.059697
0.249992
0.049684
0.041203
0.337825
0.060221
0.048871
0.341024
0.023643
0.050350
0.036994
0.050160
0.069350
0.026859
0.073550
0.018999
0.038624
0.063294
0.040291
0.068458
0.037265
0.664625
0.057773
0.041679
0.064247
0.026855
0.062798
0.072559
0.084273
0.061111
0.045458
0.420856
0.036986
0.034973
0.041760
0.051314
0.056676
0.064071
0.373995
0.031380
0.044739
0.054647
0.043779
0.027703
0.344549
0.038916
0.045096
0.069461
0.021938
0.037467
0.032009
0.138653
0.084861
0.055744
0.023443
0.027851
0.063714
0.049019
0.136667
0.047220
0.020594
0.043481
0.053579
0.036827
0.053869
0.076699
0.037058
0.035963
0.058189
0.029712
0.039514
0.063699
0.060573
0.070845
0.517038
0.063559
0.038519
0.621214
0.023356
0.025990
0.042319
0.036059
0.059177
0.058667
0.031542
0.050833
0.096724
0.035244
1.226155
0.030236
0.036021
0.046727
0.370798
0.041508
0.104396
0.033097
0.046979
0.050798
0.026386
0.058891
0.440051
0.019567
0.075979
0.034479
0.027193
0.065709
0.067911
0.033782
0.058255
0.071562
0.023980
0.444401
0.038199
0.659902
0.044807
0.030152
0.050654
0.540564
0.078240
0.049328
0.059643
0.022960
0.029870
0.156421
0.032156
0.043341
0.029192
0.026042
0.068614
0.056424
0.049121
0.029299
0.069969
0.059849
0.093832
0.065720
0.027032
0.060814
0.150142
0.069837
0.062716
0.092281
0.110754
0.078455
0.064020
0.055991
0.021346
0.331110
0.044654
0.100172
0.060260
0.047614
0.054770
0.034659
0.047313
0.037319
0.109298
0.040278
0.047117
0.033637
0.035292
0.079728
0.042760
0.025750
0.076874
0.105180
0.020680
0.052871
0.037270
0.034774
0.068382
0.044341
0.032589
0.297958
0.034800
0.055023
0.049680
0.040397
0.055330
0.078189
0.034632
0.382359
0.040701
0.349231
0.096426
0.029659
0.232759
0.030797
0.044926
0.044516
0.069126
0.064557
0.056724
0.143366
0.108615
0.061917
0.041842
0.130555
0.030283
0.029751
0.057254
0.043363
0.021032
0.183554
0.042590
0.060925
0.029930
0.024532
0.063005
0.158543
0.040187
0.045533
0.028975
0.028987
0.081583
0.026618
0.054727
0.032812
0.048756
0.026140
0.444643
0.055035
0.060205
0.024342
0.312713
0.033056
0.051269
0.059026
0.033746
0.050624
0.052780
0.042321
0.041437
0.062548
0.043053
0.033153
0.027174
0.058084
0.063374
0.743221
0.143224
0.069644
0.027977
0.041928
0.052293
0.024447
0.044525
0.080303
0.054507
0.045804
0.096084
0.039925
0.480122
0.059589
0.043664
0.044118
0.539789
0.064136
0.044267
0.029528
0.083894
0.046538
0.127483
0.035389
0.022791
0.049472
0.053243
0.020300
0.034952
0.051250
0.418626
0.045182
0.253071
0.055013
0.021964
0.037764
0.049607
0.068414
0.021948
0.100149
0.061600
0.102166
0.552688
0.161237
0.374527
0.347057
0.032894
0.026882
0.056382
0.040291
0.024864
0.212001
0.023866
0.061024
0.031498
0.041061
0.063151
0.058228
0.027201
0.558697
0.049672
0.059718
0.060688
0.034258
0.030995
0.051852
0.034919
0.038155
0.028333
0.076907
0.025020
0.064551
0.043051
0.024680
0.072101
0.316795
0.833239
0.662375
0.039550
0.030463
0.039992
0.041458
0.060001
0.059602
0.055213
0.079848
0.046337
0.041839
0.115453
0.089596
0.035992
0.129906
0.066159
0.189304
0.052107
0.049885
0.034382
0.079992
0.041537
0.048811
0.038596
0.028914
0.042095
0.027863
0.056466
0.059943
0.105685
0.393710
0.036343
0.023064
0.028167
0.383825
0.034714
0.027834
0.063785
0.043805
0.070936
0.080030
0.061748
0.039782
0.055192
0.030961
0.057615
0.060434
0.061515
0.023352
0.068634
0.078736
0.060521
0.031925
0.049435
0.075789
0.072442
0.143468
0.046694
0.082390
0.022954
0.109567
0.034750
0.056832
0.055482
1.013239
0.064660
0.036425
0.053955
0.084917
0.037656
0.031662
0.042895
0.098173
0.025564
0.030513
0.106612
0.041503
0.038042
0.057467
0.030188
0.034070
0.105285
0.028779
0.153645
0.472714
0.050301
0.067747
0.063622
0.047583
0.020988
0.034983
0.062206
0.020792
0.533485
0.051333
0.037712
0.053840
0.073077
0.541026
0.020681
0.037508
0.036367
0.080537
0.037347
0.022164
0.054079
0.056804
0.026616
0.046536
0.065182
0.096391
0.054422
0.043517
0.020032
0.072584
0.036761
0.076600
0.103178
0.062848
0.027174
0.572250
0.080148
0.025096
0.026077
0.050758
0.019523
0.048199
0.034702
0.169682
0.276225
0.055263
0.040443
0.064275
0.021066
0.723715
0.050666
0.040040
0.056360
0.059277
0.040033
0.033135
0.030101
0.133193
0.030465
0.070420
0.093006
0.046488
0.029112
0.067921
0.382495
0.023951
0.065059
0.359774
0.037124
0.031957
0.238403
0.078573
0.039079
0.077826
0.804707
0.075154
0.057758
0.040775
0.120714
0.056167
0.040253
0.044455
0.082878
0.317806
0.038398
0.071920
0.060628
0.165527
0.688463
0.080153
0.052271
0.039435
0.065471
0.044762
0.044172
0.043725
0.103027
0.055737
0.050247
0.337693
0.043830
0.425381
0.660053
0.030312
0.039029
0.095065
0.066270
0.035163
0.041271
0.036391
0.047923
0.045010
0.282654
0.053338
0.029591
0.229126
0.035671
0.039042
0.064526
0.040610
0.087505
0.049477
0.029561
0.051132
0.066804
0.045666
0.059207
0.071463
0.048586
0.019403
0.666338
0.042559
0.026986
0.065162
0.041199
0.038889
0.487765
0.047136
0.040560
0.050385
0.056399
0.063201
0.050294
0.037230
0.400515
0.220171
0.032737
0.327373
0.070266
0.047928
0.066853
0.036849
0.044604
0.071150
0.041468
0.028836
0.054090
0.059417
0.041326
0.065047
0.060051
0.054876
0.084580
0.051438
0.059039
0.035295
0.065810
0.080244
0.518493
0.033268
0.085036
0.042399
0.035869
0.082986
0.030368
0.057016
0.061196
0.034631
0.035136
0.054225
0.022447
0.051695
0.054070
0.049672
0.021910
0.051515
0.053842
0.101865
0.033673
0.065507
0.061724
0.130845
0.047730
0.054601
0.056142
0.059447
0.026948
0.031673
0.045095
0.054739
0.054596
0.029371
0.060232
0.023326
0.060580
0.032597
0.027658
0.040917
0.052495
0.040898
0.052261
0.055231
0.062047
0.098959
0.043510
0.077595
0.055795
0.047031
0.072696
0.650835
0.067750
0.166940
0.082995
0.065560
0.046054
0.023208
0.051943
0.077837
0.045094
0.019938
0.068019
0.047570
0.029740
0.096042
0.075658
0.059152
0.588599
0.053828
0.230822
0.084125
0.043530
0.084429
0.042337
0.079369
0.091554
0.024725
0.028119
0.049805
0.052003
0.022835
0.031709
0.064237
0.059343
0.519608
0.026435
0.079844
0.374982
0.049551
0.096204
0.208991
0.053422
0.037922
0.065603
0.189499
0.500943
0.105692
0.034826
0.059866
0.052006
0.067207
0.438576
0.053475
0.038555
0.321154
0.451655
0.071346
0.047825
0.073274
0.037920
0.073609
0.048236
0.035850
0.052871
0.047829
0.066770
0.037981
0.071816
0.024912
0.078384
0.037390
0.028910
0.054434
0.022035
0.666611
0.062103
0.036680
0.052679
0.055287
0.060477
0.056311
0.032407
0.070267
0.039409
0.073001
0.036157
0.814347
0.052597
0.043756
0.046026
0.045575
0.044374
0.380969
0.056956
0.023667
0.069953
0.078600
0.074505
0.301230
0.064253
0.064801
0.043427
0.030338
0.056648
0.024362
0.071751
0.019409
0.060281
0.055865
0.165830
0.035353
0.050464
0.056733
0.073864
0.066325
0.038781
0.079109
0.094298
0.148583
0.157145
0.037504
0.019751
0.047820
0.028313
0.118714
0.050020
0.035640
0.069629
0.057677
0.040114
0.034882
0.032705
0.051463
0.058899
0.058122
0.033245
0.166465
0.020203
0.050680
0.275427
0.086534
0.036781
0.042129
0.064002
0.053993
0.019882
0.048543
0.057993
0.050663
0.212520
0.026301
0.079945
0.166678
0.032998
0.035906
0.049295
0.049440
0.072101
0.028073
0.053511
0.046082
0.055633
0.058235
0.045988
0.064191
0.358125
0.247052
0.054334
0.061827
0.046271
0.024488
0.175571
0.025161
0.072818
0.074891
0.608092
0.086210
0.087364
0.045270
0.035158
0.069949
0.494271
0.061473
0.045414
0.059469
0.127164
0.075412
0.037603
0.021229
0.034372
0.055774
0.381062
0.082263
0.490531
0.044144
0.107717
0.061672
0.086130
0.020269
0.058294
0.064102
0.031504
0.043641
0.124875
0.061499
0.028789
0.027041
0.092940
0.063664
0.031998
0.082167
0.466876
0.060684
0.082925
0.093733
0.052062
0.062498
0.022270
0.100483
0.073123
0.047800
0.071878
0.063978
0.051469
0.035274
0.044530
0.060482
0.455932
0.041709
0.133722
0.020362
0.068256
0.031485
0.052676
0.064104
0.042164
0.027093
0.036424
0.027449
0.027250
0.027154
0.041428
0.061811
0.062316
0.026851
0.071699
0.041355
0.036287
0.063723
0.048250
0.023869
0.077962
0.363326
0.282925
0.031534
0.020605
0.057094
0.059886
0.021047
0.511906
0.064489
0.025880
0.041311
0.035576
0.056607
0.080153
0.055092
0.040628
0.028118
0.685647
0.087680
0.051280
0.037880
0.077335
0.066578
0.076259
0.134791
0.031445
0.092166
0.067133
0.069711
0.032394
0.039305
0.117563
0.052478
0.169491
0.055679
0.088196
0.085970
0.031402
0.032217
0.062979
0.066943
0.022843
0.065224
0.065600
0.033966
1.068535
0.031870
0.205990
0.043235
0.038237
0.143570
0.054408
0.027251
0.040882
0.041697
0.059972
0.026185
0.037830
0.037601
0.057871
0.037405
0.188155
0.073774
0.083252
0.028499
0.043150
0.058185
0.053098
0.053360
0.054816
0.062164
0.046673
0.032026
0.047469
0.065770
0.067432
0.061219
0.042515
0.033694
0.369831
0.166480
0.065317
0.073654
0.038467
0.281458
0.121306
0.048045
0.059559
0.058427
0.060174
0.052567
0.068997
0.044891
0.051227
0.519415
0.079234
0.567220
0.045284
0.067319
0.019050
0.059435
0.075228
0.067859
0.083908
0.068239
0.386441
0.106088
0.098250
0.153019
0.042151
0.628657
0.040328
0.056579
0.099878
0.078038
0.103117
0.044393
0.056616
0.046479
0.063184
0.038230
0.020425
0.027328
0.063644
0.054151
0.058191
0.050727
0.030452
0.046880
0.085656
0.066295
0.043164
0.057848
0.557249
0.045263
0.044031
0.090398
0.107024
0.047584
0.068599
0.061624
0.059398
0.186040
0.032967
0.042351
0.050362
0.034106
0.413753
0.047439
0.042770
0.056544
0.058793
0.077126
0.148602
0.041200
0.025607
0.353098
0.053501
0.043425
0.046439
0.069744
0.053986
0.028573
0.570650
0.065620
0.032398
0.067427
0.060424
0.044277
0.031760
0.025989
0.060978
0.574791
0.028366
0.056125
0.059157
0.053277
0.046502
0.056964
0.098173
0.036030
0.049179
0.046679
0.037581
0.052366
0.027429
0.062372
0.065253
0.288564
0.043472
0.113497
0.062426
0.051879
0.201422
0.063699
0.033792
0.184784
0.037622
0.081770
0.052455
0.063544
0.053792
0.148921
0.072361
0.026973
0.038114
0.033884
0.607714
0.046274
0.039663
0.056949
0.056357
0.052036
0.043777
0.056829
0.071577
0.047761
0.223695
0.071034
0.043985
0.183556
0.053556
0.059610
0.090968
0.059479
0.056451
0.072428
0.039493
0.056614
0.034063
0.092571
0.038649
0.035518
0.232840
0.041667
0.031898
0.049067
0.074755
0.073744
0.119676
0.038934
0.022527
0.032963
0.046504
0.052795
0.442594
0.025261
0.099638
0.055188
0.055551
0.023601
0.051607
0.239159
0.091142
0.053391
0.050237
0.063176
0.041811
0.041335
0.027451
0.039368
0.058628
0.166592
0.036579
0.025928
1.222356
0.041687
0.254358
0.023437
0.023257
0.044750
0.022873
0.039510
0.030572
0.041498
0.020066
0.067811
0.050197
0.030299
0.030350
0.081668
0.027028
0.043529
0.045077
0.027955
0.498232
0.046053
0.061007
0.055548
0.050112
0.064109
0.036154
0.036648
0.061443
0.076102
0.286596
0.059889
0.060281
0.027179
0.023757
0.105010
0.051208
0.056980
0.024388
0.037286
0.363577
0.046657
0.038042
0.069751
0.034785
0.100305
0.028164
0.442349
0.046719
0.042090
0.106717
0.073405
0.023730
0.029108
0.054617
0.027736
0.061093
0.037489
0.024089
0.040718
0.050888
0.045115
0.074235
0.066734
0.051536
0.379658
0.096642
0.036009
0.036900
0.469311
0.022559
0.260045
0.022703
0.355967
0.022398
0.047114
0.042961
0.049131
0.046367
0.043693
0.055621
0.479751
0.025587
0.073183
0.033718
0.346143
0.051929
0.069980
0.065600
0.024280
0.048286
0.055350
0.041871
0.022844
0.019871
0.071448
0.043504
0.079112
0.071997
0.058432
0.030181
0.247434
0.035066
0.063052
0.216972
0.224791
0.062048
0.055881
0.062381
0.024213
0.042341
0.317200
0.041060
0.059191
0.062523
0.035125
0.066353
0.044827
0.033621
0.047547
0.098801
0.054670
0.869191
0.069228
0.270453
0.032477
0.021981
0.043319
0.026569
0.069605
0.045237
0.050179
0.073596
0.057797
0.040814
0.051967
0.374584
0.038386
0.059253
0.577366
0.025326
0.029827
0.053205
0.020862
0.025570
0.065444
0.023689
0.093213
0.035073
0.024175
0.031844
0.048389
0.061776
0.078652
0.050827
0.083906
0.202650
0.168073
0.061251
0.027287
0.052937
0.040087
0.056513
0.112307
0.063375
0.053847
0.030135
0.134345
0.055654
0.081997
0.065702
0.034875
0.062804
0.045020
0.053836
0.466893
0.035065
0.082517
0.066600
0.057469
0.076755
0.039211
0.511419
0.148468
0.023542
0.035588
0.057617
0.038666
0.026462
0.050764
0.029262
0.056189
0.024211
0.036977
0.049904
0.046951
0.030908
0.099376
0.020616
0.025599
0.071125
0.066596
0.109957
0.057077
0.027126
0.035236
0.038305
0.058514
0.046085
0.031188
0.331633
0.036949
0.061374
0.040577
0.373963
0.052573
0.403762
0.326558
0.084089
0.065087
0.051107
0.337414
0.023532
0.040883
0.136279
0.040299
0.044958
0.138917
0.027696
0.043076
0.055672
0.249445
0.072880
0.375173
0.102618
0.044367
0.257035
0.044128
0.047234
0.080771
0.430163
0.044895
0.101700
0.400962
0.061180
0.094955
0.042549
0.052579
0.046319
0.027853
0.156666
0.068913
0.037490
0.045416
0.088177
0.067367
0.056411
0.076618
0.093620
0.074622
0.050407
0.058742
0.286827
0.262696
0.064969
0.050340
0.036501
0.056868
0.068173
0.046946
0.056804
0.025127
0.085651
0.020908
0.129416
0.053795
0.168490
0.539816
0.311008
0.035488
0.045774
0.035725
0.079962
0.057466
0.033943
0.039308
0.097999
0.028177
0.023384
0.084094
0.100819
0.025214
0.116268
0.037383
0.077962
0.037246
0.019027
0.061387
0.056614
0.037772
0.142417
0.029809
0.053767
0.054509
0.040820
0.226531
0.047359
0.034461
0.044769
0.053558
0.026108
0.059359
0.037556
0.108261
0.020592
0.168387
0.058278
0.030679
0.040214
0.548826
0.045690
0.023048
0.070075
0.274484
0.042778
0.026567
0.038687
0.249243
0.433685
0.024348
0.036933
0.108585
0.043262
0.059343
0.031206
0.074040
0.044185
0.051614
0.032311
0.064535
0.063327
0.057117
0.506944
0.071135
0.063083
0.061857
0.107921
0.024019
0.604414
0.089195
0.090762
0.045055
0.033207
0.057035
0.042660
0.067536
0.042466
0.046598
0.051358
0.183855
0.094222
0.040023
0.067785
0.048303
0.034146
0.040988
0.041288
0.031278
0.077736
0.174146
0.025966
0.093625
0.040490
0.064452
0.079684
0.030707
0.053842
0.054859
0.088736
0.080873
0.785988
0.341773
0.062976
1.442508
0.026206
0.064594
0.043311
0.059438
0.057369
0.043100
0.099755
0.038827
0.115134
0.056815
0.046090
0.067075
0.027085
0.030243
0.974262
0.328807
0.021844
0.061726
0.025417
0.066786
0.040251
0.043036
0.054451
0.035968
0.065182
0.067042
0.076445
0.050846
0.064157
0.066795
0.048734
0.093142
0.101073
0.040783
0.034884
0.059784
0.063320
0.448457
0.056918
0.033952
0.114094
0.034836
0.027463
0.040392
0.092899
0.033430
0.056893
0.026645
0.028757
0.036565
0.022917
0.184432
0.067042
0.040368
0.261568
0.049019
0.243035
0.093438
0.044603
0.072723
0.047066
0.058558
0.052859
0.190084
0.033161
0.033161
0.048712
0.044408
0.056257
0.020212
0.032929
0.024935
0.058355
0.019333
0.066261
0.020335
0.105956
0.075331
0.030325
0.054925
0.237456
0.085916
0.054995
0.123798
0.537148
0.047254
0.032522
0.540081
0.083195
0.020464
0.068914
0.057707
0.233646
0.049870
0.064487
0.128785
0.028731
0.074158
0.047355
0.063388
0.429234
0.027446
0.050714
0.069771
0.075138
0.030875
0.065986
0.049013
0.019943
0.078204
0.048446
0.032745
0.037258
0.051475
0.020805
0.031334
0.346192
0.019979
0.065545
0.045901
0.026531
0.543528
0.054185
0.048779
0.065682
0.028867
0.050084
0.021657
0.491909
0.042016
0.053366
0.728363
0.081390
0.113579
0.053044
0.030656
0.127996
0.032178
0.063510
0.065853
0.082400
0.058683
0.306580
0.041977
0.041125
0.055230
0.030670
0.049162
0.070827
0.075281
0.064777
0.087212
0.026183
0.040340
0.103833
0.022768
0.030140
0.055988
0.034777
0.367844
0.100579
0.041628
0.043836
0.052595
0.437196
0.395000
0.111490
0.031024
0.071194
0.028723
0.039777
0.029289
0.023710
0.473723
0.040447
0.071620
0.063466
0.055494
0.026235
0.098318
0.065802
0.033985
0.076477
0.026871
0.035131
0.041618
0.078122
0.055344
0.029878
0.086497
0.042035
0.039039
0.077285
0.539989
0.037970
0.025177
0.050282
0.023647
0.329537
0.022971
0.049280
0.070804
0.044715
0.048065
0.035958
0.883964
0.029176
0.052500
0.032749
0.060441
0.111361
0.041906
0.024990
0.537627
0.053865
0.043427
0.039870
0.073245
0.025090
0.132092
0.026770
0.031754
0.028768
0.057627
0.063100
0.060754
0.035765
0.031010
0.031434
0.096834
0.040893
0.062612
0.112330
0.054006
0.031984
0.415623
0.090693
0.068626
0.033321
0.039420
0.032183
0.080869
0.036968
0.024291
0.041497
0.051470
0.242651
0.048386
0.096513
0.064523
0.195133
0.051733
0.345091
0.046397
0.039753
0.124211
0.072624
0.050105
0.022206
0.024163
0.021067
0.082520
0.083316
0.430122
0.037221
0.048864
0.059194
0.052573
0.348341
0.025755
0.082808
0.026905
0.031124
0.364934
1.007759
0.050462
0.052258
0.061042
0.042952
0.169076
0.090608
0.045428
0.052545
0.036459
0.061564
0.048742
0.034995
0.043820
0.026639
0.022119
0.875047
0.043589
0.036746
0.067897
0.075453
0.033811
0.089620
0.067513
0.058756
0.044156
0.034063
0.110031
0.047987
0.028130
0.075352
0.320158
0.036659
0.028699
0.052404
0.028320
0.081666
0.033012
0.024370
0.064012
0.034419
0.059257
0.039479
0.068280
0.056406
0.075758
0.252461
0.153575
0.160199
0.058886
0.057000
0.024144
0.040464
0.035055
0.043282
0.025473
0.024347
0.040397
0.079334
0.027995
0.555162
0.046662
0.033618
0.273425
0.562196
0.234395
0.043963
0.048020
0.043950
0.049401
0.064700
0.065179
0.037569
0.022826
0.067696
0.070190
0.035278
0.050620
0.042179
0.044920
0.052382
0.025926
0.258249
0.118803
0.037351
0.031161
0.043189
0.054137
0.064069
0.042162
0.066760
0.050648
0.050497
0.070333
0.039663
0.041064
0.058500
0.046768
0.129404
0.043880
0.090090
0.024649
0.050232
0.038599
0.034556
0.054276
0.042847
0.036995
0.034867
0.040551
0.540244
0.047580
0.029736
0.041987
0.026037
0.054497
0.445895
0.050611
0.072699
0.032522
0.056301
0.199537
0.048649
0.034352
0.044374
0.023564
0.199613
0.070736
0.044266
0.073455
0.092782
0.027225
0.039593
0.052881
0.043349
0.035308
0.152318
0.027646
0.049943
0.079168
0.056005
0.057522
0.449195
0.030418
0.054564
0.041232
0.204110
0.026759
0.071227
0.196632
0.048033
0.101215
0.026063
0.049717
0.065321
0.081169
0.073804
0.056079
0.058211
0.058225
0.026123
0.070501
0.021600
0.045748
0.064918
0.139091
0.023805
0.048461
0.029499
0.034844
0.039225
0.052139
0.546516
0.020267
0.022136
0.063709
0.065953
0.030409
0.029944
0.030582
0.040348
0.092547
0.023295
0.038109
0.038644
0.086382
0.024528
0.040786
0.054899
0.675269
0.133625
0.032898
0.071430
0.042705
0.221025
0.074835
0.056478
0.043663
0.027495
0.030859
0.038907
0.132280
0.080630
0.061878
0.201652
0.063054
0.027058
0.054174
0.039192
0.034543
0.096308
0.029948
0.062255
0.111185
0.026743
0.310906
0.101551
0.622120
0.060349
0.080352
0.036668
0.022192
0.170413
0.041830
0.034702
0.338866
0.061517
0.022990
0.054445
0.042873
0.049357
0.097330
0.050658
0.074290
0.043208
0.040734
0.047892
0.049787
0.428809
0.545868
0.026207
0.067165
0.097510
1.078740
0.019900
0.033153
0.045892
0.048192
0.524705
0.062308
0.035581
0.026667
0.047071
0.071293
0.061832
0.069688
0.026362
0.056201
0.061326
0.049762
0.039789
0.035556
0.056153
0.021621
0.046558
0.034837
0.030648
0.032664
0.042256
0.094985
0.037602
0.063121
0.044019
0.034199
0.052536
0.024819
0.026768
0.062561
0.061560
0.060085
0.061225
0.037365
0.049139
0.052999
0.040384
0.074335
0.049281
0.020040
0.027895
0.042533
0.028445
0.066961
0.024228
0.027408
0.028365
0.041934
0.073062
0.039990
0.062550
0.042490
0.046973
0.065003
0.058336
0.042664
0.037431
0.025213
0.060165
0.061543
0.153756
0.087591
0.673908
0.369340
0.031680
0.052705
0.061841
0.023289
0.032529
0.047362
0.081416
0.027854
0.027514
0.024324
0.029124
0.062412
0.052071
0.060955
0.057988
0.045501
0.051722
0.020689
0.063165
0.020521
0.049916
0.032591
0.033099
0.075857
0.140878
0.041577
0.029530
0.084286
0.021005
0.076656
0.244456
0.047738
0.022964
0.023676
0.033980
0.032013
0.058570
0.033629
0.046201
0.065929
0.075125
0.063051
0.044698
0.039876
0.031677
0.022109
0.197202
0.038079
0.035274
0.065452
0.029727
0.056095
0.053599
0.048894
0.032653
0.055702
0.067722
0.055196
0.032695
0.046629
0.055998
0.501696
0.065152
0.033811
0.088535
0.065015
0.037180
0.052706
0.077282
0.391917
0.045713
0.695289
0.046090
0.043444
0.047579
0.066996
1.038036
0.822678
0.024891
0.043807
0.024490
0.050304
0.087023
0.031799
0.674042
0.026921
0.067991
0.083561
0.026044
0.056543
0.027067
0.082096
0.031677
0.097240
0.040374
0.037433
0.022114
0.045348
0.054153
0.036934
0.075548
0.214375
0.033734
0.024580
0.068231
0.327673
0.030642
0.024377
0.040773
0.070859
0.024526
0.025318
0.044014
0.041291
0.052315
0.079032
0.026698
0.051008
0.027842
0.104802
0.064579
0.075946
0.388228
0.110101
0.027022
0.077981
0.036682
0.082435
0.061372
0.075031
0.039047
0.046461
0.065194
0.061279
0.038411
0.021631
0.073324
0.043130
0.023193
0.037666
0.024683
0.101090
0.192685
0.958135
0.063481
0.048026
0.049406
0.075297
0.021028
0.047786
0.036627
0.041883
0.066024
0.064259
0.040801
0.062194
0.042691
0.022904
0.257447
0.439790
0.595051
0.020060
0.077928
0.065631
0.037129
0.067976
0.050265
0.084735
0.031917
0.528298
0.034340
0.026052
0.034757
0.044802
0.073600
0.038121
0.072717
0.050561
0.060441
0.027244
0.053078
0.045660
0.580057
0.060169
0.048322
0.035559
0.085847
0.264604
0.020119
0.080754
0.039330
0.076003
0.052184
0.042394
0.057641
0.039258
0.052691
0.051235
0.120332
0.036411
0.040347
0.039167
0.064559
0.252156
0.041399
0.082005
0.020477
0.075764
0.032213
0.068164
0.044603
0.364245
0.085635
0.441087
0.580488
0.026508
0.038794
0.188265
0.032030
0.035418
0.054774
0.024635
0.020212
0.163884
0.066728
0.036478
0.092932
0.036191
0.026735
0.069435
0.034302
0.076722
0.063860
0.060472
0.053938
0.074816
0.080182
0.064209
0.056547
0.054682
0.047542
0.048362
0.035171
0.040054
0.221931
0.040796
0.039765
0.064562
0.077908
0.068297
0.022104
0.068320
0.041618
0.051368
0.073953
0.052111
0.102649
0.045231
0.467258
0.021923
0.057139
0.071075
0.052077
0.025871
0.115272
0.023427
0.039147
0.062676
0.062695
0.060884
0.102297
0.054207
0.033195
0.065625
0.043364
0.027797
0.063489
0.063858
0.245082
0.058643
0.055358
0.379240
0.026164
0.030767
0.064582
0.036559
0.032746
0.043654
0.056513
0.035583
0.036372
0.041328
0.066091
0.026476
0.030800
0.064201
0.026565
0.064789
0.033694
0.058170
0.080445
0.055538
0.031633
0.065350
0.130460
0.033314
0.051627
0.024916
0.085741
0.028229
0.067640
0.046605
0.030506
0.048864
0.075397
0.537564
0.071220
0.075732
0.034969
0.053305
0.058006
0.140376
0.078446
0.030685
0.097075
0.032233
0.045861
0.038049
0.053742
0.111216
0.065695
0.044775
0.062350
0.499822
0.067923
0.083567
0.059382
0.062847
0.027542
0.072118
0.055508
0.054605
0.065936
0.034828
0.167838
0.027803
0.052229
0.077370
0.044295
0.054130
0.492775
0.463863
0.038030
0.202738
0.070847
0.025601
0.027174
0.045883
0.066977
0.241567
0.028260
0.032436
0.040099
0.419086
0.061626
0.035450
0.072348
0.037866
0.020434
0.034212
0.087465
0.035507
0.043217
0.068224
0.026326
0.078369
0.064614
0.022432
0.032999
0.030817
0.044386
0.057266
0.050008
0.047717
0.640994
0.027268
0.021842
0.038735
0.024158
0.318671
0.052951
0.028286
0.029186
0.031728
0.047916
0.062865
0.056192
0.054962
0.060914
0.312073
0.033859
0.314000
0.046891
0.054460
0.027254
0.059745
0.065693
0.052744
0.029513
0.047032
0.057916
0.046239
0.024625
0.021679
0.306855
0.026800
0.030212
0.051532
0.064308
0.040343
0.054650
0.042996
0.095745
0.039880
0.045843
0.030572
0.059601
0.612860
0.051536
0.079189
0.066915
0.421328
0.045515
0.321214
0.037991
0.071996
0.031469
0.045170
0.028317
0.068332
0.044228
0.064193
0.023029
0.035933
0.059969
0.183227
0.026222
0.019889
0.876950
0.073038
0.166350
0.060538
0.087391
0.068448
0.073387
0.053259
0.068193
0.126552
0.169351
0.050065
0.076829
0.072503
0.121935
0.032916
0.095626
0.187338
0.172105
0.072322
0.022679
0.023094
0.058677
0.073593
0.157873
0.078247
0.080461
0.023282
0.042179
0.113557
0.036822
0.070269
0.044177
0.025702
0.020700
0.598968
0.029141
0.232415
0.070098
0.028107
0.040135
0.065195
0.024965
0.094207
0.020589
0.104056
0.064965
0.066503
0.042443
0.045776
0.058502
0.073579
0.035612
0.070109
0.026750
0.021127
0.050474
0.056291
0.041989
0.033390
0.030832
0.076256
0.027806
0.063755
0.052683
0.024003
0.024153
0.109997
0.055322
0.035742
0.069010
0.043954
0.070708
0.044706
0.035474
0.047312
0.350987
0.621992
0.102607
0.041023
0.020698
0.164398
0.058933
0.044097
0.031835
0.021805
0.032119
0.048945
0.022134
0.021189
0.055359
0.026689
0.048865
0.038083
0.070425
0.523471
1.373505
0.033337
0.034845
0.247103
0.040147
0.153083
0.068478
0.034051
0.067313
0.019924
0.020621
0.040862
0.029955
0.058944
0.093732
0.031684
0.037986
0.063061
0.074251
0.040098
0.029450
0.061446
0.026426
0.023644
0.047128
0.026099
0.085124
0.045884
0.056734
0.387612
0.033449
0.026163
0.379054
0.051636
0.056852
0.054039
0.055293
0.177416
0.026597
0.020533
0.025663
0.035102
0.044135
0.047222
0.031574
0.087766
0.044329
0.067893
0.052345
0.025392
0.055731
0.055533
0.036579
0.323482
0.065621
0.089070
0.037515
0.051177
0.067323
0.065616
0.313726
0.058574
0.029288
0.123003
0.031709
0.056487
0.028883
0.110786
0.041290
0.071627
0.064762
0.059911
0.048030
0.134590
0.037640
0.051585
0.036462
0.369162
0.022302
0.305066
0.034088
0.088580
0.067558
0.064026
0.034823
0.073058
0.042278
0.395193
0.025425
0.058074
0.029318
0.066700
0.059499
0.050087
0.023294
0.073315
0.047656
0.059138
0.053501
0.057814
0.031107
0.262215
0.024796
0.056167
0.039967
0.058077
0.023088
0.056033
0.077318
