0.000290
0.000252
0.012542
0.000251
0.033551
0.000251
0.011571
0.000233
0.017788
0.000249
0.005148
0.003778
0.000231
0.000264
0.006346
0.000239
0.000225
0.000232
0.000237
0.000235
0.000216
0.000239
0.000240
0.000234
0.000239
0.000203
0.000237
0.000228
0.000227
0.000232
0.000224
0.000233
0.000231
0.000233
0.000235
0.000248
0.000291
0.000971
0.000244
0.000239
0.000244
0.001853
0.000207
0.000228
0.000208
0.000236
0.000231
0.000238
0.000231
0.000234
0.000243
0.000242
0.000218
0.000226
0.000232
0.000243
0.000151
0.000255
0.018306
0.000217
0.000243
0.000181
0.000268
0.000253
0.000216
0.000211
0.000199
0.000227
0.000218
0.000225
0.000222
0.000236
0.000220
0.000245
0.000161
0.000230
0.000212
0.000234
0.000242
0.000207
0.000218
0.000210
0.000283
0.000217
0.000259
0.000236
0.000237
0.000225
0.000243
0.000248
0.000243
0.000825
0.000245
0.000233
0.005963
0.000240
0.000222
0.000199
0.000241
0.000239
0.000227
0.000237
0.000224
0.000215
0.000225
0.000225
0.000230
0.000239
0.000242
0.000216
0.003626
0.000238
0.000232
0.000215
0.000241
0.000234
0.000231
0.000270
0.000408
0.000224
0.000234
0.000248
0.000233
0.000239
0.000244
0.000269
0.000213
0.000276
0.000213
0.000239
0.002124
0.000236
0.000256
0.000245
0.000249
0.000241
0.001752
0.000244
0.000270
0.000319
0.000242
0.000232
0.000244
0.000333
0.000241
0.000230
0.000272
0.000242
0.000226
0.000259
0.000235
0.000187
0.000236
0.000231
0.000248
0.000231
0.000242
0.000216
0.000237
0.000239
0.000233
0.000240
0.000174
0.000318
0.000270
0.000244
0.000241
0.000196
0.000229
0.000243
0.000249
0.000238
0.000227
0.000215
0.000211
0.000312
0.000236
0.000220
0.000232
0.000191
0.000242
0.000168
0.003335
0.000235
0.000233
0.000237
0.000226
0.000222
0.000198
0.000240
0.000163
0.000249
0.000252
0.000245
0.000232
0.000234
0.000211
0.000233
0.000232
0.000248
0.000206
0.000240
0.000238
0.000232
0.000217
0.000244
0.000234
0.000213
0.000231
0.000240
0.000279
0.000244
0.000237
0.000223
0.000153
0.000229
0.000241
0.000244
0.000212
0.000264
0.000243
0.000228
0.000237
0.002137
0.000210
0.000214
0.000228
0.000281
0.000228
0.000228
0.000216
0.000241
0.000242
0.000239
0.000232
0.000232
0.000240
0.000239
0.000233
0.000233
0.000199
0.000237
0.000449
0.000267
0.000249
0.000232
0.000177
0.000229
0.000222
0.000228
0.000230
0.000204
0.000242
0.000254
0.000143
0.000232
0.000157
0.000227
0.000231
0.000167
0.000228
0.000242
0.000240
0.000240
0.000235
0.000238
0.000236
0.000264
0.000251
0.000241
0.000219
0.000238
0.000232
0.000279
0.000237
0.000240
0.000229
0.000298
0.000242
0.000200
0.000238
0.000238
0.000228
0.000253
0.000240
0.000426
0.000240
0.000242
0.000241
0.000235
0.000224
0.000242
0.000226
0.000229
0.000215
0.000230
0.000240
0.000231
0.000222
0.000241
0.000242
0.000196
0.000215
0.000237
0.000216
0.000246
0.000240
0.000234
0.000234
0.000244
0.000232
0.000212
0.000229
0.003922
0.000251
0.000242
0.000954
0.000237
0.000225
0.001524
0.000216
0.000241
0.000242
0.000245
0.000239
0.000243
0.000242
0.000208
0.000214
0.000166
0.000164
0.000236
0.000188
0.000217
0.000239
0.000264
0.000255
0.000252
0.000235
0.000214
0.000224
0.000245
0.000220
0.000255
0.000232
0.000239
0.000237
0.000631
0.000237
0.000218
0.000239
0.000251
0.000237
0.000239
0.000224
0.000263
0.000232
0.000242
0.000249
0.000242
0.000228
0.000241
0.000233
0.000269
0.000274
0.000217
0.000228
0.000243
0.000244
0.000240
0.000229
0.000230
0.000234
0.000271
0.000234
0.000244
0.000259
0.000245
0.000237
0.000241
0.000302
0.000240
0.000237
0.000242
0.000240
0.000240
0.000234
0.000189
0.000235
0.000244
0.000219
0.000238
0.003041
0.000235
0.000236
0.000252
0.000473
0.000217
0.000248
0.000239
0.000233
0.000240
0.000139
0.000173
0.000242
0.000219
0.000234
0.000137
0.000240
0.000240
0.000226
0.000210
0.000489
0.000237
0.000224
0.000239
0.000239
0.000167
0.000240
0.000238
0.000253
0.000218
0.000230
0.002651
0.001958
0.000240
0.000181
0.000219
0.000207
0.000243
0.000233
0.000234
0.000240
0.000275
0.000174
0.000249
0.000248
0.000183
0.000217
0.000247
0.000209
0.000243
0.000240
0.000236
0.000229
0.000239
0.000179
0.000237
0.000234
0.000236
0.000244
0.000236
0.000277
0.003212
0.000244
0.000217
0.000287
0.000220
0.000240
0.000246
0.000234
0.000242
0.000234
0.000219
0.000294
0.000244
0.000237
0.000246
0.000223
0.000242
0.000209
0.000256
0.000244
0.000187
0.000241
0.000244
0.000247
0.000213
0.000265
0.000233
0.000201
0.000237
0.000199
0.000219
0.000252
0.000226
0.000232
0.000234
0.000231
0.000305
0.000265
0.000235
0.003215
0.000243
0.000232
0.000241
0.000199
0.000246
0.000226
0.000271
0.000282
0.000220
0.000197
0.000235
0.000146
0.000189
0.000226
0.000237
0.000241
0.000224
0.000230
0.001181
0.000240
0.000243
0.000248
0.000217
0.000247
0.000245
0.000208
0.000244
0.000234
0.000209
0.000233
0.000215
0.000205
0.000258
0.000219
0.000195
0.000216
0.000238
0.000222
0.000239
0.000243
0.000307
0.000241
0.000146
0.000247
0.000239
0.000258
0.000244
0.000219
0.000236
0.000241
0.000240
0.000242
0.000244
0.000214
0.000155
0.000239
0.000290
0.000241
0.000246
0.000231
0.000182
0.000197
0.000236
0.000250
0.000194
0.000236
0.000229
0.000260
0.000232
0.000241
0.000183
0.000219
0.000227
0.000187
0.000250
0.000238
0.000238
0.000209
0.000230
0.000239
0.000235
0.000243
0.000239
0.000240
0.000235
0.000259
0.000237
0.000170
0.000214
0.000245
0.000243
0.000216
0.000214
0.000247
0.000241
0.000168
0.000234
0.000236
0.000257
0.000246
0.000231
0.000241
0.000240
0.000223
0.000237
0.000231
0.000229
0.000236
0.000237
0.000246
0.000251
0.000169
0.000240
0.000240
0.000246
0.000202
0.000246
0.000248
0.000245
0.003462
0.000250
0.000219
0.000225
0.001484
0.000244
0.000199
0.000171
0.000239
0.000263
0.000188
0.000223
0.000229
0.000203
0.000240
0.000220
0.000244
0.000233
0.000324
0.000237
0.000235
0.000219
0.000195
0.000228
0.000151
0.000227
0.000263
0.000255
0.000236
0.000238
0.001209
0.000250
0.000247
0.000240
0.000217
0.000240
0.000242
0.000239
0.000241
0.000235
0.000219
0.000262
0.001935
0.000226
0.000200
0.000232
0.000222
0.000239
0.002130
0.000191
0.000244
0.000249
0.000212
0.000269
0.000231
0.000199
0.000177
0.000235
0.000233
0.000235
0.000247
0.000221
0.000236
0.000228
0.000240
0.000277
0.002524
0.000213
0.000181
0.000371
0.000149
0.000230
0.000198
0.000238
0.000142
0.000235
0.002916
0.000223
0.000255
0.000234
0.000213
0.000164
0.000175
0.000241
0.000189
0.000241
0.000250
0.000242
0.000314
0.000373
0.000235
0.000263
0.000200
0.000237
0.000208
0.000241
0.000226
0.000236
0.000243
0.000262
0.000228
0.000242
0.000227
0.000207
0.000248
0.000223
0.000234
0.000191
0.000209
0.000239
0.000212
0.000239
0.000169
0.000238
0.000216
0.000213
0.000246
0.000152
0.000254
0.000250
0.000237
0.000234
0.000217
0.001015
0.000198
0.000252
0.000220
0.000213
0.000213
0.000228
0.000231
0.000150
0.000250
0.000224
0.000250
0.000235
0.000200
0.000240
0.000218
0.000266
0.000217
0.000244
0.000256
0.000162
0.000334
0.000246
0.000247
0.000206
0.001094
0.000215
0.000242
0.000250
0.000251
0.000216
0.000251
0.000234
0.000249
0.000249
0.000239
0.000262
0.000166
0.000198
0.000238
0.000240
0.000245
0.000245
0.000234
0.000252
0.000239
0.000403
0.000244
0.000220
0.000276
0.000206
0.000215
0.000239
0.000234
0.000256
0.000207
0.000247
0.000243
0.000230
0.000224
0.000233
0.000205
0.000221
0.000149
0.000229
0.000218
0.000238
0.000442
0.000201
0.000238
0.000229
0.000253
0.000218
0.000250
0.000229
0.000248
0.000250
0.000245
0.000201
0.000167
0.000403
0.000307
0.000257
0.000226
0.000242
0.000205
0.000225
0.000250
0.000244
0.000239
0.000264
0.000233
0.000245
0.001590
0.000255
0.000241
0.000228
0.000241
0.000207
0.000242
0.000252
0.000216
0.000253
0.000311
0.000280
0.000238
0.000234
0.000196
0.000238
0.000234
0.000236
0.000247
0.000236
0.000232
0.000247
0.001446
0.000219
0.000236
0.000250
0.000250
0.000246
0.000252
0.000146
0.000235
0.000219
0.000213
0.000231
0.000218
0.000239
0.000217
0.000232
0.000248
0.000236
0.000259
0.000237
0.000975
0.000252
0.000209
0.000235
0.000249
0.002000
0.000223
0.000172
0.000242
0.000151
0.000223
0.000275
0.000234
0.000206
0.000238
0.000238
0.000212
0.000251
0.000244
0.000232
0.000254
0.000240
0.000215
0.000220
0.000244
0.000221
0.000232
0.000254
0.000220
0.000233
0.000207
0.000297
0.000241
0.000240
0.000230
0.000243
0.000240
0.000245
0.000236
0.000184
0.000242
0.000250
0.000255
0.000236
0.000218
0.001663
0.000228
0.000239
0.000250
0.000303
0.000211
0.000166
0.000249
0.000248
0.000211
0.000239
0.003559
0.000237
0.000224
0.000243
0.001913
0.000220
0.002932
0.000206
0.000169
0.000243
0.000282
0.000226
0.000188
0.000210
0.000239
0.000241
0.000261
0.000263
0.000252
0.000233
0.000238
0.000249
0.000409
0.000222
0.000264
0.000242
0.000239
0.000225
0.000216
0.000247
0.000224
0.000233
0.000232
0.000217
0.598251
0.000241
0.000251
0.000236
0.000230
0.000431
0.000229
0.000246
0.002914
0.000250
0.000225
0.000241
0.000233
0.000305
0.000200
0.000194
0.000153
0.000258
0.000186
0.000250
0.000207
0.000244
0.000224
0.000224
0.000231
0.000246
0.000233
0.000233
0.000243
0.000240
0.000249
0.000195
0.000223
0.000238
0.000225
0.000215
0.000208
0.000203
0.000253
0.000217
0.000231
0.000237
0.000210
0.000227
0.000234
0.000247
0.000219
0.000246
0.000254
0.000242
0.000238
0.000223
0.000139
0.000249
0.000205
0.000231
0.000196
0.000245
0.000158
0.000217
0.000242
0.000824
0.000237
0.000217
0.000267
0.000226
0.000238
0.000238
0.000239
0.000200
0.000255
0.000187
0.000178
0.000251
0.000248
0.000162
0.000237
0.000271
0.000236
0.000237
0.000231
0.000256
0.000232
0.000243
0.000261
0.000205
0.000444
0.000271
0.000215
0.000212
0.000257
0.000226
0.000257
0.000237
0.000236
0.000238
0.000240
0.000212
0.000218
0.000575
0.000252
0.002286
0.000219
0.000206
0.000218
0.000243
0.000233
0.000232
0.000253
0.000269
0.000237
0.000244
0.000264
0.000234
0.000230
0.000238
0.000240
0.000180
0.000219
0.000194
0.000207
0.000511
0.000201
0.000207
0.000227
0.000189
0.000236
0.000174
0.000203
0.000254
0.000227
0.000614
0.000245
0.000170
0.000229
0.000292
0.000248
0.000218
0.000178
0.000217
0.000257
0.000250
0.000210
0.000245
0.000187
0.000231
0.000229
0.000228
0.000249
0.000232
0.000188
0.000233
0.000248
0.000222
0.000240
0.000237
0.000212
0.000236
0.000282
0.000222
0.000249
0.000253
0.000232
0.000249
0.000224
0.000265
0.000236
0.000240
0.000248
0.000234
0.000218
0.000253
0.000261
0.000243
0.000272
0.000204
0.000233
0.000201
0.000167
0.000233
0.000194
0.000201
0.000239
0.000233
0.000248
0.000272
0.000241
0.000215
0.000261
0.000238
0.001502
0.000222
0.000223
0.000247
0.001005
0.000235
0.000220
0.000194
0.000242
0.000250
0.000216
0.000253
0.000216
0.000222
0.000175
0.000210
0.000242
0.000247
0.000252
0.000255
0.000238
0.000247
0.000204
0.000235
0.000236
0.000239
0.000234
0.000230
0.000209
0.000253
0.000223
0.000241
0.000255
0.000247
0.000161
0.000240
0.000177
0.000262
0.000239
0.000248
0.000246
0.000224
0.000253
0.000258
0.000239
0.000195
0.000262
0.000244
0.000233
0.000190
0.000244
0.000184
0.000235
0.000236
0.000243
0.000232
0.000260
0.000234
0.000240
0.000250
0.000236
0.000239
0.000200
0.000250
0.000226
0.000231
0.000255
0.000229
0.000245
0.000206
0.000246
0.000193
0.000230
0.000224
0.000240
0.000261
0.000245
0.000238
0.000252
0.000249
0.000243
0.000212
0.000246
0.000257
0.000247
0.000238
0.000224
0.000145
0.000189
0.000240
0.000241
0.000233
0.000153
0.000454
0.001093
0.000245
0.000218
0.000241
0.000233
0.000256
0.000233
0.000239
0.000228
0.000230
0.000187
0.000244
0.000309
0.000386
0.000233
0.000248
0.001534
0.000236
0.000170
0.000218
0.000249
0.000245
0.000241
0.000237
0.000242
0.000228
0.000264
0.000244
0.000231
0.000234
0.000194
0.000242
0.000225
0.000233
0.000241
0.000245
0.000237
0.000212
0.000229
0.000205
0.000730
0.000244
0.000173
0.000282
0.000263
0.000235
0.000249
0.000248
0.000231
0.000216
0.000257
0.000592
0.000245
0.000235
0.000241
0.000237
0.000219
0.000258
0.000237
0.000222
0.000252
0.000230
0.000232
0.000228
0.000203
0.000244
0.000233
0.000238
0.000236
0.000217
0.000214
0.000252
0.000240
0.000159
0.002873
0.000163
0.023761
0.000250
0.000247
0.000220
0.000251
0.000246
0.000235
0.000234
0.000201
0.000210
0.000259
0.000242
0.000207
0.000192
0.000203
0.000222
0.000243
0.000227
0.000240
0.000240
0.000911
0.000243
0.000184
0.000240
0.000229
0.000241
0.000241
0.000234
0.000234
0.000248
0.000274
0.007408
0.000240
0.000212
0.000237
0.000223
0.000231
0.000222
0.000244
0.000238
0.000133
0.000244
0.000241
0.000253
0.000212
0.000239
0.000233
0.000251
0.000234
0.000973
0.000266
0.000243
0.000200
0.000246
0.000303
0.000253
0.000245
0.000214
0.000245
0.000248
0.000249
0.000243
0.000219
0.000248
0.000273
0.000241
0.000239
0.001767
0.000238
0.000220
0.000238
0.000233
0.000220
0.000324
0.000153
0.000220
0.000206
0.000237
0.000233
0.000241
0.000736
0.000200
0.000239
0.000222
0.000240
0.000165
0.000223
0.000241
0.000243
0.000230
0.000219
0.000226
0.000239
0.000235
0.000232
0.000262
0.000248
0.000233
0.000231
0.000238
0.000179
0.000242
0.000218
0.000218
0.000234
0.001684
0.000449
0.000265
0.000234
0.000245
0.000218
0.000245
0.000232
0.000234
0.000226
0.000188
0.000232
0.000265
0.000498
0.000241
0.000242
0.000304
0.000254
0.000243
0.000220
0.006239
0.000202
0.000224
0.000219
0.000247
0.000220
0.000232
0.000194
0.000150
0.000219
0.000244
0.000220
0.000214
0.000238
0.000247
0.000234
0.000246
0.000243
0.000181
0.000250
0.000245
0.000240
0.000223
0.000254
0.000216
0.000235
0.000229
0.000501
0.000234
0.000244
0.000229
0.000230
0.000238
0.000246
0.000148
0.000295
0.000151
0.000254
0.000178
0.000205
0.000252
0.000239
0.000238
0.000249
0.000248
0.000235
0.000246
0.000247
0.000250
0.000235
0.000199
0.000240
0.000235
0.000253
0.000194
0.000244
0.000279
0.000214
0.000235
0.000171
0.000219
0.000208
0.000253
0.000248
0.000222
0.000202
0.000254
0.000270
0.000262
0.000181
0.000238
0.000243
0.000247
0.000242
0.000223
0.000233
0.000244
0.000254
0.000221
0.000197
0.000241
0.000226
0.000215
0.000226
0.000232
0.000239
0.000226
0.000233
0.000210
0.000247
0.000261
0.000224
0.000245
0.000224
0.000243
0.000245
0.000157
0.000243
0.000258
0.000237
0.000235
0.000224
0.000254
0.000242
0.000244
0.000226
0.000227
0.000195
0.000225
0.000236
0.000242
0.000248
0.000230
0.000206
0.000235
0.000253
0.000226
0.000239
0.000266
0.000263
0.000245
0.000232
0.000252
0.000231
0.000291
0.000201
0.000167
0.000205
0.000974
0.000237
0.000521
0.000253
0.000176
0.000229
0.000241
0.000235
0.000230
0.000238
0.000235
0.000217
0.000230
0.000202
0.000246
0.000233
0.000241
0.000254
0.000252
0.000248
0.000246
0.000229
0.000212
0.000246
0.000230
0.000235
0.000245
0.000235
0.000243
0.000357
0.000235
0.002647
0.000233
0.000233
0.000157
0.000216
0.000225
0.000255
0.000248
0.000245
0.000180
0.000243
0.000239
0.000207
0.000242
0.000238
0.000281
0.000256
0.000247
0.000263
0.000250
0.000363
0.000244
0.000233
0.000208
0.000234
0.000239
0.000231
0.000260
0.000236
0.000238
0.000278
0.000241
0.000259
0.000156
0.000242
0.000214
0.000244
0.000256
0.000290
0.000261
0.000212
0.000252
0.000269
0.000251
0.000241
0.000243
0.000250
0.000233
0.000235
0.000259
0.000241
0.000259
0.000229
0.000246
0.000324
0.000260
0.000219
0.000212
0.000255
0.000236
0.000232
0.000210
0.001966
0.001424
0.000250
0.000219
0.000177
0.000246
0.000241
0.000217
0.000235
0.000247
0.000272
0.000228
0.000237
0.000240
0.000244
0.000137
0.000230
0.000194
0.000239
0.000232
0.000165
0.000139
0.000229
0.000233
0.000235
0.000247
0.000245
0.000244
0.000227
0.000241
0.000225
0.000241
0.000246
0.000255
0.000240
0.000246
0.000231
0.000250
0.000263
0.000278
0.000281
0.000237
0.000251
0.000261
0.000200
0.000232
0.000222
0.000194
0.000247
0.000241
0.000246
0.000151
0.000234
0.000232
0.000257
0.000215
0.000250
0.000254
0.000244
0.000242
0.000249
0.000230
0.000240
0.000250
0.000224
0.000234
0.000240
0.000229
0.000158
0.000149
0.000231
0.000230
0.005996
0.000243
0.000271
0.000231
0.000325
0.000255
0.000260
0.000251
0.000247
0.000253
0.000255
0.000172
0.000243
0.000222
0.000234
0.000240
0.000207
0.000213
0.000254
0.000198
0.000206
0.001858
0.000243
0.000212
0.000236
0.000218
0.000247
0.000179
0.000240
0.000252
0.000231
0.000260
0.000241
0.000241
0.000231
0.000157
0.000252
0.000263
0.000257
0.000551
0.000228
0.000227
0.000247
0.000218
0.000254
0.000233
0.000220
0.000229
0.066998
0.000258
0.000210
0.000188
0.000252
0.000215
0.000207
0.000235
0.000252
0.000248
0.000232
0.000208
0.000240
0.000227
0.000238
0.000256
0.003348
0.000203
0.000254
0.000252
0.000251
0.000266
0.000245
0.000236
0.004821
0.000207
0.000235
0.000233
0.002804
0.000211
0.000217
0.000269
0.000268
0.000232
0.000208
0.000259
0.000215
0.000223
0.000243
0.000220
0.000232
0.000179
0.000236
0.000222
0.000237
0.000224
0.000180
0.000244
0.000239
0.000244
0.000267
0.000265
0.000236
0.000204
0.000213
0.000183
0.000227
0.000240
0.000259
0.000248
0.000239
0.000250
0.000230
0.000240
0.000218
0.000235
0.000257
0.000249
0.000194
0.000224
0.000232
0.000202
0.000260
0.000139
0.000248
0.000204
0.000272
0.000292
0.000237
0.000251
0.000236
0.000250
0.000251
0.000233
0.000252
0.000254
0.000241
0.000244
0.000241
0.000235
0.000235
0.000233
0.000215
0.000215
0.000269
0.000234
0.000291
0.000205
0.000246
0.000237
0.000239
0.000253
0.000240
0.000240
0.000258
0.000197
0.000246
0.000267
0.000269
0.000238
0.000227
0.000249
0.000233
0.002027
0.003394
0.000185
0.000251
0.000203
0.000254
0.000202
0.000202
0.000248
0.000202
0.000180
0.000259
0.000183
0.000220
0.000289
0.000199
0.000243
0.000242
0.000212
0.000237
0.000236
0.000193
0.000256
0.000271
0.000247
0.000156
0.000200
0.000209
0.000232
0.000251
0.000258
0.000211
0.000231
0.000253
0.000261
0.000269
0.000246
0.000242
0.000235
0.000136
0.000228
0.000251
0.000249
0.000253
0.000207
0.000250
0.000273
0.000277
0.000199
0.000232
0.000288
0.000245
0.000241
0.000243
0.000199
0.000241
0.000236
0.000236
0.000235
0.000235
0.000245
0.000162
0.000139
0.000241
0.000239
0.000200
0.000279
0.000238
0.000285
0.000346
0.001249
0.000260
0.000233
0.000234
0.000266
0.000233
0.000239
0.000243
0.000196
0.000179
0.000215
0.000212
0.000262
0.000242
0.000203
0.000180
0.004767
0.000255
0.000266
0.000254
0.000214
0.004254
0.000239
0.000978
0.000172
0.000237
0.000231
0.000223
0.000150
0.000231
0.000267
0.000249
0.000248
0.000243
0.000239
0.000237
0.000493
0.000240
0.000239
0.000249
0.000223
0.000259
0.000235
0.000228
0.000199
0.000241
0.000233
0.000233
0.000192
0.000243
0.000308
0.000256
0.000221
0.000457
0.000261
0.000250
0.000252
0.000236
0.000226
0.000253
0.000243
0.000243
0.000248
0.000266
0.000237
0.000211
0.000198
0.000207
0.000240
0.000230
0.000252
0.000250
0.000245
0.000167
0.000232
0.000251
0.000236
0.000246
0.000251
0.000185
0.000233
0.000245
0.000254
0.000244
0.000274
0.000235
0.000248
0.000243
0.000196
0.000246
0.000416
0.000248
0.000237
0.000236
0.000246
0.000199
0.000242
0.000232
0.000226
0.000160
0.000277
0.000233
0.000255
0.000253
0.000237
0.000234
0.000230
0.000250
0.000233
0.000228
0.000248
0.000229
0.000231
0.000233
0.000254
0.000219
0.000994
0.000227
0.000719
0.000236
0.000252
0.000272
0.000252
0.000251
0.000562
0.000242
0.000244
0.000188
0.000218
0.000247
0.000182
0.000267
0.000255
0.000240
0.000240
0.000248
0.000241
0.000268
0.000197
0.000148
0.000144
0.000239
0.000248
0.002149
0.000276
0.000253
0.000229
0.000227
0.000241
0.000233
0.000229
0.000235
0.000237
0.000233
0.000236
0.000177
0.000236
0.000227
0.000238
0.000252
0.000187
0.000212
0.000230
0.000232
0.000237
0.000176
0.000264
0.000238
0.000237
0.000274
0.000239
0.000230
0.000156
0.000263
0.000224
0.001155
0.000212
0.000246
0.000305
0.000211
0.000262
0.000248
0.000176
0.000176
0.000219
0.000231
0.000216
0.000239
0.000247
0.000248
0.000248
0.000246
0.000241
0.000240
0.000234
0.000234
0.000311
0.000263
0.000255
0.000155
0.000227
0.000232
0.000253
0.000209
0.000250
0.000244
0.000195
0.000208
0.000237
0.001009
0.000262
0.000245
0.000230
0.000212
0.000202
0.000241
0.000275
0.000253
0.000239
0.000232
0.000233
0.000202
0.000252
0.000246
0.000231
0.000323
0.000220
0.000257
0.000226
0.000226
0.000230
0.000241
0.000252
0.000235
0.000223
0.000214
0.000228
0.000228
0.000219
0.000239
0.000221
0.000211
0.000219
0.000242
0.000253
0.000240
0.000245
0.000252
0.000283
0.000220
0.000241
0.000214
0.000275
0.000445
0.000224
0.000217
0.000238
0.000239
0.000250
0.001056
0.000232
0.000249
0.000246
0.000212
0.000209
0.000232
0.000230
0.000242
0.000222
0.000405
0.000233
0.000161
0.000136
0.000209
0.000253
0.000183
0.000245
0.000230
0.000162
0.000259
0.000246
0.000212
0.000241
0.000233
0.000237
0.000257
0.000246
0.000165
0.000261
0.000237
0.000263
0.000247
0.000238
0.000228
0.000252
0.000259
0.000212
0.000175
0.000271
0.000243
0.000232
0.000237
0.002509
0.000233
0.000246
0.000243
0.000243
0.000235
0.000271
0.000267
0.000238
0.000249
0.000222
0.000266
0.000224
0.000233
0.000219
0.000287
0.000251
0.000243
0.000193
0.000222
0.000236
0.000268
0.000250
0.000214
0.000259
0.000277
0.000173
0.000229
0.000240
0.000238
0.000253
0.000238
0.000204
0.000192
0.000255
0.000238
0.000238
0.000203
0.000377
0.000250
0.000249
0.000208
0.000251
0.000305
0.000231
0.000247
0.000211
0.000247
0.000238
0.000167
0.000217
0.000255
0.000254
0.000220
0.000239
0.000258
0.000230
0.000243
0.000291
0.000246
0.000240
0.000229
0.000254
0.000302
0.000219
0.000279
0.000240
0.000236
0.000248
0.000253
0.000321
0.000259
0.000218
0.000267
0.000255
0.000277
0.000237
0.000248
0.000234
0.000240
0.000247
0.000236
0.000284
0.000240
0.000240
0.000229
0.000236
0.000229
0.000231
0.000234
0.000235
0.000308
0.000206
0.002056
0.000232
0.000216
0.000210
0.000223
0.000247
0.000205
0.000228
0.004256
0.000219
0.000162
0.000212
0.000154
0.000216
0.000270
0.000263
0.000240
0.000260
0.000232
0.000235
0.000248
0.000234
0.000259
0.000252
0.000237
0.000170
0.000215
0.000232
0.000241
0.000238
0.000273
0.000232
0.000261
0.000256
0.000209
0.000235
0.005853
0.003265
0.000165
0.000295
0.000241
0.000242
0.000250
0.000255
0.000208
0.000248
0.000239
0.000317
0.000240
0.000140
0.035066
0.000239
0.000309
0.000251
0.000192
0.000234
0.000232
0.000260
0.000225
0.000175
0.000244
0.000255
0.000233
0.000165
0.000254
0.000227
0.000235
0.000249
0.000248
0.000221
0.000254
0.000238
0.000190
0.000282
0.000242
0.000246
0.000224
0.000243
0.000249
0.000249
0.000235
0.000227
0.000228
0.000244
0.000249
0.000240
0.000211
0.000244
0.000268
0.000234
0.000249
0.000244
0.000239
0.000241
0.000270
0.000244
0.000222
0.000263
0.000279
0.000206
0.000227
0.000206
0.000233
0.000243
0.000211
0.000217
0.000247
0.000247
0.000249
0.000210
0.000229
0.000255
0.000248
0.000278
0.000248
0.000219
0.000247
0.000233
0.000249
0.000239
0.000233
0.000235
0.000219
0.000239
0.000240
0.000213
0.000243
0.000232
0.000197
0.000145
0.000238
0.000225
0.000249
0.000252
0.000258
0.000239
0.000229
0.000279
0.000252
0.000251
0.002061
0.000245
0.000225
0.000154
0.000221
0.000220
0.000206
0.000210
0.000239
0.000235
0.000215
0.000221
0.000249
0.000298
0.000266
0.000248
0.000163
0.000236
0.000214
0.000335
0.000233
0.000188
0.000218
0.000192
0.000279
0.000227
0.000259
0.000245
0.000216
0.000208
0.000275
0.000257
0.000173
0.000243
0.000236
0.000220
0.000229
0.000239
0.000248
0.000264
0.000240
0.000225
0.000244
0.000240
0.000263
0.000243
0.000258
0.000225
0.000210
0.000239
0.000215
0.000260
0.000230
0.000172
0.000217
0.000227
0.000230
0.000242
0.000220
0.000243
0.000239
0.000251
0.000232
0.000196
0.000252
0.000242
0.000181
0.000248
0.000240
0.000244
0.000269
0.000228
0.000240
0.002671
0.000229
0.000208
0.000223
0.000216
0.000488
0.000254
0.018460
0.000269
0.000199
0.000264
0.000240
0.000214
0.000238
0.000243
0.000276
0.000225
0.000237
0.000165
0.000174
0.001962
0.000230
0.000232
0.000209
0.000689
0.000228
0.000239
0.000300
0.000294
0.000226
0.000218
0.000266
0.000283
0.000243
0.000234
0.000270
0.000244
0.000236
0.000226
0.000240
0.000241
0.000174
0.000290
0.000253
0.000242
0.000227
0.000238
0.000244
0.000250
0.000274
0.000228
0.000255
0.000266
0.000242
0.000252
0.000188
0.000206
0.000231
0.000238
0.000232
0.000226
0.000257
0.000183
0.000244
0.002828
0.000208
0.000243
0.000250
0.000257
0.000236
0.000253
0.000213
0.000267
0.000180
0.000238
0.000210
0.000200
0.000174
0.000207
0.000269
0.000233
0.000236
0.000379
0.000251
0.000229
0.000235
0.000264
0.000232
0.000221
0.000267
0.000227
0.000251
0.000228
0.000246
0.000223
0.000213
0.000206
0.000231
0.000213
0.031498
0.000202
0.000233
0.000230
0.002310
0.000412
0.000232
0.000167
0.000176
0.000212
0.000213
0.001140
0.000233
0.000240
0.000498
0.000161
0.000265
0.000244
0.000227
0.000247
0.000247
0.000216
0.000313
0.000306
0.000220
0.000210
0.000242
0.000237
0.000920
0.000348
0.000243
0.000238
0.000237
0.000259
0.000241
0.000270
0.000236
0.000239
0.000237
0.000237
0.000236
0.000152
0.000248
0.000253
0.000269
0.000242
0.000238
0.000243
0.000248
0.000533
0.000252
0.000252
0.000194
0.000226
0.000241
0.000219
0.000233
0.000188
0.000236
0.000171
0.000243
0.000241
0.000205
0.000212
0.000216
0.000238
0.002637
0.000244
0.000242
0.000249
0.000260
0.000275
0.000264
0.000270
0.000247
0.000255
0.000232
0.000246
0.000245
0.000231
0.001115
0.000230
0.000255
0.000159
0.000234
0.000231
0.000214
0.000274
0.000239
0.000245
0.000196
0.000235
0.000254
0.000242
0.000232
0.000236
0.000216
0.000200
0.000261
0.000251
0.000240
0.000170
0.000238
0.000193
0.000242
0.000239
0.000260
0.000336
0.000264
0.000326
0.000239
0.000219
0.000238
0.000242
0.000249
0.000241
0.000166
0.000270
0.000237
0.000232
0.000143
0.000240
0.000266
0.000222
0.000214
0.000263
0.000213
0.000222
0.000241
0.000240
0.000239
0.000249
0.000240
0.000165
0.000239
0.000231
0.000241
0.000166
0.000265
0.000236
0.000185
0.000275
0.000254
0.000280
0.000240
0.000261
0.000240
0.000237
0.000263
0.000247
0.000217
0.000210
0.000271
0.000277
0.000234
0.000271
0.000689
0.000251
0.000218
0.000274
0.000214
0.000235
0.000235
0.000193
0.000239
0.000237
0.000237
0.000192
0.000261
0.000221
0.000220
0.000217
0.000222
0.000242
0.000254
0.000219
0.000284
0.000234
0.000179
0.000230
0.000262
0.000245
0.000249
0.000262
0.000234
0.000233
0.000261
0.000243
0.000275
0.014175
0.000244
0.000233
0.000265
0.000241
0.000236
0.000166
0.000711
0.000148
0.000273
0.000234
0.002024
0.000195
0.000270
0.000228
0.000196
0.000247
0.000154
0.000204
0.000254
0.000233
0.000265
0.000935
0.000256
0.000263
0.000222
0.000203
0.000161
0.000267
0.000250
0.000207
0.000242
0.000251
0.000152
0.000195
0.000221
0.000274
0.000259
0.000237
0.000221
0.000211
0.000233
0.000259
0.000219
0.000170
0.000197
0.000220
0.000242
0.000234
0.000238
0.000166
0.000241
0.000224
0.000234
0.000234
0.000187
0.000210
0.000231
0.000819
0.000240
0.000250
0.000236
0.000245
0.000223
0.000218
0.000248
0.000249
0.000226
0.000237
0.000200
0.000241
0.000243
0.000188
0.000235
0.000239
0.000222
0.000259
0.000271
0.000198
0.000196
0.000218
0.000278
0.000203
0.000208
0.000225
0.000229
0.000254
0.000192
0.000213
0.000149
0.063427
0.000174
0.000209
0.000199
0.000214
0.000296
0.000233
0.000247
0.000237
0.000257
0.000218
0.000276
0.000268
0.000168
0.000243
0.000218
0.000168
0.000218
0.000238
0.000417
0.000240
0.000253
0.000217
0.000240
0.000246
0.000246
0.000249
0.000274
0.000257
0.000201
0.000222
0.000244
0.000200
0.000165
0.000262
0.000233
0.000239
0.000211
0.000208
0.000232
0.000233
0.000276
0.000213
0.000244
0.000270
0.000213
0.000215
0.000251
0.000237
0.000221
0.000211
0.000207
0.000237
0.012168
0.000248
0.000244
0.000249
0.001286
0.000205
0.000215
0.000187
0.000546
0.000157
0.000234
0.000264
0.000171
0.000258
0.000149
0.000217
0.000257
0.000214
0.000250
0.000265
0.000166
0.000255
0.000207
0.000215
0.000226
0.000166
0.000252
0.000261
0.000241
0.000248
0.000261
0.000250
0.000235
0.000234
0.000236
0.000283
0.000300
0.000247
0.000281
0.000271
0.000256
0.000270
0.000251
0.000270
0.000250
0.000242
0.000295
0.000255
0.000264
0.000260
0.000211
0.000216
0.000206
0.000231
0.000218
0.000272
0.000235
0.000241
0.000241
0.000221
0.000173
0.000179
0.000216
0.000254
0.000217
0.000324
0.000231
0.000251
0.000251
0.000209
0.003835
0.000228
0.000252
0.000181
0.000267
0.000245
0.000259
0.000175
0.000253
0.000250
0.000269
0.001127
0.009874
0.000256
0.000216
0.000327
0.000247
0.000308
0.000221
0.000219
0.000241
0.000231
0.000237
0.000214
0.000213
0.000235
0.000236
0.000245
0.000231
0.000236
0.000456
0.000932
0.000208
0.000245
0.000241
0.000238
0.000176
0.000241
0.000236
0.000255
0.000147
0.000242
0.000236
0.000229
0.000237
0.000170
0.000270
0.001801
0.000248
0.000246
0.000270
0.000239
0.000505
0.000227
0.000263
0.000208
0.000240
0.000229
0.000243
0.000155
0.000247
0.000174
0.000223
0.001202
0.000266
0.000198
0.000201
0.000238
0.000238
0.000144
0.000261
0.000245
0.000267
0.000252
0.000271
0.000254
0.000276
0.000245
0.000234
0.000245
0.000244
0.000251
0.000228
0.000270
0.000232
0.000222
0.000166
0.000265
0.000248
0.000241
0.000214
0.000202
0.000245
0.000229
0.000242
0.000307
0.000243
0.000275
0.000247
0.000251
0.000268
0.000238
0.000244
0.000241
0.000257
0.000205
0.000215
0.000238
0.000236
0.000171
0.000218
0.000208
0.000220
0.000228
0.000229
0.000151
0.000272
0.000225
0.000254
0.000213
0.000190
0.000255
0.001221
0.000237
0.002057
0.000210
0.000219
0.000237
0.000248
0.000148
0.000234
0.001561
0.000244
0.000244
0.000219
0.000245
0.000215
0.000266
0.000258
0.000213
0.000227
0.000207
0.000221
0.000225
0.000298
0.000211
0.000337
0.000254
0.000270
0.000261
0.000250
0.000240
0.000244
0.000272
0.000239
0.000245
0.000249
0.000245
0.000264
0.000228
0.000230
0.000255
0.000198
0.000196
0.000167
0.000254
0.000147
0.000230
0.000220
0.000275
0.000236
0.000234
0.000234
0.000231
0.000234
0.007493
0.000250
0.000205
0.000251
0.000248
0.000224
0.000242
0.000252
0.000248
0.000256
0.000277
0.000363
0.000222
0.000251
0.000243
0.000230
0.000404
0.000350
0.000213
0.000235
0.000239
0.000265
0.000235
0.000225
0.000211
0.000256
0.000248
0.000254
0.000236
0.000232
0.000241
0.000160
0.000213
0.000254
0.000395
0.003197
0.000217
0.000238
0.000246
0.000239
0.000276
0.000269
0.001021
0.000230
0.000247
0.000146
0.000207
0.000205
0.000263
0.000229
0.000258
0.000231
0.000255
0.000281
