0.050493
0.000209
0.000256
0.000186
0.000208
0.000230
0.000246
0.000267
0.000254
0.000237
0.000274
0.000225
0.000334
0.001307
0.000296
0.000261
0.000249
0.000256
0.000209
0.000240
0.000249
0.000241
0.000230
0.000237
0.000233
0.000240
0.000491
0.000250
0.000252
0.000251
0.000199
0.059789
0.000241
0.000242
0.390217
0.000232
0.029691
0.003969
0.000262
0.000236
0.000332
0.000198
0.000222
0.000220
0.000249
0.000250
0.000245
0.000192
0.000227
0.000241
0.000212
0.000243
0.000240
0.000260
0.000224
0.000183
0.000231
0.000235
0.000249
0.000247
0.000216
0.000233
0.000238
0.000245
0.000247
0.000250
0.000199
0.000244
0.000254
0.000234
0.000244
0.000253
0.000239
0.000242
0.000220
0.000264
0.000244
0.000250
0.000222
0.000226
0.000252
0.000250
0.000230
0.000240
0.000216
0.000257
0.000280
0.000264
0.000245
0.000223
0.000239
0.000204
0.000262
0.000236
0.000223
0.000334
0.000246
0.000246
0.000255
0.209406
0.000226
0.000364
0.000262
0.000245
0.000248
0.000266
0.000250
0.000233
0.000229
0.000249
0.000235
0.000248
0.000243
0.000242
0.000246
0.000239
0.000245
0.000249
0.000250
0.000543
0.000243
0.000247
0.000258
0.000264
0.000234
0.000234
0.000251
0.000245
0.000234
0.000252
0.000257
0.000271
0.000300
0.000306
0.000295
0.000241
0.000260
0.000255
0.000242
0.000255
0.000254
0.000260
0.000268
0.000256
0.000240
0.052591
0.000261
0.000252
0.000246
0.000255
0.000261
0.000254
0.000232
0.000262
0.000198
0.000251
0.000225
0.000223
0.000226
0.000255
0.000253
0.000250
0.000251
0.000241
0.000263
0.000237
0.000230
0.000272
0.000240
0.000255
0.000193
0.000231
0.000253
0.000232
0.000263
0.000240
0.000241
0.000249
0.000227
0.000242
0.000294
0.000244
0.000193
0.000231
0.000258
0.000263
0.000244
0.000249
0.000219
0.000245
0.000225
0.000207
0.000248
0.000226
0.000268
0.000244
0.000229
0.000247
0.000233
0.000230
0.000248
0.002741
0.000258
0.000223
0.000235
0.000231
0.000251
0.000261
0.000248
0.000223
0.000244
0.000235
0.000220
0.000235
0.000227
0.000247
0.000217
0.000493
0.000222
0.000247
0.000261
0.000209
0.000230
0.000239
0.000236
0.000251
0.000238
0.000246
0.000289
0.000241
0.000244
0.000252
0.000250
0.000252
0.000228
0.000255
0.000251
0.000225
0.000257
0.000247
0.000192
0.000249
0.000231
0.000246
0.000269
0.000259
0.000230
0.000243
0.000255
0.000236
0.000245
0.000231
0.000252
0.000228
0.000246
0.000227
0.000228
0.000248
0.000242
0.000252
0.000249
0.000247
0.000247
0.000249
0.000254
0.000181
0.000246
0.000226
0.000235
0.000319
0.000220
0.000260
0.000251
0.000335
0.000251
0.000202
0.000252
0.000248
0.000255
0.000246
0.000248
0.000276
0.000234
0.000231
0.000229
0.000361
0.000237
0.000240
0.000245
0.000248
0.000358
0.000233
0.000218
0.000241
0.000249
0.000226
0.000251
0.000265
0.000243
0.000238
0.000227
0.000308
0.000237
0.000219
0.000244
0.000236
0.000249
0.000247
0.000265
0.000243
0.000239
0.000258
0.000253
0.000225
0.000250
0.000246
0.000239
0.000252
0.000249
0.000249
0.000248
0.000253
0.000248
0.000242
0.000247
0.000257
0.000256
0.000233
0.000231
0.000237
0.000236
0.000242
0.000238
0.000240
0.000232
0.000232
0.000235
0.000253
0.000226
0.000251
0.000250
0.000240
0.000244
0.000233
0.000250
0.000237
0.000236
0.000247
0.000226
0.000232
0.000215
0.000234
0.000210
0.000254
0.000233
0.000292
0.000250
0.000252
0.000247
0.000251
0.000244
0.000244
0.000238
0.000252
0.053427
0.000254
0.000327
0.000252
0.002634
0.000230
0.000250
0.000256
0.000251
0.000254
0.000244
0.000218
0.000249
0.000263
0.000247
0.000247
0.000238
0.000247
0.000243
0.000245
0.000223
0.000262
0.000254
0.000227
0.000231
0.000241
0.000199
0.000245
0.000277
0.000247
0.000241
0.000230
0.000223
0.000243
0.000224
0.000254
0.000223
0.003506
0.000209
0.000234
0.000253
0.000240
0.000236
0.000279
0.000521
0.000249
0.000210
0.000255
0.000237
0.000248
0.000282
0.000236
0.000252
0.000237
0.000223
0.000238
0.000228
0.000243
0.000227
0.000245
0.000236
0.000237
0.000235
0.000221
0.000251
0.000228
0.000243
0.000190
0.000251
0.000230
0.000249
0.000246
0.000236
0.000221
0.000215
0.000223
0.000228
0.000259
0.000237
0.000232
0.000248
0.000222
0.000323
0.000274
0.000232
0.000232
0.000209
0.000237
0.000221
0.000255
0.000217
0.000247
0.000252
0.000243
0.000233
0.000302
0.000236
0.000260
0.000564
0.000277
0.000249
0.000240
0.000219
0.000266
0.000248
0.000202
0.000235
0.000235
0.000268
0.000172
0.000247
0.000226
0.000249
0.000252
0.000247
0.000229
0.000234
0.000232
0.000249
0.000255
0.000233
0.000247
0.000237
0.000235
0.000236
0.000285
0.000236
0.000242
0.000229
0.000248
0.000252
0.000222
0.000246
0.000217
0.000246
0.000260
0.000245
0.000306
0.000245
0.000272
0.000257
0.000252
0.000247
0.000262
0.000233
0.000216
0.000284
0.000232
0.000227
0.000217
0.000250
0.000255
0.000246
0.000230
0.000251
0.000266
0.000222
0.000292
0.000246
0.000225
0.000227
0.000226
0.000216
0.000305
0.000224
0.000237
0.000247
0.000245
0.000196
0.000252
0.000225
0.000241
0.000257
0.000245
0.000209
0.000213
0.000539
0.000260
0.000278
0.000247
0.000256
0.000223
0.000277
0.000215
0.000231
0.000225
0.000251
0.000212
0.000289
0.000244
0.000226
0.000184
0.000229
0.000217
0.000217
0.000235
0.000254
0.000233
0.000248
0.000217
0.000227
0.000219
0.000213
0.000243
0.000225
0.000250
0.000232
0.000248
0.000225
0.000229
0.000251
0.000222
0.000248
0.000246
0.000250
0.000223
0.000220
0.000262
0.000266
0.000249
0.000251
0.000240
0.000227
0.000245
0.000229
0.000232
0.000246
0.000250
0.000209
0.000251
0.000224
0.000227
0.000249
0.000236
0.000228
0.000238
0.000234
0.000248
0.000216
0.000253
0.000245
0.000223
0.000223
0.000270
0.000194
0.000231
0.000248
0.000248
0.000234
0.000241
0.000552
0.000249
0.000253
0.000248
0.000186
0.000170
0.000226
0.000283
0.000243
0.000253
0.000247
0.000223
0.000243
0.001357
0.000248
0.000245
0.000207
0.000241
0.000167
0.000232
0.000252
0.000230
0.000220
0.000241
0.000225
0.000230
0.000264
0.000245
0.000226
0.000251
0.000213
0.000288
0.000221
0.000230
0.000337
0.000168
0.000339
0.000274
0.000221
0.000242
0.000253
0.000225
0.000257
0.000232
0.000233
0.000252
0.000252
0.000246
0.000245
0.000253
0.000254
0.000177
0.000229
0.000214
0.000255
0.000219
0.000230
0.000226
0.000232
0.000227
0.000246
0.000248
0.000278
0.000242
0.000238
0.000269
0.000192
0.000226
0.000231
0.000246
0.000297
0.000162
0.000238
0.000230
0.000308
0.000252
0.000222
0.000259
0.000257
0.000250
0.000222
0.000239
0.000176
0.000236
0.000245
0.000217
0.000222
0.000230
0.000234
0.000229
0.000223
0.000244
0.000245
0.000256
0.000247
0.000244
0.000225
0.000304
0.000241
0.000247
0.000221
0.000245
0.000228
0.000228
0.000248
0.003925
0.000222
0.002470
0.000234
0.000235
0.000244
0.000228
0.000267
0.000241
0.000250
0.000234
0.000229
0.000228
0.000246
0.000245
0.000248
0.000248
0.000255
0.000253
0.000257
0.000217
0.000232
0.000239
0.000228
0.000238
0.000238
0.000185
0.000233
0.000254
0.000494
0.000258
0.000230
0.000171
0.000253
0.000254
0.000264
0.000247
0.000240
0.000245
0.000170
0.000252
0.000245
0.000246
0.000248
0.000237
0.000252
0.000241
0.000248
0.000177
0.001917
0.000245
0.000678
0.000249
0.000237
0.000236
0.000229
0.000248
0.000274
0.000248
0.001136
0.000248
0.000262
0.000236
0.000243
0.000265
0.000248
0.002032
0.000250
0.000225
0.000217
0.000225
0.000246
0.000245
0.000247
0.000245
0.000228
0.000249
0.000246
0.000222
0.000255
0.000220
0.000234
0.000178
0.000247
0.000231
0.000236
0.000242
0.000248
0.000208
0.000249
0.000343
0.000257
0.000244
0.000249
0.000255
0.000241
0.000243
0.000264
0.000245
0.000240
0.000224
0.000226
0.000225
0.000240
0.000247
0.000220
0.000250
0.000233
0.000217
0.000215
0.000321
0.000233
0.000226
0.000241
0.000234
0.000237
0.000278
0.000246
0.000169
0.000249
0.000255
0.000257
0.000206
0.000238
0.000245
0.000229
0.000254
0.000247
0.000232
0.000248
0.000228
0.000251
0.000248
0.000215
0.000259
0.000228
0.000255
0.000244
0.000240
0.000264
0.000230
0.000230
0.000219
0.000229
0.000227
0.000232
0.000226
0.000287
0.000215
0.000225
0.000238
0.000244
0.000247
0.000244
0.000241
0.000249
0.000287
0.000259
0.000244
0.001921
0.000230
0.000245
0.000226
0.000246
0.000219
0.000232
0.000227
0.000252
0.000250
0.000202
0.000247
0.000252
0.000229
0.000244
0.000245
0.000246
0.000245
0.000252
0.000244
0.000216
0.000246
0.000243
0.000259
0.000219
0.000252
0.000210
0.000224
0.000225
0.000231
0.000231
0.000162
0.000237
0.000228
0.000239
0.000248
0.000219
0.000223
0.000266
0.000242
0.000246
0.000251
0.000212
0.000219
0.000240
0.000245
0.000247
0.000443
0.000253
0.000295
0.000245
0.000242
0.000236
0.000331
0.000260
0.000225
0.000212
0.000209
0.000249
0.000242
0.000268
0.000252
0.000245
0.000263
0.000240
0.000228
0.000242
0.000199
0.000238
0.000253
0.000230
0.000249
0.000224
0.000247
0.000247
0.000241
0.000245
0.000215
0.000249
0.000199
0.000204
0.000246
0.000264
0.000247
0.000251
0.000198
0.000223
0.000208
0.000263
0.000255
0.000229
0.000241
0.000242
0.000258
0.000239
0.000251
0.000215
0.000221
0.000229
0.000248
0.000214
0.000243
0.000253
0.000247
0.000245
0.000248
0.000211
0.000224
0.000251
0.000234
0.000216
0.000225
0.000224
0.003269
0.000235
0.000229
0.000250
0.000249
0.000263
0.000227
0.000241
0.000250
0.000182
0.000251
0.000244
0.000252
0.000218
0.000254
0.000258
0.000246
0.000233
0.000252
0.000218
0.000238
0.000231
0.000253
0.000263
0.000254
0.000262
0.000249
0.000228
0.000227
0.000212
0.000223
0.000223
0.000244
0.000231
0.000248
0.000348
0.000221
0.000239
0.000226
0.000190
0.000217
0.000184
0.000261
0.000257
0.000183
0.000260
0.000219
0.000248
0.000225
0.000249
0.000247
0.000259
0.000250
0.001514
0.000230
0.000227
0.000267
0.000265
0.000243
0.000233
0.000216
0.000215
0.000262
0.000237
0.000247
0.000228
0.000252
0.000254
0.000257
0.000220
0.000215
0.000246
0.000240
0.002052
0.000239
0.000240
0.000235
0.000243
0.000247
0.000172
0.000235
0.000231
0.000254
0.000242
0.000245
0.000230
0.000240
0.000245
0.000212
0.000248
0.000223
0.000251
0.000254
0.000173
0.000270
0.000222
0.000250
0.000224
0.000243
0.000305
0.000232
0.000245
0.000248
0.000239
0.000245
0.000222
0.000234
0.000220
0.000301
0.000230
0.000241
0.000248
0.000250
0.000232
0.000173
0.000242
0.000243
0.000253
0.000234
0.000253
0.000262
0.000244
0.000245
0.000219
0.000233
0.000238
0.000230
0.000228
0.000247
0.000245
0.000225
0.000219
0.000226
0.000261
0.000237
0.000253
0.000222
0.000223
0.000176
0.000683
0.000247
0.000247
0.000159
0.000252
0.000217
0.000291
0.000231
0.000221
0.000232
0.000420
0.000168
0.000229
0.000247
0.000229
0.000244
0.000213
0.000254
0.000215
0.000242
0.000235
0.000176
0.000259
0.000250
0.000205
0.000236
0.000257
0.000256
0.000231
0.000214
0.000387
0.000249
0.000236
0.000235
0.000183
0.000255
0.000248
0.000247
0.000214
0.000228
0.000265
0.000225
0.000276
0.000227
0.000244
0.000255
0.000174
0.000218
0.000250
0.000246
0.000248
0.000240
0.000224
0.000251
0.000252
0.000240
0.000229
0.000245
0.000221
0.000241
0.000240
0.000248
0.000225
0.000262
0.000279
0.000228
0.000333
0.000244
0.000280
0.000236
0.000224
0.000230
0.000224
0.000237
0.000272
0.000227
0.000228
0.000235
0.000246
0.000232
0.000232
0.000225
0.000226
0.000206
0.000222
0.000254
0.000245
0.000252
0.000248
0.000245
0.000220
0.000213
0.000231
0.000256
0.000242
0.000228
0.000249
0.000195
0.000254
0.000211
0.000228
0.000257
0.000246
0.000248
0.000233
0.000200
0.000262
0.000243
0.000238
0.000171
0.000271
0.000242
0.000250
0.000245
0.000273
0.000236
0.000249
0.000229
0.000274
0.000248
0.000244
0.000250
0.000232
0.000236
0.000178
0.000245
0.000258
0.000252
0.000221
0.000222
0.000251
0.000231
0.000194
0.000251
0.000253
0.000230
0.000237
0.000249
0.000255
0.000198
0.000220
0.000231
0.000258
0.000231
0.000243
0.000242
0.000230
0.000235
0.000237
0.000270
0.000254
0.000237
0.000330
0.000248
0.000244
0.000232
0.000226
0.000173
0.000277
0.000239
0.000250
0.000252
0.000261
0.000234
0.000245
0.000224
0.000217
0.000305
0.000194
0.000249
0.001351
0.000255
0.000179
0.000244
0.000232
0.000247
0.000240
0.000224
0.000236
0.000246
0.000248
0.000248
0.000225
0.000181
0.000245
0.000249
0.000226
0.000256
0.000231
0.000286
0.000221
0.000271
0.000249
0.000232
0.000249
0.000235
0.000247
0.000245
0.000242
0.000246
0.000222
0.001968
0.000251
0.000211
0.000246
0.000264
0.000242
0.000165
0.000244
0.000385
0.000238
0.000262
0.000255
0.000227
0.000332
0.000243
0.000230
0.000220
0.000233
0.000230
0.000229
0.000242
0.000233
0.000235
0.000222
0.000238
0.000240
0.000257
0.000244
0.000233
0.002308
0.000248
0.000273
0.000241
0.000196
0.000225
0.000175
0.000246
0.000227
0.000173
0.000247
0.000249
0.000226
0.000330
0.000241
0.000207
0.000268
0.000257
0.000244
0.000224
0.000229
0.000166
0.000235
0.000245
0.000227
0.000260
0.000242
0.000188
0.000249
0.000217
0.002134
0.000217
0.000242
0.000235
0.000249
0.000224
0.000464
0.000220
0.000261
0.000248
0.000246
0.000239
0.000257
0.000245
0.000245
0.000278
0.000241
0.000249
0.000592
0.000248
0.000244
0.000216
0.000245
0.000247
0.000245
0.000243
0.000227
0.000221
0.000250
0.000247
0.000236
0.000237
0.000232
0.000250
0.000231
0.000247
0.000246
0.000252
0.000234
0.000251
0.000254
0.000257
0.000223
0.000249
0.000260
0.000263
0.000264
0.000256
0.000245
0.000226
0.000224
0.000229
0.000242
0.000250
0.000455
0.000245
0.000230
0.000503
0.000231
0.000248
0.000275
0.000211
0.000247
0.000183
0.000229
0.000253
0.000249
0.000245
0.000250
0.000253
0.000225
0.000219
0.000423
0.000235
0.000221
0.000243
0.000244
0.000231
0.000264
0.001207
0.000280
0.000224
0.000249
0.000224
0.000234
0.000284
0.000231
0.000242
0.000234
0.000234
0.000257
0.000253
0.000228
0.001207
0.000252
0.000232
0.000242
0.000257
0.000249
0.000243
0.000244
0.000239
0.000249
0.000253
0.000243
0.000240
0.000252
0.000238
0.000241
0.000175
0.000235
0.000224
0.000266
0.000221
0.000193
0.000228
0.000225
0.001015
0.000249
0.000250
0.000545
0.000221
0.000204
0.001770
0.000256
0.000228
0.000230
0.000227
0.000230
0.000231
0.000302
0.000252
0.000219
0.000243
0.000264
0.000236
0.000232
0.000245
0.000283
0.000255
0.000249
0.000251
0.000237
0.000224
0.000223
0.000232
0.000249
0.000241
0.000246
0.000225
0.000224
0.000245
0.000291
0.000247
0.000241
0.000224
0.000226
0.000249
0.000187
0.000256
0.000267
0.000258
0.000249
0.000247
0.000243
0.000269
0.000247
0.000232
0.000219
0.000246
0.000247
0.000243
0.000246
0.000247
0.000248
0.000248
0.000245
0.000250
0.000227
0.000243
0.000236
0.000232
0.000225
0.000243
0.000246
0.000280
0.000288
0.000237
0.000218
0.000231
0.000234
0.000230
0.000239
0.000252
0.000218
0.000247
0.000256
0.000247
0.000266
0.000252
0.000247
0.000264
0.000172
0.000268
0.000250
0.000973
0.000247
0.000236
0.000291
0.000238
0.000244
0.000241
0.000229
0.000234
0.000247
0.000238
0.000254
0.000228
0.000233
0.000239
0.000232
0.000251
0.000250
0.000288
0.000226
0.000251
0.000271
0.000235
0.000230
0.000236
0.000264
0.000234
0.000251
0.000247
0.000215
0.000269
0.000245
0.000222
0.000178
0.000246
0.000208
0.000205
0.000172
0.000231
0.000250
0.000249
0.000249
0.000237
0.000432
0.000246
0.002094
0.000247
0.000241
0.000223
0.000233
0.000243
0.000248
0.000244
0.000251
0.000242
0.000225
0.000239
0.000221
0.000229
0.000250
0.000265
0.000501
0.000163
0.000250
0.000248
0.000237
0.000248
0.000246
0.000236
0.000223
0.000182
0.000175
0.000251
0.000218
0.000379
0.000174
0.000245
0.000238
0.000224
0.000249
0.000244
0.000213
0.000239
0.000245
0.000248
0.000252
0.000238
0.000220
0.000289
0.000276
0.000217
0.000224
0.000286
0.000239
0.000246
0.000250
0.000272
0.000284
0.000246
0.000244
0.000286
0.000240
0.000212
0.000232
0.000254
0.000227
0.000176
0.000232
0.000239
0.000233
0.000247
0.000252
0.000244
0.000228
0.000263
0.000220
0.000255
0.000263
0.000234
0.000223
0.000311
0.000256
0.000227
0.000184
0.000242
0.000930
0.000257
0.000232
0.000212
0.000250
0.000239
0.000222
0.000217
0.000220
0.000239
0.000255
0.000246
0.000277
0.000228
0.000250
0.000231
0.000157
0.000235
0.000262
0.000219
0.000242
0.000223
0.000222
0.000251
0.000225
0.000248
0.000236
0.000238
0.000253
0.000221
0.000256
0.000228
0.000242
0.000247
0.000387
0.000242
0.000259
0.000228
0.000232
0.000216
0.000224
0.000252
0.000244
0.000258
0.000247
0.000170
0.000236
0.000259
0.000259
0.000246
0.000219
0.000250
0.000218
0.000232
0.000235
0.000218
0.000227
0.000251
0.000246
0.000234
0.000241
0.000253
0.000944
0.000247
0.000269
0.000231
0.000251
0.000238
0.000278
0.000242
0.000225
0.000233
0.000245
0.000252
0.000230
0.000235
0.000242
0.000247
0.000241
0.000284
0.000222
0.000166
0.000208
0.000247
0.000204
0.000214
0.000241
0.000237
0.000249
0.000295
0.000246
0.000183
0.000245
0.000236
0.000323
0.000249
0.000243
0.000247
0.000175
0.000238
0.000244
0.000262
0.000190
0.000245
0.000185
0.000259
0.000232
0.000243
0.000250
0.000235
0.000219
0.000189
0.000230
0.000239
0.000240
0.000262
0.000257
0.000221
0.000233
0.000234
0.000228
0.000174
0.000235
0.000282
0.000248
0.000243
0.000245
0.000233
0.000225
0.000166
0.000242
0.000249
0.000257
0.000245
0.000230
0.000229
0.002375
0.001298
0.000244
0.000248
0.000249
0.000227
0.000238
0.000248
0.000226
0.000251
0.000249
0.000244
0.000272
0.000232
0.000247
0.000253
0.000246
0.000246
0.000268
0.000245
0.000229
0.000244
0.000250
0.000249
0.000241
0.000248
0.000229
0.000225
0.000251
0.000236
0.000232
0.000249
0.000252
0.000232
0.000242
0.000247
0.000229
0.000228
0.000253
0.000255
0.000240
0.000248
0.000242
0.000227
0.000292
0.000227
0.000265
0.000239
0.000250
0.000247
0.000229
0.000244
0.000188
0.000236
0.000238
0.000230
0.000231
0.000242
0.000234
0.000238
0.000244
0.000228
0.000167
0.007367
0.000254
0.000247
0.000322
0.000248
0.000252
0.000239
0.001592
0.000275
0.007689
0.000247
0.000239
0.000236
0.000304
0.000215
0.000205
0.000261
0.000224
0.000234
0.000238
0.000262
0.000230
0.000242
0.000183
0.000224
0.000255
0.000231
0.000245
0.000244
0.000243
0.000268
0.000247
0.000219
0.000233
0.000239
0.000227
0.000227
0.000249
0.000220
0.000253
0.000250
0.000271
0.000235
0.000241
0.000235
0.000222
0.000223
0.000239
0.000240
0.000454
0.000259
0.000250
0.000244
0.000276
0.000252
0.000247
0.000227
0.000241
0.000230
0.000249
0.000218
0.000231
0.000233
0.000228
0.000241
0.000244
0.000255
0.000224
0.000249
0.000240
0.000241
0.000255
0.000220
0.000244
0.000251
0.000264
0.000252
0.000329
0.000204
0.000223
0.000245
0.000247
0.000246
0.000225
0.000241
0.003190
0.000210
0.000228
0.000225
0.000256
0.000259
0.000259
0.000242
0.000225
0.000220
0.000240
0.000233
0.000239
0.000249
0.000223
0.000239
0.000230
0.000243
0.000304
0.000257
0.000281
0.000225
0.000243
0.000287
0.000249
0.000248
0.000236
0.000258
0.000326
0.000223
0.000235
0.000195
0.000252
0.000243
0.000217
0.000226
0.000234
0.000226
0.000234
0.000232
0.000221
0.000241
0.000241
0.000230
0.000173
0.000241
0.000265
0.000250
0.000222
0.001149
0.000239
0.000249
0.000219
0.000219
0.000223
0.000223
0.000247
0.000247
0.000249
0.000252
0.000277
0.000233
0.000249
0.000413
0.000234
0.000253
0.000247
0.000243
0.000247
0.000257
0.000234
0.000236
0.000266
0.000257
0.000229
0.000226
0.000250
0.000245
0.000245
0.018429
0.000236
0.000252
0.000224
0.000430
0.000278
0.001563
0.000206
0.000308
0.000245
0.000214
0.000263
0.000226
0.000229
0.000245
0.000202
0.000221
0.000235
0.000236
0.000242
0.000235
0.000219
0.000237
0.000240
0.000368
0.000249
0.000168
0.000229
0.000241
0.000247
0.000266
0.000248
0.000190
0.000247
0.000231
0.000249
0.000241
0.000219
0.000252
0.000213
0.000245
0.000261
0.000242
0.000227
0.000252
0.000245
0.000247
0.000401
0.000248
0.000226
0.000253
0.000249
0.000244
0.000241
0.000224
0.000248
0.000233
0.000240
0.000246
0.000262
0.000246
0.000240
0.000242
0.000253
0.000225
0.000231
0.000231
0.000228
0.000175
0.000226
0.000276
0.000243
0.000233
0.000178
0.000174
0.000255
0.000240
0.000248
0.000219
0.000237
0.000243
0.000230
0.000242
0.000250
0.000247
0.000257
0.000231
0.000232
0.000271
0.000266
0.000248
0.000241
0.000184
0.000222
0.000248
0.000334
0.000241
0.000226
0.000296
0.000229
0.000218
0.000230
0.000230
0.000246
0.000210
0.000246
0.000233
0.000229
0.000249
0.000246
0.000245
0.000237
0.000304
0.000255
0.000235
0.000243
0.000223
0.000201
0.000240
0.000248
0.000223
0.000200
0.000254
0.000268
0.000233
0.000238
0.000170
0.000247
0.000263
0.000243
0.000232
0.000248
0.000249
0.000234
0.000217
0.000219
0.000228
0.000248
0.000233
0.000245
0.000234
0.000244
0.000250
0.000222
0.000273
0.002077
0.000222
0.000243
0.000248
0.000249
0.000224
0.000267
0.000225
0.000249
0.000248
0.000244
0.000233
0.000231
0.000221
0.000242
0.000243
0.000193
0.000281
0.000258
0.000241
0.000252
0.000247
0.000188
0.000184
0.000181
0.000240
0.000242
0.000247
0.000238
0.000254
0.000176
0.000229
0.000248
0.000237
0.000231
0.000255
0.000243
0.000186
0.000215
0.000230
0.000248
0.000238
0.000231
0.000250
0.000179
0.000226
0.000219
0.000239
0.000273
0.000210
0.000221
0.000256
0.000243
0.000251
0.000181
0.000248
0.000255
0.000245
0.000226
0.000214
0.000291
0.000273
0.000236
0.000239
0.000248
0.000253
0.000258
0.000255
0.000244
0.000277
0.000235
0.000230
0.000228
0.000259
0.000270
0.000252
0.000244
0.000244
0.000219
0.000229
0.000236
0.000245
0.000249
0.000248
0.000221
0.000188
0.000228
0.000247
0.000229
0.000229
0.000234
0.000286
0.000254
0.000538
0.000281
0.000262
0.000254
0.000251
0.000248
0.000183
0.000238
0.000231
0.000239
0.000230
0.000228
0.000233
0.000217
0.000228
0.000249
0.000261
0.000252
0.000232
0.000246
0.000243
0.000262
0.000374
0.000249
0.000246
0.000180
0.000245
0.000233
0.000241
0.000247
0.000243
0.000229
0.000246
0.000292
0.000222
0.000234
0.000235
0.000224
0.000238
0.000216
0.000260
0.000267
0.000249
0.000234
0.000249
0.000285
0.000258
0.000245
0.000255
0.000252
0.000228
0.000247
0.000221
0.000239
0.000270
0.000243
0.000239
0.000235
0.000226
0.000245
0.000246
0.000246
0.000230
0.000253
0.000502
0.000249
0.000241
0.000223
0.000225
0.000200
0.000241
0.000227
0.000228
0.000262
0.000224
0.000228
0.000245
0.000202
0.000241
0.000239
0.000243
0.000256
0.000263
0.000249
0.000264
0.000238
0.000274
0.000245
0.000228
0.000245
0.000250
0.000226
0.000229
0.001638
0.000228
0.000256
0.000232
0.000243
0.000238
0.000250
0.000255
0.000245
0.000241
0.000205
0.000236
0.000277
0.000222
0.000257
0.000208
0.000227
0.000251
0.000241
0.000219
0.000245
0.000250
0.000247
0.000253
0.000226
0.000247
0.000234
0.000259
0.000246
0.000247
0.000365
0.000227
0.000164
0.000244
0.000252
0.000220
0.000227
0.000252
0.000230
0.000230
0.000244
0.000249
0.000221
0.000224
0.000305
0.000255
0.000157
0.000270
0.000231
0.000204
0.000223
0.000233
0.000260
0.000236
0.000246
0.000247
0.000231
0.000251
0.000234
0.000225
0.000229
0.000233
0.000237
0.000220
0.000253
0.000248
0.000248
0.000243
0.000229
0.000231
0.000251
0.000218
0.000236
0.000246
0.000246
0.000168
0.000266
0.000230
0.000173
0.000219
0.000242
0.000228
0.000267
0.000270
0.000241
0.000231
0.000229
0.000349
0.000246
0.000250
0.000237
0.000236
0.002688
0.000309
0.000246
0.000221
0.000242
0.000258
0.000254
0.000244
0.000253
0.000232
0.000241
0.000241
0.000252
0.000247
0.000221
0.000241
0.000258
0.000208
0.000221
0.000221
0.000251
0.000242
0.000246
0.000250
0.000251
0.000251
0.000222
0.000249
0.000243
0.000247
0.000215
0.000230
0.000223
0.000233
0.000225
0.000223
0.000225
0.000240
0.000169
0.000239
0.000244
0.000245
0.000247
0.000242
0.000249
0.001869
0.000237
0.000235
0.000221
0.000230
0.000247
0.000238
0.000303
0.000247
0.000201
0.000254
0.000244
0.000243
0.000220
0.000187
0.000247
0.000261
0.000249
0.000227
0.000245
0.000250
0.000232
0.000236
0.000260
0.000254
0.000242
0.000257
0.000225
0.000220
0.000234
0.000256
0.000220
0.000242
0.000248
0.000392
0.000223
0.000240
0.000160
0.000320
0.000256
0.000249
0.000265
0.000246
0.000268
0.000245
0.000220
0.000252
0.000289
0.000245
0.000302
0.000237
0.000284
0.000245
0.000217
0.000217
0.000230
0.000225
0.000242
0.000218
0.000262
0.000291
0.000252
0.000250
0.000293
0.000225
0.000217
0.000258
0.000244
0.002077
0.000381
0.000244
0.000212
0.000247
0.000250
0.000244
0.000193
0.000169
0.000248
0.000222
0.000234
0.000241
0.000256
0.000232
0.000263
0.000252
0.000270
0.000246
0.000209
0.000193
0.000241
0.000236
0.000236
0.000249
0.000243
0.000256
0.000250
0.000244
0.000228
0.000270
0.000232
0.000243
0.000236
0.000272
0.000236
0.000250
0.000249
0.000230
0.000245
0.000243
0.000227
0.000232
0.000241
0.000245
0.001491
0.000233
0.000245
0.000253
0.000223
0.000190
0.000251
0.000223
0.000224
0.000238
0.000231
0.000244
0.000251
0.000302
0.000252
0.000237
0.000243
0.000250
0.000230
0.000200
0.000177
0.000238
0.000309
0.000244
0.000290
0.000245
0.000238
0.000227
0.000212
0.000289
0.000229
0.000233
0.000233
0.000244
0.000225
0.000263
0.000245
0.000256
0.000249
0.000239
0.003516
0.000225
0.000262
0.000247
0.000239
0.000245
0.000228
0.000221
0.000235
0.000241
0.000235
0.000220
0.000235
0.000213
0.000232
0.000248
0.000267
0.000239
0.000250
0.000276
0.000261
0.000231
0.000240
0.000249
0.000255
0.000249
0.000216
0.000223
0.000260
0.000255
0.000225
0.000228
0.000232
0.000232
0.000281
0.000290
0.000297
0.000224
0.000247
0.000212
0.000248
0.000260
0.000237
0.000212
0.000238
0.000221
0.000227
0.000248
0.000248
0.000248
0.000251
0.000313
0.000234
0.000221
0.000260
0.000186
0.000323
0.000238
0.000251
0.000249
0.000241
0.000216
0.000231
0.000248
0.000228
0.000218
0.000280
0.000245
0.000221
0.000246
0.000246
0.000241
0.000224
0.000176
0.000233
0.000239
0.000230
0.000222
0.000248
0.000262
0.000247
0.000248
0.000221
0.000230
0.000230
0.000214
0.000210
0.000252
0.000230
0.000236
0.000178
0.000271
0.000203
0.000225
0.000220
0.000215
0.000250
0.000245
0.000220
0.000255
0.000249
0.000228
0.000251
0.000255
0.000242
0.000220
0.000254
0.000237
0.000242
0.000246
0.000241
0.000247
0.000219
0.000248
0.000231
0.000252
0.000260
0.000222
0.000252
0.000248
0.000236
0.000317
0.000214
0.000251
0.000327
0.000250
0.000196
0.003182
0.000248
0.000285
0.000238
0.000248
0.000279
0.000241
0.000228
0.000243
0.000244
0.000236
0.000193
0.000231
0.000249
0.000176
0.000245
0.000230
0.000166
0.000255
0.000268
0.000250
0.000250
0.000221
0.000226
0.000224
0.003337
0.000217
0.000247
0.000204
0.000298
0.000226
0.000243
0.000274
0.000243
0.000255
0.000237
0.000246
0.000257
0.000247
0.000240
0.000229
0.000247
0.000254
0.000222
0.000222
0.000212
0.000231
0.000248
0.000246
0.000164
0.000238
0.000239
0.000214
0.000251
0.000252
0.000225
0.000186
0.000243
0.000226
0.000252
0.000243
0.000245
0.000247
0.000217
0.000208
0.000216
0.000249
0.000171
0.000242
0.000222
0.000240
0.000232
0.000224
0.001074
0.000256
0.000241
0.000244
0.000245
0.000251
0.000182
0.000255
0.000253
0.000238
0.000296
0.000242
0.000228
0.000185
0.000263
0.000171
0.000228
0.000234
0.000268
0.000248
0.000227
0.000275
0.000317
0.000229
0.000176
0.000272
0.000224
0.000228
0.000234
0.000225
0.000182
0.000245
0.000233
0.000181
0.000263
0.000252
0.000240
0.000244
0.000248
0.000223
0.000242
0.000249
0.000246
0.000219
0.000225
0.000230
0.000247
0.000247
0.000240
0.000245
0.000235
0.000232
0.000212
0.000230
0.000242
0.000222
0.000245
0.000235
0.000245
0.000235
0.000218
0.000230
0.000246
0.000219
0.000168
0.000237
0.000234
0.000177
0.000276
0.000245
0.000246
0.000245
0.000244
0.000245
0.000242
0.000230
0.000221
0.000263
0.000215
0.000232
0.000208
0.000256
0.000181
0.000226
0.000234
0.000245
0.000223
0.000219
0.000221
0.000225
0.000196
0.000277
0.000249
0.000252
0.000260
0.000263
0.000254
0.000250
0.000221
0.000249
0.000245
0.000282
0.000227
0.000224
0.000231
0.000250
0.000266
0.000250
0.000222
0.000192
0.000233
0.000241
0.000244
0.000274
0.000243
0.002147
0.000172
0.000261
0.005933
0.000252
0.000230
0.000233
0.000216
0.000244
0.000225
0.000214
0.000250
0.000253
0.000220
0.000224
0.000272
0.000246
0.000193
0.000250
0.000259
0.000253
0.000221
0.000237
0.000243
0.000246
0.000225
0.000229
0.000321
0.000240
0.000257
0.000247
0.000255
0.000226
0.000257
0.000281
0.000248
0.000246
0.000246
0.000220
0.000249
0.000249
0.000228
0.000229
0.000226
0.000231
0.000287
0.000281
0.000244
0.000224
0.000244
0.000229
0.000245
0.000247
0.000225
0.000233
0.000238
0.000254
0.000224
0.000252
0.000229
0.000241
0.000254
0.000224
0.000234
0.000228
0.000261
0.000247
0.000278
0.000277
0.000256
0.000248
0.000175
0.000569
0.000224
0.000217
0.000247
0.000255
0.000250
0.000228
0.000242
0.000236
0.000229
0.000257
0.000234
0.000277
0.000260
0.000244
0.000237
0.000250
0.000224
0.000217
0.000250
0.000180
0.000295
0.000239
0.000249
0.000225
0.000234
0.000247
0.000243
0.000227
0.000183
0.000245
0.000227
0.000222
0.000244
0.000250
0.000178
0.000168
0.000423
0.000214
0.000233
0.000246
0.000221
0.000235
0.000230
0.000223
0.000222
0.000165
0.000247
0.000244
0.000229
0.000188
0.000221
0.000287
0.000233
0.000237
0.000247
0.000239
0.000234
0.000225
0.000223
0.000250
0.000247
0.000226
0.000244
0.000284
0.000246
0.000257
0.000245
0.000241
0.000246
0.000224
0.000218
0.000248
0.004967
0.000214
0.000215
0.000241
0.000234
0.000244
0.000227
0.000234
0.000247
0.000225
0.000224
0.000225
0.000255
0.000242
0.000228
0.000242
0.000245
0.000243
0.000211
0.000240
0.000254
0.000243
0.000229
0.000299
0.000248
0.000254
0.000254
0.000221
0.000229
0.000245
0.000218
0.000211
0.000218
0.000220
0.000216
0.000241
0.000193
0.000237
0.000232
0.000207
0.000245
0.000323
0.000168
0.000207
0.000228
0.000243
0.000226
0.000243
0.000187
0.000223
0.000252
0.000248
0.000252
0.000232
0.000233
0.000252
0.000254
0.000220
0.000249
0.000233
0.000240
0.000255
0.000252
0.000253
0.000225
0.000242
0.000243
0.000226
0.000245
0.000215
0.000232
0.000363
0.000244
0.000285
0.000223
0.000304
0.000236
0.000237
0.000252
0.000235
0.000230
0.000236
0.000236
0.000175
0.000228
0.000245
0.000266
0.000233
0.000300
0.000251
0.000219
0.000218
0.000256
0.000241
0.000246
0.000221
0.000229
0.000251
0.000228
0.000320
0.000242
0.000243
0.000261
0.000228
0.000256
0.000225
0.000245
0.000232
0.000230
0.000225
0.000246
0.000248
0.000223
0.000243
0.000230
0.000250
0.000229
0.000251
0.000224
0.000223
0.000232
0.000248
0.000249
0.000255
0.000220
0.000252
0.000257
0.000226
0.000252
0.000265
0.000260
0.000253
0.000244
0.000260
0.000252
0.000283
0.000246
0.000243
0.000247
0.000230
0.000235
0.000240
0.000241
0.000223
