0.114097
0.155796
0.174551
0.162448
0.159679
0.155837
0.180677
0.171628
0.178785
0.145926
0.163164
0.162348
0.168789
0.158337
0.185593
0.155779
0.177874
0.163442
0.167874
0.165761
0.165195
0.150890
0.154200
0.185817
0.168848
0.163911
0.156114
0.150579
0.176313
0.150535
0.173382
0.119992
0.154681
0.181281
0.118826
0.176989
0.144270
0.149680
0.149090
0.167020
0.138744
0.146167
0.138668
0.153451
0.149118
0.155861
0.174258
0.150181
0.142510
0.151002
0.135249
0.162960
0.159329
0.151750
0.169384
0.153977
0.166817
0.176465
0.165349
0.171373
0.161408
0.147052
0.176311
0.162105
0.138001
0.159296
0.164157
0.178916
0.152539
0.141800
0.176568
0.182416
0.179091
0.161763
0.165759
0.153422
0.150356
0.154740
0.161596
0.155465
0.139238
0.132089
0.178388
0.144841
0.153490
0.197149
0.160549
0.177962
0.165171
0.153339
0.148452
0.154197
0.176121
0.175349
0.152287
0.153883
0.165839
0.159695
0.144731
0.110026
0.155254
0.180502
0.172393
0.148453
0.165101
0.156768
0.162667
0.159802
0.142103
0.151305
0.139080
0.168520
0.151838
0.151054
0.166351
0.147024
0.134280
0.146857
0.165019
0.165689
0.145607
0.166687
0.160338
0.148467
0.157480
0.170935
0.194748
0.196123
0.181069
0.186821
0.222949
0.391646
0.359639
0.303220
0.316961
0.337942
0.301489
0.324292
0.325629
0.249761
0.333236
0.371561
0.309357
0.349315
0.353964
0.311317
0.246830
0.294161
0.181397
0.155663
0.198838
0.152666
0.168885
0.165302
0.170208
0.140379
0.172850
0.135619
0.167591
0.173070
0.178313
0.166931
0.160557
0.175125
0.155744
0.157396
0.157242
0.159100
0.163116
0.147077
0.146429
0.149958
0.159294
0.153371
0.158522
0.149881
0.145766
0.165892
0.160709
0.153139
0.191470
0.151548
0.152832
0.161641
0.151167
0.173653
0.158126
0.167011
0.160688
0.170716
0.162907
0.157022
0.165887
0.189837
0.154086
0.150321
0.165281
0.172961
0.155509
0.158269
0.160786
0.165356
0.167777
0.164605
0.145795
0.162415
0.172058
0.157533
0.174679
0.151966
0.163137
0.144644
0.144941
0.133262
0.145156
0.178241
0.148124
0.158227
0.165240
0.150777
0.190304
0.163221
0.158015
0.160937
0.180739
0.168927
0.164128
0.152226
0.147670
0.156039
0.175881
0.159481
0.178852
0.157904
0.188624
0.162930
0.146878
0.179280
0.136915
0.179872
0.141703
0.158920
0.150127
0.149243
0.165718
0.149670
0.159156
0.161126
0.162774
0.158547
0.166829
0.161960
0.148154
0.158707
0.146470
0.150612
0.149131
0.145549
0.143661
0.173657
0.160924
0.168748
0.181656
0.175524
0.152453
0.134504
0.157283
0.147186
0.160016
0.147815
0.152242
0.141335
0.162560
0.159928
0.170841
0.176383
0.174678
0.148801
0.174448
0.137825
0.183992
0.158417
0.175707
0.160318
0.184938
0.149343
0.171337
0.159653
0.158244
0.163033
0.169940
0.158834
0.159083
0.174518
0.157310
0.167229
0.149447
0.166046
0.145805
0.178025
0.137793
0.138032
0.172719
0.138904
0.167776
0.150445
0.155611
0.163732
0.159957
0.150552
0.172584
0.158336
0.172704
0.165455
0.152507
0.159325
0.147183
0.183032
0.164699
0.164901
0.155762
0.149430
0.174755
0.157726
0.154910
0.150657
0.164404
0.130897
0.167148
0.160385
0.202516
0.158602
0.160175
0.170831
0.158069
0.146429
0.162030
0.201942
0.151853
0.146129
0.151494
0.140914
0.136500
0.151716
0.176444
0.160864
0.161620
0.162327
0.154538
0.155246
0.159185
0.162383
0.195644
0.153769
0.191170
0.148172
0.156604
0.151360
0.141011
0.158830
0.156668
0.167405
0.168568
0.150942
0.490877
0.149024
0.146594
0.236892
0.299885
0.238746
0.201546
0.289694
0.200069
0.190650
0.301850
0.145219
0.162484
0.133466
0.152841
0.145606
0.150706
0.162890
0.155059
0.163125
0.179415
0.151374
0.150918
0.170626
0.158016
0.197203
0.163105
0.161894
0.165386
0.155834
0.174735
0.170380
0.135268
0.176707
0.175731
0.172343
0.167647
0.157215
0.166857
0.156457
0.157847
0.217013
0.159433
0.173052
0.178450
0.158778
0.173363
0.176559
0.163998
0.159420
0.152125
0.176252
0.143680
0.178184
0.167049
0.164980
0.147249
0.137591
0.147753
0.160045
0.150369
0.175525
0.162526
0.144126
0.160057
0.193806
0.157203
0.164413
0.153407
0.160583
0.173884
0.153934
0.180636
0.154688
0.147708
0.162924
0.158430
0.155768
0.160240
0.159045
0.170426
0.142984
0.156865
0.155942
0.141727
0.157778
0.158840
0.170339
0.136943
0.153174
0.150467
0.177791
0.162167
0.160813
0.171463
0.153042
0.181221
0.156402
0.155209
0.142036
0.157564
0.167413
0.160301
0.177381
0.161662
0.153176
0.161433
0.161364
0.151725
0.143297
0.159188
0.242598
0.147449
0.160897
0.160427
0.165612
0.169745
0.198845
0.161061
0.153774
0.174403
0.177659
0.141457
0.168707
0.156479
0.160044
0.158723
0.165086
0.174583
0.140651
0.231538
0.132471
0.157940
0.176066
0.172241
0.154001
0.160023
0.170738
0.156301
0.182803
0.143992
0.142952
0.173830
0.159303
0.160971
0.191338
0.143917
0.135208
0.148303
0.165010
0.159753
0.179264
0.161518
0.156787
0.186652
0.151713
0.135911
0.175987
0.169702
0.145901
0.165143
0.157450
0.143673
0.132532
0.147433
0.149513
0.189341
0.169847
0.161323
0.149337
0.156492
0.136520
0.165766
0.135955
0.134040
0.154225
0.151333
0.191319
0.159074
0.162693
0.183252
0.158981
0.150236
0.176054
0.151581
0.161136
0.137486
0.134712
0.165908
0.147212
0.146941
0.158077
0.177434
0.164128
0.150242
0.159633
0.179409
0.169169
0.204736
0.170931
0.173336
0.178021
0.149425
0.159293
0.183067
0.162952
0.184880
0.173702
0.155785
0.177575
0.159289
0.191219
0.167655
0.172344
0.171315
0.183032
0.226087
0.154256
0.141248
0.155712
0.140938
0.161435
0.140416
0.152236
0.160996
0.173532
0.142620
0.144645
0.132151
0.170954
0.149038
0.172398
0.178810
0.145866
0.145669
0.166887
0.158454
0.147686
0.194271
0.158085
0.169745
0.143389
0.163024
0.161066
0.143690
0.157122
0.159819
0.159576
0.149662
0.165181
0.155072
0.158023
0.147334
0.164814
0.152559
0.170141
0.181191
0.164714
0.156192
0.171493
0.170873
0.149683
0.152578
0.181881
0.158830
0.162663
0.159368
0.163477
0.164818
0.154589
0.161967
0.160720
0.155998
0.179584
0.177797
0.160440
0.169291
0.152677
0.157603
0.158844
0.172353
0.151288
0.157082
0.161518
0.160192
0.144897
0.158978
0.147055
0.159452
0.143439
0.184435
0.145708
0.164773
0.159677
0.155250
0.151747
0.151854
0.141759
0.170672
0.181833
0.154052
0.151591
0.158346
0.153650
0.139557
0.163604
0.142045
0.158327
0.168554
0.145752
0.164429
0.168763
0.160473
0.162010
0.145579
0.164945
0.159244
0.159577
0.155959
0.145928
0.159766
0.179216
0.164537
0.157463
0.135340
0.143289
0.136563
0.146749
0.160213
0.161638
0.159334
0.157594
0.132243
0.148510
0.159096
0.147953
0.137713
0.162489
0.148172
0.151289
0.183386
0.188164
0.148316
0.148772
0.156199
0.160729
0.176774
0.150836
0.148549
0.153656
0.145430
0.146972
0.153895
0.176942
0.170244
0.154722
0.139804
0.161268
0.166820
0.163488
0.172679
0.158771
0.160252
0.139283
0.186782
0.165089
0.147818
0.182855
0.156805
0.163305
0.164949
0.163069
0.169529
0.178056
0.180407
0.161834
0.154087
0.190906
0.169254
0.160905
0.141747
0.156204
0.161979
0.149764
0.149765
0.147940
0.158135
0.154339
0.147184
0.162431
0.160809
0.159277
0.148065
0.177536
0.180735
0.144556
0.169687
0.149518
0.161965
0.146418
0.146611
0.170940
0.162851
0.148678
0.152483
0.142558
0.161628
0.191189
0.147767
0.132321
0.163367
0.360065
0.156784
0.177884
0.180577
0.156836
0.161903
0.170357
0.178620
0.134258
0.154128
0.174077
0.156849
0.151128
0.168301
0.147620
0.224756
0.161637
0.159771
0.147971
0.172543
0.182352
0.148564
0.161191
0.179923
0.180126
0.160091
0.153062
0.132496
0.162152
0.148838
0.171727
0.180457
0.156095
0.148036
0.156225
0.165839
0.154374
0.163866
0.136767
0.161984
0.167431
0.177890
0.172166
0.164482
0.143767
0.136656
0.151083
0.162124
0.143511
0.158858
0.153810
0.169402
0.145343
0.157149
0.170044
0.145692
0.185759
0.160981
0.161513
0.160297
0.176202
0.177876
0.153284
0.138129
0.167279
0.151495
0.148824
0.159560
0.196154
0.162131
0.167494
0.179479
0.157180
0.149621
0.164581
0.159551
0.194244
0.157469
0.169100
0.150143
0.148009
0.172410
0.154562
0.168801
0.170319
0.176049
0.161117
0.203050
0.156027
0.165948
0.152458
0.151199
0.161218
0.140677
0.165318
0.154687
0.149985
0.193027
0.241958
0.156801
0.159822
0.164517
0.138138
0.166187
0.186804
0.163706
0.174582
0.162224
0.149859
0.167006
0.159327
0.177002
0.153661
0.145157
0.181448
0.152693
0.150917
0.164379
0.147381
0.158813
0.151984
0.174382
0.151556
0.159702
0.357611
0.158189
0.177333
0.163630
0.222706
0.188915
0.184140
0.142415
0.142262
0.143411
0.174536
0.157846
0.163499
0.169840
0.145915
0.159141
0.158826
0.173818
0.158852
0.154027
0.135709
0.148369
0.140839
0.149276
0.161732
0.149963
0.167726
0.164338
0.142810
0.401371
0.146213
0.148174
0.133258
0.179477
0.164782
0.168114
0.151534
0.167080
0.173162
0.164516
0.174521
0.158297
0.168845
0.159742
0.157496
0.175373
0.155891
0.148191
0.164636
0.194467
0.173797
0.159599
0.149371
0.291976
0.154131
0.167924
0.154709
0.165526
0.132344
0.182671
0.166823
0.180398
0.162366
0.154118
0.168747
0.147509
0.168145
0.224722
0.163233
0.139810
0.166026
0.207893
0.158433
0.154558
0.142618
0.145823
0.143116
0.184992
0.171421
0.149255
0.152389
0.161971
0.155000
0.173239
0.155045
0.184201
0.146524
0.158044
0.178227
0.158412
0.152252
0.175725
0.169339
0.157236
0.165624
0.171945
0.189110
0.181059
0.154138
0.180801
0.153799
0.167336
0.162624
0.162420
0.149609
0.159988
0.167164
0.161894
0.164074
0.173830
0.151373
0.168353
0.160386
0.164816
0.131971
0.180324
0.163160
0.156686
0.162968
0.160734
0.148095
0.141458
0.167246
0.131941
0.173210
0.158983
0.189843
0.155487
0.160259
0.144962
0.155393
0.170806
0.148874
0.132117
0.161272
0.147405
0.152445
0.172798
0.152858
0.174720
0.188859
0.163486
0.166442
0.149534
0.255754
0.136223
0.148503
0.144974
0.166147
0.181620
0.205935
0.179575
0.170342
0.138841
0.162445
0.166578
0.156307
0.158120
0.160059
0.159570
0.159930
0.147142
0.152121
0.146822
0.167102
0.178456
0.157970
0.147357
0.153720
0.156673
0.160518
0.146744
0.148977
0.322348
0.157668
0.161073
0.157785
0.162923
0.158940
0.175046
0.148509
0.176404
0.129585
0.163787
0.152597
0.177857
0.178084
0.173367
0.157659
0.167108
0.160872
0.161858
0.159669
0.147834
0.160690
0.135666
0.166863
0.166153
0.160585
0.143229
0.171931
0.134329
0.161189
0.166077
0.170769
0.174288
0.157010
0.138394
0.139345
0.173545
0.144009
0.164602
0.149834
0.150242
0.177078
0.161552
0.178804
0.139474
0.162462
0.144591
0.171938
0.142567
0.164154
0.158645
0.189331
0.142868
0.180170
0.159646
0.179439
0.163779
0.154646
0.148627
0.163163
0.137876
0.164549
0.158677
0.139888
0.182845
0.169548
0.157649
0.162005
0.172267
0.151716
0.150712
0.166788
0.160047
0.211444
0.154723
0.216426
0.204358
0.162539
0.147827
0.169695
0.153374
0.190006
0.167320
0.149047
0.205653
0.133874
0.147191
0.160609
0.143390
0.162635
0.157289
0.173813
0.146793
0.146929
0.157494
0.159581
0.153748
0.153204
0.211858
0.133281
0.146902
0.167580
0.141484
0.175625
0.161906
0.145491
0.136217
0.174200
0.178816
0.163420
0.167028
0.151380
0.177185
0.172355
0.159024
0.162134
0.159500
0.156466
0.148507
0.159237
0.162462
0.153429
0.177914
0.155803
0.172470
0.144583
0.216500
0.164852
0.146756
0.153428
0.168551
0.165169
0.144678
0.167897
0.162510
0.148245
0.146847
0.143536
0.137502
0.140709
0.161733
0.152184
0.166941
0.161815
0.158555
0.167584
0.164802
0.193374
0.141013
0.162590
0.174024
0.160517
0.173523
0.163138
0.144910
0.156399
0.167029
0.163673
0.149150
0.158124
0.160759
0.161411
0.150041
0.814400
0.170212
0.143846
0.158612
0.167059
0.147345
0.160200
0.150345
0.165704
0.197104
0.155087
0.179799
0.169315
0.151398
0.157844
0.147048
0.156830
0.139394
0.146731
0.153249
0.175471
0.163792
0.148210
0.171513
0.135992
0.157878
0.146581
0.134052
0.167786
0.158429
0.148299
0.164726
0.161319
0.161410
0.164129
0.156099
0.152412
0.164338
0.150856
0.147004
0.147534
0.148443
0.151573
0.171123
0.165657
0.162551
0.140838
0.183003
0.163659
0.159488
0.163351
0.167236
0.147927
0.155387
0.153551
0.150202
0.148636
0.155452
0.141418
0.159022
0.160808
0.156140
0.174645
0.151494
0.163938
0.154176
0.165840
0.160036
0.172682
0.156512
0.162694
0.167598
0.159403
0.171061
0.175253
0.163384
0.161714
0.143397
0.153408
0.159870
0.161898
0.157450
0.183059
0.165446
0.160120
0.179955
0.178348
0.193003
0.176453
0.152152
0.175032
0.158997
0.159851
0.170462
0.169883
0.142800
0.196407
0.152883
0.176967
0.163290
0.172120
0.160011
0.136348
0.144458
0.160679
0.138063
0.203902
0.178148
0.158146
0.170303
0.159247
0.151873
0.152505
0.157678
0.172081
0.176117
0.161250
0.176813
0.158648
0.148322
0.180236
0.140939
0.141577
0.152849
0.132680
0.150392
0.161672
0.163318
0.155114
0.164287
0.145072
0.175360
0.159339
0.170713
0.174908
0.161949
0.146188
0.161020
0.145769
0.144914
0.160909
0.152232
0.157083
0.148183
0.158684
0.191372
0.172632
0.149853
0.187751
0.174274
0.147500
0.161829
0.179874
0.165912
0.154115
0.157187
0.150196
0.155214
0.160981
0.157282
0.152853
0.150305
0.147960
0.164095
0.165920
0.149173
0.158993
0.161069
0.148515
0.177597
0.221569
0.171467
0.175333
0.162894
0.164820
0.157881
0.160540
0.164160
0.159884
0.180153
0.159711
0.186755
0.161605
0.163007
0.153807
0.149686
0.149650
0.149354
0.159473
0.160734
0.154461
0.163850
0.169700
0.169712
0.197850
0.171877
0.159513
0.169125
0.184454
0.159266
0.171759
0.157763
0.148997
0.162817
0.174411
0.179933
0.171301
0.167736
0.179330
0.157172
0.159563
0.165702
0.150194
0.177158
0.165210
0.202415
0.179391
0.135464
0.142436
0.174938
0.160320
0.161537
0.151300
0.171216
0.148039
0.146192
0.146662
0.166332
0.162539
0.146411
0.170412
0.150123
0.154012
0.137024
0.171777
0.157699
0.155348
0.167415
0.141128
0.151260
0.147720
0.150108
0.139801
0.162645
0.160641
0.162859
0.153741
0.148512
0.178818
0.165942
0.159536
0.177180
0.156739
0.138935
0.189951
0.160177
0.154022
0.186097
0.155688
0.159611
0.172119
0.186056
0.177833
0.161756
0.158012
0.183732
0.165259
0.136664
0.178548
0.147129
0.173663
0.162942
0.163789
0.172023
0.164957
0.135757
0.147989
0.137548
0.142973
0.152674
0.157706
0.146558
0.136425
0.170837
0.159074
0.164078
0.147385
0.155434
0.161946
0.169659
0.182122
0.188880
0.159327
0.150797
0.180462
0.165048
0.164720
0.168128
0.139666
0.150471
0.160528
0.187969
0.176817
0.162070
0.157737
0.161064
0.149048
0.173359
0.159122
0.163425
0.200996
0.166320
0.165473
0.159284
0.159690
0.172081
0.154138
0.161925
0.178594
0.191863
0.159588
0.153075
0.167373
0.156523
0.148607
0.164074
0.200946
0.161155
0.147766
0.157295
0.189805
0.154809
0.166677
0.162759
0.138886
0.156936
0.149644
0.138387
0.146787
0.160941
0.169867
0.198476
0.151349
0.160082
0.160250
0.168836
0.167655
0.158458
0.177749
0.191431
0.154102
0.137301
0.167974
0.175893
0.168617
0.165593
0.152089
0.151248
0.167218
0.157389
0.103236
0.190974
0.165564
0.168371
0.175558
0.162950
0.154879
0.152236
0.168948
0.132066
0.168890
0.158470
0.162158
0.160776
0.167630
0.164675
0.190314
0.174847
0.173417
0.178166
0.180615
0.170475
0.160389
0.162714
0.148542
0.172386
0.148354
0.164527
0.189026
0.160614
0.158865
0.182630
0.151402
0.161777
0.174879
0.169797
0.157521
0.154642
0.165716
0.159042
0.159733
0.161067
0.188158
0.160931
0.159118
0.152967
0.139810
0.176988
0.174394
0.158524
0.178102
0.177269
0.147797
0.172787
0.202574
0.169583
0.167866
0.150022
0.166011
0.158805
0.174204
0.157249
0.161318
0.159431
0.148260
0.146177
0.157063
0.155340
0.169105
0.161388
0.149872
0.145458
0.159417
0.159178
0.170543
0.230984
0.166548
0.176914
0.163534
0.158229
0.168986
0.149781
0.146332
0.151693
0.150412
0.150417
0.156742
0.153080
0.165721
0.170367
0.181301
0.173162
0.167395
0.162726
0.169810
0.146318
0.186255
0.153707
0.152677
0.163246
0.167868
0.162588
0.159960
0.145376
0.148366
0.152316
0.176921
0.144052
0.137404
0.160036
0.155150
0.177417
0.162946
0.167463
0.151413
0.137437
0.158887
0.149324
0.160500
0.141053
0.155492
0.163112
0.160817
0.133557
0.158074
0.154337
0.291217
0.161382
0.166042
0.172207
0.179076
0.163022
0.148655
0.162116
0.173600
0.147873
0.148069
0.157911
0.165533
0.149930
0.153844
0.134571
0.162721
0.162278
0.170152
0.171756
0.144497
0.161617
0.155764
0.163253
0.157360
0.173942
0.172297
0.153328
0.158249
0.145779
0.148209
0.156105
0.141222
0.161530
0.166525
0.161259
0.146981
0.156001
0.161949
0.154128
0.165704
0.153288
0.147474
0.177835
0.145410
0.161709
0.151499
0.171846
0.141186
0.162958
0.138205
0.145994
0.150124
0.153146
0.148645
0.158017
0.159845
0.153517
0.156910
0.138651
0.158331
0.143561
0.158532
0.145817
0.158646
0.159506
0.151216
0.154831
0.161734
0.173882
0.156999
0.162826
0.178860
0.149596
0.158244
0.170096
0.160408
0.163328
0.140752
0.147027
0.148779
0.183238
0.151442
0.160443
0.144098
0.154063
0.148624
0.166675
0.152822
0.147182
0.155808
0.156204
0.231675
0.138101
0.149198
0.171021
0.150422
0.170549
0.135639
0.134002
0.148807
0.158124
0.140846
0.169405
0.150508
0.150315
0.160393
0.149021
0.150720
0.171395
0.150287
0.143846
0.157523
0.160302
0.148270
0.147558
0.159499
0.155633
0.164139
0.152271
0.144047
0.173883
0.165329
0.135957
0.146713
0.152255
0.163285
0.160028
0.163403
0.163809
0.148884
0.197848
0.159043
0.149688
0.173181
0.144841
0.142335
0.150026
0.132889
0.147316
0.160876
0.184970
0.157787
0.141224
0.173228
0.156193
0.160443
0.191089
0.179364
0.139370
0.193217
0.171130
0.157823
0.195977
0.173681
0.157602
0.150228
0.152493
0.153360
0.136385
0.154771
0.178029
0.170450
0.174413
0.161322
0.161147
0.151527
0.164616
0.170770
0.165288
0.168615
0.150374
0.159684
0.145253
0.170855
0.169714
0.152996
0.186633
0.144101
0.154298
0.143595
0.139958
0.170804
0.178962
0.189758
0.152890
0.180510
0.159153
0.152170
0.146545
0.175872
0.158498
0.184235
0.168699
0.150368
0.156648
0.172717
0.156540
0.166709
0.138555
0.174859
0.146972
0.164064
0.162786
0.195054
0.170677
0.191554
0.156424
0.159471
0.248527
0.150931
0.149172
0.149995
0.150547
0.164012
0.177816
0.149379
0.151390
0.150339
0.161210
0.145609
0.152327
0.151534
0.143719
0.160237
0.168816
0.153479
0.169226
0.163877
0.154545
0.164601
0.158630
0.208432
0.153001
0.137135
0.186853
0.160105
0.162654
0.157541
0.160898
0.152181
0.159243
0.166741
0.146948
0.158692
0.161538
0.135667
0.144650
0.157167
0.171236
0.428806
0.168763
0.152044
0.151724
0.144470
0.153020
0.148432
0.163639
0.156546
0.156993
0.153622
0.159953
0.138232
0.149758
0.159738
0.157371
0.144672
0.156532
0.170768
0.180542
0.153429
0.173754
0.184222
0.166695
0.176203
0.153243
0.165775
0.137834
0.161347
0.140731
0.156552
0.177022
0.173506
0.148250
0.161048
0.146641
0.157684
0.184410
0.178599
0.164964
0.154008
0.162040
0.141360
0.171018
0.164044
0.160059
0.163311
0.148612
0.167806
0.144983
0.169440
0.182978
0.152295
0.168690
0.173131
0.193126
0.184262
0.175156
0.166438
0.151091
0.147587
0.166107
0.159214
0.151612
0.136298
0.149538
0.166226
0.153968
0.133447
0.154804
0.156797
0.194591
0.168130
0.213973
0.149231
0.162341
0.168221
0.160318
0.148805
0.148196
0.166459
0.162294
0.146706
0.163632
0.149255
0.173942
0.146534
0.144966
0.163308
0.159299
0.158493
0.161636
0.222537
0.243650
0.159508
0.157463
0.148040
0.165643
0.162722
0.174786
0.139642
0.168968
0.149140
0.136663
0.146829
0.158444
0.174941
0.148887
0.168476
0.172483
0.151828
0.152901
0.166196
0.148560
0.161443
0.155724
0.207233
0.165791
0.147948
0.161284
0.187292
0.150945
0.154052
0.178048
0.149733
0.160064
0.172832
0.149598
0.190483
0.151519
0.151675
0.241900
0.136740
0.141151
0.210667
0.166244
0.175187
0.135815
0.148181
0.177881
0.155483
0.149598
0.177012
0.145650
0.185512
0.180329
0.159070
0.150555
0.151426
0.165344
0.166240
0.163993
0.171965
0.172981
0.145545
0.167614
0.164594
0.164947
0.155217
0.174097
0.228177
0.180492
0.167977
0.158586
0.141540
0.162163
0.152056
0.174058
0.168819
0.161019
0.140160
0.158160
0.212559
0.192290
0.141811
0.175350
0.200105
0.146074
0.163000
0.160570
0.163155
0.176212
0.167864
0.147680
0.170345
0.175676
0.150242
0.159615
0.147977
0.145271
0.159695
0.156381
0.197789
0.173137
0.156897
0.163327
0.160017
0.202320
0.159837
0.142342
0.168558
0.150764
0.156776
0.163298
0.147894
0.148294
0.155664
0.173098
0.179273
0.174668
0.168788
0.166090
0.144536
0.164529
0.156677
0.153625
0.137430
0.156400
0.144228
0.166711
0.160401
0.162859
0.135183
0.143851
0.150145
0.164708
0.165886
0.142078
0.248175
0.157168
0.162703
0.142264
0.176185
0.144541
0.153157
0.168517
0.171170
0.148947
0.150050
0.142810
0.198816
0.181963
0.149397
0.176651
0.164427
0.199849
0.166373
0.147800
0.165153
0.159102
0.166268
0.154350
0.135003
0.170207
0.156427
0.162404
0.148302
0.146241
0.145086
0.173317
0.162999
0.159814
0.147275
0.163830
0.146981
0.183363
0.159006
0.180350
0.153922
0.178969
0.157290
0.201303
0.170672
0.191982
0.171046
0.164396
0.164008
0.178319
0.144311
0.179371
0.149151
0.161154
0.168896
0.154784
0.171017
0.153165
0.142151
0.168591
0.172615
0.162421
0.162257
0.163738
0.162350
0.153625
0.153653
0.145268
0.159287
0.191975
0.162253
0.148839
0.170910
0.157639
0.157245
0.132720
0.136939
0.151600
0.162966
0.163056
0.153668
0.162132
0.161544
0.150052
0.152336
0.160947
0.173475
0.178740
0.151780
0.170842
0.157938
0.151235
0.175451
0.145014
0.182572
0.161628
0.142483
0.177288
0.162184
0.133909
0.147773
0.157691
0.152820
0.161479
0.154468
0.150795
0.169049
0.158947
0.145300
0.160552
0.179454
0.174087
0.151853
0.163796
0.174651
0.152073
0.178643
0.175763
0.147143
0.176080
0.174214
0.161511
0.157170
0.172183
0.166695
0.164320
0.173885
0.157827
0.191322
0.159549
0.168346
0.155936
0.171508
0.153755
0.177009
0.150279
0.201641
0.160369
0.173564
0.152782
0.176160
0.154469
0.166825
0.144755
0.186190
0.160192
0.142728
0.205285
0.141140
0.144254
0.159981
0.158782
0.149587
0.167839
0.175014
0.153444
0.153587
0.139150
0.155899
0.175595
0.160801
0.146662
0.164299
0.153119
0.141815
0.147623
0.135917
0.170172
0.151389
0.212701
0.162256
0.143906
0.157257
0.175820
0.176507
0.162801
0.163449
0.164270
0.171265
0.141990
0.160822
0.176777
0.147782
0.147462
0.148378
0.144509
0.181257
0.161180
0.180287
0.164315
0.173831
0.162836
0.160476
0.160654
0.159756
0.148567
0.162946
0.142238
0.144792
0.163341
0.172944
0.186195
0.149595
0.160636
0.142044
0.164663
0.162108
0.180072
0.171097
0.163632
0.144855
0.141424
0.136167
0.160397
0.157482
0.167183
0.158555
0.155865
0.150652
0.161843
0.155520
0.169207
0.161697
0.151572
0.206968
0.179235
0.139061
0.156145
0.151760
0.171433
0.151415
0.146802
0.159784
0.153639
0.201466
0.226439
0.181376
0.179849
0.161351
0.158013
0.140427
0.168026
0.170523
0.158353
0.176653
0.149756
0.150422
0.161142
0.155304
0.166988
0.150187
0.149261
0.162481
0.145747
0.159478
0.155122
0.170866
0.192653
0.149708
0.162811
0.151134
0.149312
0.159346
0.137134
0.166364
0.164637
0.170237
0.157998
0.146756
0.148880
0.172686
0.163351
0.152340
0.188712
0.156394
0.130354
0.166085
0.151096
0.166714
0.180235
0.166854
0.151215
0.162925
0.149982
0.188769
0.192636
0.138405
0.171676
0.167045
0.241075
0.185733
0.199671
0.179819
0.143678
0.155315
0.160048
0.175462
0.156351
0.138336
0.176348
0.145972
0.153486
0.162300
0.180722
0.167682
0.146529
0.175640
0.136285
0.150033
0.155345
0.156163
0.148627
0.160554
0.151864
0.154403
0.172476
0.162221
0.161931
0.175594
0.182999
0.191523
0.174012
0.167349
0.151302
0.177934
0.167156
0.144677
0.160266
0.150196
0.166608
0.159160
0.163161
0.198609
0.161329
0.166965
0.146667
0.188109
0.158588
0.159632
0.138206
0.157231
0.139538
0.182209
0.167337
0.159736
0.168060
0.142178
0.159112
0.151211
0.160722
0.163980
0.164448
0.141561
0.169949
0.176657
0.145217
0.160182
0.152593
0.166388
0.165715
0.135297
0.146103
0.150579
0.180556
0.153204
0.151823
0.158940
0.175365
0.155028
0.169590
0.219823
0.193844
0.145916
0.146595
0.161513
0.181784
0.143622
0.162252
0.176791
0.174491
0.166605
0.140270
0.176389
0.151607
0.184878
0.174028
0.139967
0.175456
0.181802
0.171953
0.151915
0.187890
0.145795
0.183091
0.155147
0.175915
0.166402
0.171203
0.163776
0.159366
0.141707
0.162425
0.155322
0.155493
0.152206
0.154113
0.147462
0.170198
0.189579
0.160182
0.148845
0.164479
0.161707
0.144136
0.174631
0.170091
0.177875
0.168728
0.217827
0.157325
0.156102
0.194738
0.162155
0.161476
0.156073
0.155566
0.145852
0.151936
0.152896
0.169191
0.158580
0.166539
0.150338
0.155568
0.135804
0.169376
0.146921
0.172781
0.149660
0.151954
0.160707
0.157750
0.179113
0.149551
0.150937
0.163046
0.164039
0.263495
0.141842
0.165763
0.167020
0.165369
0.145841
0.155859
0.146835
0.163441
0.145928
0.142015
0.151575
0.161646
0.160559
0.148636
0.154130
0.157263
0.170750
0.147468
0.164711
0.169060
0.151664
0.157544
0.163109
0.219813
0.156528
0.161756
0.176234
0.159006
0.146981
0.173366
0.144340
0.163414
0.165022
0.145079
0.163058
0.151318
0.157353
0.162263
0.163301
0.148895
0.153981
0.133008
0.156197
0.148626
0.129012
0.150430
0.166794
0.152372
0.160683
0.156166
0.177581
0.158551
0.151696
0.175416
0.189174
0.161290
0.148858
0.181328
0.171986
0.146888
0.159648
0.152432
0.173316
0.152562
0.143154
0.135814
0.159277
0.155694
0.147753
0.165930
0.138236
0.156322
0.147659
0.148192
0.159722
0.140167
0.157782
0.155707
0.170283
0.230835
0.166135
0.133201
0.168098
0.194324
0.130997
0.161876
0.149554
0.153277
0.145987
0.158309
0.172041
0.180153
0.161523
0.183137
0.143008
0.171477
0.157389
0.167446
0.185591
0.167889
0.166764
0.138182
0.151124
0.146084
0.162779
0.173232
0.168231
0.147146
0.155540
0.178061
0.156608
0.148500
0.159744
0.143190
0.154248
0.149000
0.145048
0.155515
0.171928
0.149156
0.155232
0.180002
0.181840
0.147876
0.159571
0.151944
0.147877
0.171260
0.154203
0.174630
0.138367
0.152192
0.148861
0.145323
0.148749
0.168919
0.142655
0.133392
0.162421
0.160118
0.168390
0.132720
0.141144
0.166419
0.146896
0.146957
0.143361
0.167241
0.146861
0.148233
0.146568
0.162874
0.160822
0.150459
0.168227
0.135760
0.172420
0.148626
0.147726
0.171521
0.177117
0.167974
0.166579
0.182253
0.146464
0.178944
0.176194
0.177154
0.153024
0.141535
0.150225
0.145173
0.144982
0.158690
0.160348
0.147712
0.171660
0.161576
0.153625
0.154397
0.168721
0.145186
0.156932
0.155727
0.161075
0.165269
0.175596
0.160086
0.178009
0.148959
0.179125
0.155041
0.149780
0.151186
0.148527
0.180432
0.138167
0.157365
0.138877
0.171221
0.155681
0.172893
0.162326
0.154658
0.138488
0.170955
0.158027
0.147085
0.163163
0.163452
0.170741
0.153196
0.147160
0.148560
0.138665
0.156811
0.158899
0.174739
0.163280
0.154666
0.165856
0.151273
0.195824
0.159735
0.166851
0.169657
0.161059
0.145770
0.147844
0.148961
0.169735
0.150039
0.176030
0.148988
0.145174
0.148971
0.159105
0.169275
0.165751
0.151157
0.143533
0.157311
0.161825
0.162269
0.140630
0.164137
0.151226
0.146629
0.158152
0.161527
0.177649
0.152416
0.147919
0.152265
0.158948
0.144519
0.147035
0.161687
0.175998
0.168072
0.146474
0.153897
0.172878
0.148888
0.170090
0.155542
0.154928
0.163499
0.170622
0.154907
0.146398
0.161070
0.160893
0.154349
0.141162
0.174556
0.152177
0.147381
0.157265
0.172245
0.135653
0.143781
0.140087
0.149756
0.155026
0.151199
0.159781
0.156097
0.159678
0.175927
0.161355
0.163301
0.170937
0.172236
0.172938
0.167115
0.149839
0.168706
0.160639
0.174606
0.162992
0.146083
0.165281
0.168540
0.139311
0.146384
0.156462
0.180065
0.170537
0.150723
0.159644
0.174341
0.150530
0.172372
0.190667
0.171630
0.156915
0.145509
0.132623
0.156727
0.176604
0.144908
0.163127
0.141224
0.176484
0.152248
0.163159
0.191054
0.147520
0.145996
0.149753
0.167864
0.149948
0.182152
0.151958
0.171842
0.148171
0.147534
0.155086
0.179016
0.158181
0.173310
0.180611
0.148143
0.151034
0.159261
0.160156
0.166793
0.150796
0.161087
0.152683
0.158842
0.164457
0.160814
0.160593
0.161689
0.172622
0.146169
0.170660
0.139187
0.160588
0.173994
0.156964
0.188127
0.162373
0.142508
0.166738
0.148651
0.172050
0.159314
0.162808
0.167124
0.177152
0.161743
0.145684
0.169632
0.145792
0.153655
0.145837
0.162044
0.179483
0.190478
0.143414
0.164429
0.146196
0.145360
0.153386
0.175056
0.160886
0.171584
0.169922
0.160038
0.135795
0.193439
0.149015
0.142831
0.144023
0.182204
0.153149
0.161319
0.139946
0.165418
0.165146
0.172905
0.149586
0.170632
0.195473
0.158966
0.174080
0.162062
0.165963
0.136474
0.150793
0.159391
0.176981
0.148047
0.168000
0.160122
0.150827
0.176905
0.150135
0.176774
0.180960
0.145808
0.161648
0.146700
0.178438
0.169869
0.172074
0.157979
0.146495
0.152174
0.158201
0.166210
0.170188
0.152328
0.164081
0.140500
0.138100
0.160280
0.182972
0.167923
0.151501
0.152673
0.155570
0.172349
0.156451
0.158692
0.138855
0.140856
0.155274
0.171512
0.155362
0.134305
0.140982
0.151152
0.149790
0.173739
0.161289
0.159658
0.146785
0.153688
0.166738
0.198348
0.146951
0.195463
0.160109
0.178919
0.175805
0.163708
0.159334
0.147570
0.156755
0.163410
0.157419
0.150163
0.164672
0.133142
0.138825
0.166297
0.146340
0.142241
0.187415
0.160406
0.163477
0.180465
0.159346
0.175267
0.147025
0.169506
0.166794
0.174941
0.161027
0.160581
0.141092
0.156288
0.159887
0.147039
0.162043
0.156495
0.170551
0.166923
0.175171
0.167002
0.171938
0.179852
0.159755
0.156671
0.179576
0.147947
0.176992
0.155747
0.160143
0.166717
0.148717
0.151440
0.172086
0.146400
0.157032
0.164316
0.153474
0.157646
0.146948
0.170640
0.154990
0.181653
0.161117
0.144321
0.174697
0.150008
0.163573
0.153157
0.174568
0.179779
0.144838
0.150055
0.147166
0.148700
0.157851
0.147416
0.148140
0.149732
0.163790
0.149922
0.130133
0.165023
0.147407
0.133654
0.158643
0.143394
0.143277
0.160229
0.164033
0.165273
0.146959
0.188373
0.152238
0.155359
0.151859
0.177116
0.154989
0.146773
0.177574
0.146236
0.201812
0.150218
0.159267
0.156125
0.173575
0.183597
0.148422
0.157727
0.162379
0.149047
0.154284
0.176177
0.155202
0.186444
0.154612
0.155067
0.177859
0.172585
0.166769
0.162051
0.155336
0.171744
0.187008
0.146720
0.162243
0.141768
0.148943
0.145200
0.160719
0.180882
0.138099
0.171777
0.165306
0.167376
0.149653
0.192115
0.169470
0.162950
0.161593
0.162207
0.180806
0.154842
0.177799
0.165282
0.148202
0.149970
0.173199
0.155256
0.163416
0.157262
0.175650
0.137873
0.166570
0.157295
0.165281
0.161353
0.164284
0.160357
0.163888
0.159680
0.132361
0.168535
0.138404
0.176847
0.152916
0.143030
0.159930
0.148513
0.164835
0.155516
0.160756
0.191078
0.153744
0.160758
0.161102
0.168447
0.157390
0.162741
0.154365
0.159154
0.177266
0.159160
0.161543
0.158893
0.162758
0.148785
0.177273
0.151290
0.178454
0.156110
0.156243
0.162053
0.166918
0.141586
0.153174
0.159664
0.163328
