0.166629
0.160000
0.178202
0.169213
0.189910
0.170038
0.192048
0.177006
0.173449
0.149821
0.168120
0.176783
0.162321
0.158142
0.190237
0.154296
0.189218
0.178729
0.181462
0.167621
0.153058
0.166695
0.142875
0.171679
0.174431
0.174578
0.170117
0.141557
0.155391
0.180632
0.155507
0.174233
0.160171
0.176113
0.156507
0.164294
0.152635
0.177872
0.160409
0.184995
0.137909
0.138349
0.134495
0.161148
0.162798
0.147280
0.164226
0.176222
0.150261
0.142000
0.140667
0.162257
0.166352
0.120945
0.182990
0.150500
0.167835
0.176519
0.195408
0.167781
0.152776
0.162129
0.165931
0.161495
0.136448
0.162966
0.175754
0.164682
0.155630
0.173259
0.162253
0.180043
0.164672
0.169656
0.162314
0.156134
0.155268
0.175450
0.152307
0.144518
0.136323
0.142451
0.186490
0.148259
0.148184
0.170820
0.184284
0.198077
0.168231
0.160261
0.136198
0.155151
0.175494
0.152039
0.167622
0.163046
0.170346
0.150675
0.140687
0.165014
0.159329
0.205225
0.164839
0.162434
0.172146
0.162558
0.161846
0.153885
0.144605
0.163309
0.152067
0.168652
0.150998
0.158462
0.168638
0.165115
0.152277
0.139300
0.159370
0.163242
0.142585
0.176450
0.155321
0.157639
0.175147
0.151779
0.168756
0.155206
0.188337
0.238048
0.288191
0.219399
0.256723
0.403814
0.391805
0.313176
0.282335
0.314291
0.297677
0.306832
0.320415
0.430761
0.290154
0.315055
0.446960
0.275370
0.266252
0.170831
0.171402
0.161469
0.164983
0.184485
0.163640
0.162131
0.170060
0.145073
0.156972
0.148286
0.204297
0.182277
0.162049
0.174403
0.147565
0.158626
0.158441
0.165242
0.184811
0.155263
0.163983
0.168319
0.166304
0.146566
0.163547
0.162979
0.168477
0.140110
0.146620
0.165385
0.158331
0.153052
0.183949
0.152347
0.146610
0.166338
0.158755
0.163535
0.157005
0.170566
0.164896
0.167990
0.166867
0.201302
0.168296
0.164533
0.159944
0.161862
0.163789
0.163241
0.160372
0.164873
0.136556
0.169755
0.164929
0.148467
0.156702
0.155903
0.156791
0.149648
0.173868
0.164881
0.161637
0.149488
0.164081
0.156378
0.139384
0.217568
0.158916
0.155146
0.171568
0.160186
0.174821
0.158636
0.167531
0.169048
0.169800
0.177079
0.187221
0.158897
0.159887
0.153916
0.163321
0.155035
0.162795
0.163277
0.173966
0.150107
0.164019
0.181699
0.154745
0.157487
0.138715
0.168610
0.187538
0.152532
0.161850
0.153030
0.159434
0.157886
0.164139
0.158550
0.187686
0.166433
0.162765
0.160409
0.137844
0.179831
0.162970
0.162831
0.146089
0.166100
0.168003
0.176347
0.161621
0.164000
0.147180
0.142724
0.152357
0.160065
0.150367
0.163399
0.153359
0.145138
0.165067
0.148307
0.185888
0.170753
0.171611
0.138207
0.170066
0.150186
0.152655
0.157181
0.181277
0.158558
0.168923
0.139143
0.175224
0.149046
0.167278
0.186046
0.155561
0.150503
0.165249
0.155662
0.160882
0.165510
0.170941
0.182902
0.132428
0.175888
0.143310
0.142569
0.177979
0.164814
0.152960
0.153603
0.158768
0.173588
0.146824
0.144419
0.175005
0.159070
0.161331
0.161674
0.158948
0.149366
0.147765
0.168566
0.174383
0.165823
0.147870
0.148409
0.139623
0.165777
0.150153
0.167317
0.183613
0.138446
0.159225
0.171095
0.165362
0.156310
0.170522
0.172083
0.160537
0.156847
0.170587
0.150801
0.170401
0.137938
0.204341
0.154389
0.159113
0.155683
0.189256
0.154286
0.155320
0.167746
0.161377
0.162500
0.183601
0.177420
0.172857
0.163978
0.161575
0.207009
0.163508
0.155356
0.139291
0.182317
0.198880
0.163982
0.162832
0.162538
0.170505
0.133974
2.883129
0.271847
0.250743
0.185234
0.178834
0.189519
0.199053
0.203718
0.141338
0.151873
0.153176
0.136118
0.155954
0.151273
0.151119
0.161342
0.164601
0.162914
0.170582
0.149854
0.163181
0.163815
0.161794
0.174173
0.164670
0.150078
0.158430
0.155107
0.169347
0.177976
0.147841
0.169600
0.161438
0.169786
0.152640
0.156055
0.166744
0.160648
0.162755
0.179344
0.165599
0.163349
0.162862
0.156682
0.162098
0.166693
0.153438
0.155991
0.161273
0.164409
0.143128
0.171016
0.160123
0.186029
0.149465
0.149171
0.158138
0.176878
0.151906
0.178375
0.148424
0.145261
0.181120
0.163710
0.149901
0.169923
0.164660
0.162509
0.181508
0.164095
0.161857
0.177026
0.162750
0.187377
0.170065
0.154959
0.165436
0.143023
0.154533
0.154006
0.166068
0.159922
0.146946
0.161345
0.165052
0.158420
0.148901
0.159049
0.164342
0.162834
0.157276
0.168912
0.185914
0.155681
0.175963
0.160362
0.160472
0.188086
0.161364
0.179608
0.152117
0.179989
0.162062
0.159959
0.164819
0.152163
0.168630
0.142039
0.170695
0.161930
0.163549
0.159847
0.161675
0.180790
0.171351
0.183034
0.160702
0.149820
0.173982
0.173186
0.143236
0.148031
0.166691
0.155210
0.161605
0.157735
0.189929
0.162993
0.178957
0.144657
0.172384
0.166975
0.176699
0.202693
0.159675
0.161327
0.161553
0.167039
0.153240
0.153485
0.161422
0.169811
0.152417
0.174406
0.143732
0.155814
0.156201
0.166575
0.168277
0.164254
0.181997
0.153482
0.172553
0.148125
0.145394
0.190147
0.165216
0.151985
0.165503
0.156358
0.151944
0.143630
0.146754
0.168356
0.192167
0.163433
0.153890
0.152964
0.154142
0.142199
0.174773
0.143144
0.136923
0.178459
0.140434
0.171665
0.186860
0.180178
0.171242
0.165964
0.189279
0.162630
0.153208
0.174426
0.138226
0.141699
0.153208
0.157228
0.153386
0.165917
0.177831
0.159103
0.156678
0.180473
0.165326
0.164309
0.185951
0.185754
0.145477
0.181817
0.146979
0.161493
0.180151
0.140675
0.154782
0.174836
0.174964
0.162922
0.163080
0.166724
0.200611
0.158678
0.177008
0.196360
0.190257
0.152499
0.149571
0.157064
0.148529
0.158346
0.139902
0.138607
0.158807
0.156425
0.149400
0.158027
0.150174
0.173833
0.164705
0.166690
0.179762
0.162915
0.164635
0.154009
0.185511
0.165715
0.178472
0.159314
0.179424
0.152205
0.170131
0.135592
0.141246
0.154770
0.157279
0.179427
0.142653
0.177139
0.159846
0.166088
0.155284
0.166801
0.154762
0.160935
0.180189
0.164463
0.164426
0.159388
0.152515
0.137055
0.149685
0.153142
0.150101
0.184126
0.166673
0.168725
0.175594
0.206184
0.157464
0.155943
0.170097
0.184751
0.165664
0.153818
0.174129
0.138950
0.163081
0.158477
0.181935
0.141751
0.156938
0.167532
0.192640
0.135279
0.193677
0.155152
0.161964
0.153526
0.177074
0.171333
0.164050
0.168173
0.169465
0.154438
0.168028
0.135570
0.159050
0.158152
0.154943
0.148385
0.151703
0.150142
0.149496
0.182248
0.157431
0.154499
0.180884
0.132977
0.136889
0.166763
0.153262
0.172287
0.162012
0.164727
0.143769
0.149374
0.162326
0.156305
0.151105
0.152033
0.165265
0.148077
0.148719
0.150117
0.148112
0.136544
0.159723
0.179733
0.168397
0.161618
0.153487
0.145405
0.167177
0.153871
0.152740
0.160407
0.155876
0.167104
0.166158
0.176989
0.158533
0.167657
0.195166
0.173913
0.161590
0.155641
0.147584
0.164924
0.152983
0.161399
0.156185
0.165022
0.168131
0.166889
0.141669
0.166868
0.156347
0.151869
0.170658
0.164866
0.151658
0.148397
0.166537
0.167981
0.159426
0.208982
0.158156
0.191657
0.177685
0.163254
0.158779
0.175397
0.179152
0.161426
0.158374
0.168203
0.167636
0.144520
0.143301
0.148352
0.156884
0.153745
0.148946
0.161514
0.131393
0.150980
0.164680
0.176955
0.179451
0.154326
0.134669
0.178435
0.169013
0.150350
0.175209
0.158800
0.173530
0.160366
0.152758
0.151060
0.159238
0.146102
0.161716
0.165166
0.159077
0.163572
0.160386
0.136190
0.155722
0.163975
0.181910
0.167333
0.161024
0.181423
0.175948
0.160683
0.149121
0.152749
0.194604
0.160664
0.245201
0.147808
0.165958
0.149160
0.175472
0.160261
0.167684
0.164861
0.180453
0.145067
0.159307
0.161243
0.181262
0.170445
0.145717
0.168337
0.140919
0.153649
0.163206
0.149526
0.168502
0.178818
0.148632
0.159397
0.167558
0.164571
0.190326
0.145489
0.175451
0.186268
0.162980
0.178424
0.169642
0.160351
0.130181
0.162745
0.169375
0.159462
0.170419
0.213578
0.174160
0.153071
0.170292
0.167694
0.148963
0.180727
0.174974
0.159806
0.161460
0.175888
0.208360
0.145736
0.142957
0.191284
0.148199
0.155912
0.159745
0.175354
0.180779
0.161579
0.176630
0.162814
0.149093
0.170303
0.159940
0.200868
0.162427
0.168302
0.175811
0.159207
0.155091
0.161478
0.161573
0.160764
0.176557
0.152702
0.166034
0.150102
0.182307
0.154696
0.183975
0.210263
0.147836
0.198629
0.153857
0.149093
0.180584
0.201170
0.207221
0.163526
0.180257
0.157561
0.173618
0.173683
0.162271
0.183864
0.165809
0.149487
0.165007
0.160600
0.165157
0.154406
0.151139
0.153516
0.162790
0.157138
0.158729
0.141001
0.164614
0.151053
0.160117
0.154972
0.175880
0.161151
0.161930
0.164355
0.150425
0.178721
0.162215
0.194128
0.140568
0.153328
0.173974
0.163907
0.156172
0.162039
0.210341
0.162165
0.148856
0.152673
0.161963
0.177266
0.163450
0.159372
0.148237
0.139440
0.150228
0.150715
0.158701
0.163931
0.168652
0.146091
0.163962
0.174510
0.149002
0.147300
0.178852
0.168431
0.166605
0.146103
0.165602
0.167303
0.176754
0.163791
0.177629
0.170014
0.182763
0.171880
0.190464
0.146799
0.152941
0.175747
0.172009
0.180081
0.169404
0.151035
0.156726
0.149114
0.180731
0.159994
0.147214
0.139417
0.174304
0.166766
0.771172
0.180842
0.152926
0.152475
0.175691
0.171133
0.188351
0.177484
0.148320
0.164755
0.163294
0.158056
0.173176
0.154870
0.138911
0.151292
0.164759
0.164637
0.139546
0.150906
0.148870
0.142782
0.161514
0.153685
0.161549
0.172196
0.171079
0.168783
0.154286
0.154478
0.181541
0.162938
0.161878
0.200638
0.153121
0.226670
0.164742
0.149896
0.180346
0.191381
0.149215
0.168888
0.177829
0.168832
0.170639
0.173357
0.164362
0.185144
0.180128
0.150615
0.156922
0.170394
0.181244
0.164822
0.163474
0.169817
0.150530
0.152396
0.155869
0.157400
0.193277
0.182157
0.146484
0.240227
0.142594
0.160306
0.152503
0.179112
0.162228
0.161355
0.185254
0.162895
0.145061
0.172665
0.154422
0.165087
0.169102
0.151624
0.157844
0.160171
0.155188
0.163262
0.157967
0.157997
0.148023
0.169595
0.167160
0.168554
0.169345
0.184248
0.174294
0.159657
0.143898
0.161200
0.197700
0.160163
0.168753
0.148626
0.163383
0.154459
0.156648
0.174044
0.150116
0.165460
0.164462
0.141812
0.155803
0.132041
0.167113
0.154968
0.153613
0.158588
0.151144
0.177589
0.146083
0.146678
0.177229
0.181325
0.178732
0.158607
0.160573
0.145439
0.173798
0.141535
0.161760
0.162893
0.174646
0.154085
0.165118
0.168553
0.164781
0.166706
0.165688
0.154954
0.142669
0.175493
0.216338
0.135967
0.136388
0.166029
0.140671
0.158165
0.194166
0.160813
0.175878
0.185260
0.147029
0.140188
0.167546
0.148705
0.164418
0.150657
0.169997
0.183646
0.154606
0.191835
0.143778
0.177393
0.140541
0.161912
0.147022
0.158672
0.175610
0.174598
0.154127
0.146259
0.177214
0.164242
0.165201
0.158973
0.154775
0.166008
0.138962
0.176259
0.159020
0.150910
0.170511
0.178520
0.175339
0.177028
0.484736
0.157831
0.155339
0.160340
0.181072
0.160877
0.156912
0.157277
0.159469
0.160821
0.165924
0.159241
0.157486
0.176214
0.170678
0.141143
0.163430
0.145198
0.158528
0.171946
0.152051
0.173162
0.151552
0.165300
0.147594
0.158418
0.157589
0.205970
0.160040
0.147162
0.160786
0.140050
0.145765
0.178706
0.147774
0.171768
0.166903
0.168497
0.174911
0.177576
0.164403
0.181232
0.180119
0.150672
0.154865
0.179954
0.158246
0.180346
0.168986
0.172873
0.145898
0.180080
0.162330
0.196486
0.183022
0.148622
0.186949
0.158758
0.162436
0.168314
0.167420
0.156503
0.150275
0.172400
0.171980
0.169568
0.172938
0.148629
0.166721
0.153571
0.161534
0.150278
0.148859
0.162311
0.162489
0.169020
0.146924
0.163027
0.142379
0.177122
0.153363
0.160843
0.176736
0.146235
0.162831
0.158154
0.151111
0.151869
0.158957
0.155581
0.155680
0.160669
0.163618
0.168129
0.151111
1.809016
0.144726
0.140053
0.173726
0.161211
0.152528
0.161870
0.164968
0.159563
0.161679
0.158749
0.166744
0.162060
0.153713
0.159493
0.159820
0.152170
0.132423
0.143787
0.164873
0.177602
0.190096
0.140143
0.181435
0.181365
0.159450
0.135844
0.143425
0.164625
0.159063
0.139668
0.162841
0.162595
0.160844
0.189996
0.154932
0.176210
0.156551
0.156451
0.158686
0.155579
0.170785
0.157750
0.177884
0.161950
0.167436
0.151646
0.195946
0.166378
0.161714
0.164607
0.155718
0.139110
0.151197
0.161761
0.166433
0.159801
0.162561
0.140403
0.161933
0.159497
0.166565
0.162377
0.165177
0.183706
0.169951
0.190237
0.154775
0.191568
0.151416
0.150214
0.157039
0.167962
0.164797
0.170784
0.178234
0.153955
0.152503
0.180860
0.156348
0.181140
0.164217
0.160967
0.163763
0.170737
0.205359
0.168381
0.190475
0.196246
0.158607
0.168483
0.173068
0.149152
0.167047
0.147913
0.150429
0.151576
0.165976
0.193952
0.158515
0.158012
0.160670
0.148008
0.143948
0.163133
0.139810
0.158536
0.182313
0.158770
0.172771
0.165584
0.161664
0.162290
0.164183
0.181470
0.150656
0.161654
0.176155
0.160803
0.146603
0.163783
0.145402
0.147844
0.153110
0.143081
0.160835
0.151489
0.178856
0.155829
0.161301
0.134777
0.171269
0.154341
0.202163
0.167822
0.154785
0.162524
0.161156
0.153393
0.145139
0.159242
0.150236
0.164720
0.150668
0.162236
0.170508
0.143069
0.160054
0.167090
0.177706
0.158460
0.162157
0.181805
0.186618
0.147631
0.137617
0.144420
0.165296
0.151422
0.161170
0.160618
0.154188
0.149341
0.177191
0.174839
0.152185
0.180744
0.159953
0.140991
0.184524
0.277533
0.170309
0.178162
0.174333
0.162963
0.163373
0.175014
0.160167
0.167167
0.160258
0.175471
0.168288
0.168480
0.158340
0.153432
0.140073
0.160546
0.147082
0.158689
0.157738
0.167291
0.163274
0.177870
0.178529
0.185075
0.152137
0.161736
0.167290
0.159765
0.161035
0.161223
0.162522
0.163988
0.165315
0.158236
0.145533
0.176554
0.167193
0.184004
0.180580
0.165842
0.155207
0.151621
0.177660
0.155825
0.177130
0.163672
0.150097
0.150451
0.170417
0.161243
0.162586
0.155001
0.167579
0.153631
0.154977
0.151784
0.190295
0.173220
0.158967
0.165141
0.179313
0.151557
0.222161
0.181327
0.171824
0.153672
0.162642
0.141980
0.144077
0.151619
0.158600
0.146634
0.168819
0.154178
0.154374
0.166922
0.163505
0.185198
0.163057
0.173600
0.176106
0.157526
0.157213
0.152347
0.154243
0.162977
0.165533
0.170671
0.156041
0.165480
0.190871
0.183242
0.188315
0.165563
0.196098
0.151688
0.143798
0.172928
0.160703
0.148921
0.160805
0.156878
0.166662
0.161737
0.150084
0.152605
0.132030
0.152871
0.151357
0.179579
0.164653
0.135325
0.168091
0.146785
0.155756
0.150929
0.153012
0.165135
0.160518
0.161331
0.200437
0.162970
0.147999
0.177395
0.161436
0.150259
0.188849
0.196474
0.162040
0.169568
0.169695
0.164208
0.159196
0.169199
0.147410
0.147342
0.166800
0.171459
0.164264
0.183518
0.152301
0.188597
0.155377
0.161433
0.198690
0.189904
0.192304
0.159183
0.161044
0.161075
0.162281
0.170224
0.135360
0.155771
0.218315
0.213495
0.157963
0.148707
0.165837
0.180659
0.171390
0.178391
0.179290
0.139866
0.162764
0.160060
0.161432
0.151048
0.167132
0.152544
0.150658
0.165783
0.152108
0.187574
0.166131
0.158422
0.149404
0.183481
0.181047
0.156639
0.146355
0.169037
0.175562
0.163837
0.174734
0.153781
0.142627
0.186572
0.146974
0.137433
0.161412
0.165973
0.162574
0.165527
0.150889
0.146965
0.153543
0.182087
0.138090
0.178886
0.157729
0.163369
0.193362
0.167514
0.163576
0.178343
0.187909
0.158510
0.186394
0.165209
0.159628
0.157824
0.166013
0.157223
0.167559
0.159220
0.207251
0.178136
0.161072
0.148326
0.167448
0.160095
0.164820
0.170776
0.196676
0.150278
0.163926
0.158233
0.185317
0.158886
0.173064
0.157219
0.173230
0.148587
0.170730
0.164766
0.163582
0.141246
0.171290
0.176645
0.170341
0.165846
0.172664
0.176268
0.176980
0.168247
0.158590
0.166284
0.160546
0.177898
0.164780
0.153351
0.159647
0.163184
0.149751
0.163844
0.162650
0.162500
0.176059
0.145806
0.157692
0.169067
0.157617
0.176194
0.164191
0.165384
0.160502
0.172325
0.161297
0.162699
0.165184
0.156255
0.166782
0.149090
0.151485
0.152191
0.152182
0.181519
0.183271
0.147879
0.157553
0.199202
0.172265
0.165673
0.159817
0.181467
0.167976
0.145015
0.160191
0.178114
0.161384
0.150504
0.140053
0.155261
0.168716
0.166700
0.146325
0.145210
0.148936
0.161916
0.157777
0.163750
0.163886
0.165468
0.149878
0.164873
0.167607
0.151004
0.171980
0.147585
0.165094
0.151477
0.163089
0.161069
0.154080
0.180683
0.174061
0.152173
0.173568
0.168323
0.176862
0.161853
0.161803
0.165257
0.141855
0.155611
0.173977
0.206913
0.155825
0.149457
0.140305
0.151335
0.173414
0.166365
0.167162
0.137176
0.340543
0.155612
0.172482
0.160142
0.174806
0.167647
0.156752
0.154168
0.153437
0.151473
0.158536
0.154702
0.157497
0.180902
0.165623
0.143633
0.148655
0.168281
0.161968
0.161974
0.148864
0.174725
0.165541
0.167740
0.155397
0.166832
0.173288
0.141711
0.162426
0.189926
0.151416
0.147139
0.166141
0.164727
0.153046
0.168699
0.142327
0.153432
0.143941
0.164342
0.151692
0.172889
0.150575
0.198085
0.212617
0.149076
0.156291
0.149493
0.213237
0.155693
0.161437
0.164638
0.155359
0.160856
0.177080
0.151238
0.158331
0.139660
0.148341
0.146841
0.186114
0.150081
0.146697
0.139566
0.158553
0.153353
0.160465
0.157535
0.157170
0.150578
0.171872
0.196676
0.137325
0.152415
0.178952
0.153354
0.166627
0.163274
0.134604
0.170690
0.166262
0.132509
0.170616
0.160307
0.154328
0.159584
0.167172
0.149832
0.183301
0.154142
0.164137
0.166450
0.156841
0.154220
0.236774
0.163691
0.149935
0.150658
0.154106
0.161730
0.185887
0.172072
0.132819
0.159542
0.160556
0.156056
0.156415
0.177539
0.172480
0.150145
0.181914
0.155075
0.150267
0.182716
0.183277
0.151201
0.164128
0.159617
0.154801
0.168907
0.158285
0.149389
0.150239
0.169915
0.189572
0.175604
0.168632
0.174873
0.155944
0.185720
0.175587
0.170391
0.181714
0.154459
0.162347
0.159338
0.155183
0.168722
0.142032
0.166324
0.180446
0.176938
0.191685
0.181771
0.160771
0.146648
0.164347
0.184861
0.196534
0.176684
0.168268
0.161300
0.159939
0.164378
0.183190
0.174477
0.161443
0.145651
0.162864
0.149601
0.140572
0.170628
0.149765
0.166675
0.178187
0.169667
0.159782
0.146290
0.146943
0.188277
0.157884
0.191642
0.149985
0.167888
0.176553
0.166689
0.153345
0.148096
0.158838
0.175743
0.144213
0.156760
0.180315
0.168172
0.173227
0.176470
0.157603
0.446968
0.165110
0.145895
0.160129
0.200347
0.137935
0.165424
0.189309
0.166638
0.137537
0.138210
0.189686
0.151788
0.171301
0.157508
0.153111
0.153340
0.186041
0.150516
0.174858
0.150547
0.141472
0.162416
0.154329
0.342476
0.165157
0.163302
0.196129
0.171966
0.178558
0.152702
0.169453
0.158580
0.164516
0.151367
0.170895
0.155701
0.151309
0.159070
0.143569
0.156827
0.163387
0.194932
0.175766
0.152983
0.154627
0.150145
0.161080
0.160607
0.160251
0.157727
0.173120
0.149061
0.168085
0.141271
0.155349
0.158354
0.159424
0.149804
0.151959
0.167363
0.172511
0.154117
0.172774
0.177761
0.150909
0.171619
0.140234
0.171805
0.139392
0.144688
0.141625
0.158311
0.169630
0.151758
0.152328
0.160129
0.169749
0.170257
0.164544
0.180779
0.160621
0.183211
0.167277
0.143409
0.162386
0.150335
0.152164
0.148808
0.149311
0.192917
0.140193
0.172136
0.175724
0.155304
0.166265
0.159308
0.182437
0.161779
0.166175
0.150120
0.158439
0.157044
0.165014
0.148966
0.143298
0.158855
0.138232
0.167418
0.152003
0.134185
0.150680
0.164121
0.181286
0.164925
0.181126
0.159392
0.195079
0.153548
0.161106
0.148332
0.153431
0.148448
0.182225
0.175026
0.155768
0.160790
0.181456
0.168097
0.139976
0.176045
0.149492
0.190710
0.166401
0.223888
0.211445
0.178495
0.154091
0.167222
0.181131
0.150293
0.152891
0.136586
0.206781
0.144621
0.142602
0.149158
0.161427
0.150045
0.175817
0.262820
0.163136
0.161639
0.158886
0.188197
0.155241
0.169526
0.181615
0.165466
0.158512
0.167091
0.168745
0.164792
0.160539
0.158506
0.161284
0.151158
0.153676
0.168555
0.176548
0.169638
0.157616
0.165427
0.156465
0.163300
0.144802
0.159561
0.164179
0.161034
0.134762
0.159110
0.171572
0.216165
0.156488
0.170254
0.163789
0.161256
0.178132
0.160868
0.184843
0.163932
0.173780
0.177535
0.173736
0.167026
0.173405
0.159425
0.173682
0.162416
0.151145
0.193963
0.168285
0.175793
0.174277
0.177139
0.157651
0.145040
0.162815
0.152658
0.185702
0.181495
0.162518
0.150749
0.156445
0.173698
0.179284
0.139327
0.182047
0.187005
0.157544
0.167991
0.156186
0.159879
0.161566
0.190479
0.139111
0.157674
0.185575
0.169423
0.160379
0.149399
0.150932
0.159559
0.161314
0.188489
0.185762
0.158677
0.180650
0.164820
0.190697
0.163083
0.154510
0.167247
0.187183
0.179429
0.150279
0.152861
0.162659
0.175080
0.153274
0.173811
0.175769
0.170020
0.160669
0.157977
0.174280
0.163343
0.159755
0.178454
0.150582
0.159741
0.164048
0.167988
0.154875
0.149497
0.154591
0.156694
0.171618
0.158990
0.160073
0.169965
0.149385
0.166075
0.129943
0.160788
0.156678
0.155751
0.167692
0.164731
0.149037
0.151361
0.153638
0.174368
0.161155
0.150914
0.178997
0.171155
0.172230
0.178202
0.156013
0.163713
0.152700
0.164376
0.153344
0.155247
0.155977
0.164709
0.177495
0.162852
0.180154
0.164852
0.172260
0.166502
0.166325
0.139692
0.173374
0.136726
0.166265
0.146735
0.172282
0.155551
0.150332
0.146952
0.137141
0.148183
0.162188
0.177404
0.164505
0.152005
0.171610
0.169941
0.163752
0.180175
0.178043
0.162383
0.148389
0.198503
0.159605
0.135456
0.169396
0.169371
0.163889
0.180330
0.180877
0.165452
0.155297
0.163659
0.156700
0.152955
0.174842
0.183549
0.155878
0.194943
0.162673
0.148724
0.144541
0.148996
0.162125
0.142785
0.159921
0.160993
0.176662
0.160817
0.175423
0.152453
0.173176
0.175745
0.177124
0.144622
0.171161
0.153598
0.151228
0.151301
0.155305
0.167687
0.187817
0.135778
0.199238
0.173306
0.164965
0.155533
0.158367
0.152610
0.171511
0.157312
0.171615
0.176528
0.191175
0.145769
0.157119
0.178300
0.186869
0.148072
0.137053
0.192785
0.174551
0.172025
0.154902
0.135776
0.165286
0.168687
0.170942
0.167186
0.175174
0.178023
0.196440
0.163582
0.186244
0.182981
0.170910
0.163398
0.156907
0.177521
0.161221
0.183987
0.161431
0.186273
0.167111
0.161118
0.153572
0.182013
0.155572
0.196061
0.162936
0.206802
0.202350
0.140284
0.173412
0.143580
0.158158
0.176187
0.174266
0.152341
0.167507
0.167751
0.153551
0.182076
0.148169
0.161107
0.195253
0.146839
0.139633
0.160682
0.200983
0.145511
0.172423
0.140625
0.149957
0.151732
0.171721
0.165060
0.145976
0.169301
0.170223
0.162997
0.189087
0.181501
0.172118
0.176181
0.137997
0.184219
0.175125
0.152308
0.166216
0.151752
0.148537
0.179060
0.195439
0.168309
0.164442
0.157640
0.159283
0.153775
0.155288
0.161168
0.141089
0.139254
0.147261
0.146002
0.162455
0.155021
0.199064
0.156517
0.174052
0.155110
0.175485
0.184274
0.159207
0.168153
0.179100
0.178072
0.199235
0.178760
0.157731
0.156199
0.214892
0.170375
0.197278
0.162541
0.168612
0.171360
0.174076
0.161033
0.138835
0.170539
0.186389
0.146989
0.143594
0.180098
0.146437
0.163935
0.181079
0.157041
0.161340
0.189700
0.164896
0.161076
0.172782
0.178921
0.177281
0.160265
0.179028
0.147379
0.160580
0.191383
0.156045
0.152240
0.165362
0.158803
0.158059
0.165154
0.157548
0.158708
0.144278
0.161135
0.160025
0.167512
0.163278
0.158464
0.194599
0.135092
0.146186
0.197080
0.149628
0.163098
0.161828
0.163348
0.158637
0.152562
0.179099
0.186724
0.171852
0.162700
0.173481
0.167131
0.149146
0.153860
0.166515
0.176921
0.193667
0.164081
0.158358
0.175169
0.177291
0.192798
0.166609
0.164335
0.178299
0.215215
0.175442
0.182295
0.168784
0.177905
0.143127
0.194210
0.146002
0.174872
0.176507
0.145465
0.169059
0.149357
0.140595
0.161842
0.156220
0.141926
0.156455
0.158352
0.160299
0.149914
0.156561
0.158254
0.136748
0.158804
0.192861
0.145209
0.174915
0.153969
0.162718
0.163041
0.146877
0.191078
0.189171
0.169930
0.162222
0.173383
0.147800
0.149855
0.153054
0.161578
0.187309
0.180415
0.167824
0.176817
0.164915
0.165719
0.172029
0.178016
0.154342
0.158443
0.142971
0.151244
0.147599
0.183891
0.165475
0.152167
0.153482
0.155075
0.162945
0.148962
0.153557
0.177085
0.159840
0.135102
0.169536
0.168591
0.146612
0.178288
0.143864
0.176827
0.184957
0.142823
0.165985
0.156373
0.191106
0.168455
0.152777
0.150563
0.182586
0.158473
0.189660
0.198108
0.168950
0.150016
0.172561
0.155037
0.174671
0.144579
0.181454
0.178275
0.185876
0.161233
0.139183
0.163877
0.171321
0.174957
0.187910
0.150482
0.186219
0.183015
0.160639
0.167577
0.181365
0.152817
0.164809
0.157148
0.170984
0.171675
0.179253
0.176509
0.147584
0.150945
0.170406
0.158921
0.151311
0.160477
0.159052
0.138696
0.157204
0.162476
0.152737
0.180116
0.161406
0.148426
0.152028
0.165313
0.200693
0.145593
0.163635
0.157790
0.172581
0.154517
0.160828
0.174629
0.159033
0.147126
0.155672
0.149536
0.151344
0.196533
0.162908
0.157317
0.191781
0.159737
0.163509
0.156801
0.161206
0.137139
0.164094
0.173730
0.162766
0.162454
0.166961
0.179684
0.167310
0.155369
0.152775
0.176872
0.141313
0.137806
0.160812
0.177669
0.160985
0.159682
0.160634
0.136077
0.196164
0.147349
0.152367
0.177098
0.150889
0.148682
0.152868
0.159850
0.157602
0.150466
0.148968
0.163022
0.154036
0.158451
0.155585
0.154545
0.159708
0.158030
0.151181
0.187361
0.170355
0.148668
0.197172
0.177173
0.167344
0.157570
0.151049
0.167184
0.147651
0.171115
0.175113
0.163898
0.151829
0.137666
0.154552
0.164956
0.149369
0.139376
0.165020
0.164865
0.169677
0.153836
0.159954
0.173697
0.165506
0.158903
0.181603
0.166477
0.169156
0.139247
0.171904
0.153003
0.175637
0.160269
0.189906
0.185709
0.163185
0.150172
0.204640
0.153750
0.184805
0.161671
0.169620
0.136429
0.163346
0.148324
0.154361
0.169726
0.178909
0.152789
0.157254
0.158805
0.219756
0.171860
0.157123
0.172767
0.187902
0.148450
0.161737
0.138332
0.151911
0.165277
0.154482
0.162328
0.159143
0.151883
0.164090
0.149232
0.166186
0.162360
0.162253
0.176020
0.159214
0.159042
0.146526
0.142845
0.138914
0.169891
0.178674
0.163284
0.162897
0.149546
0.159692
0.162545
0.155841
0.155508
0.182128
0.136948
0.149877
0.152377
0.168284
0.172143
0.165001
0.168197
0.173232
0.189172
0.150441
0.167470
0.162425
0.151331
0.192891
0.173465
0.176873
0.139257
0.148335
0.150073
0.154842
0.165696
0.158326
0.155708
0.159040
0.154095
0.163492
0.144668
0.151503
0.163123
0.206243
0.139475
0.163993
0.149421
0.164927
0.158531
0.156325
0.163322
0.150758
0.169851
0.156650
0.165231
0.151899
0.165516
0.161371
0.154216
0.157065
0.159810
0.249671
0.164344
0.167294
0.155903
0.168201
0.182718
0.156426
0.164989
0.142810
0.160453
0.157306
0.134688
0.146703
0.153346
0.142987
0.176771
0.149811
0.165300
0.179883
0.172133
0.158303
0.145564
0.153391
0.175050
0.178289
0.177702
0.164819
0.175843
0.184148
0.178767
0.162749
0.203674
0.161520
0.157923
0.167389
0.146511
0.155396
0.146697
0.167242
0.152081
0.163177
0.163440
0.161671
0.153380
0.163697
0.174354
0.142713
0.176966
0.164235
0.165094
0.150129
0.158093
0.164544
0.153261
0.152834
0.175699
0.171467
0.186001
0.162817
0.175654
0.166811
0.152598
0.150298
0.160619
0.160238
0.151303
0.159496
0.146766
0.150057
0.150179
0.163120
0.164553
0.148281
0.137803
0.140268
0.152453
0.166601
0.181161
0.156805
0.151124
0.150303
0.155612
0.200871
0.140548
0.152819
0.170348
0.155874
0.167249
0.158030
0.160572
0.170153
0.150756
0.164613
0.166906
0.151916
0.161645
0.163595
0.165160
0.191924
0.152430
0.143135
0.170699
0.179269
0.151313
0.187005
0.160017
0.169883
0.168659
0.160316
0.155288
0.147589
0.158874
0.146185
0.151021
0.166984
0.146564
0.158712
0.160608
0.150253
0.159075
0.132673
0.143474
0.163426
0.159297
0.141585
0.152940
0.155635
0.151170
0.175544
0.157664
0.179370
0.174775
0.162138
0.184778
0.164833
0.141893
0.177297
0.161083
0.166691
0.157952
0.159216
0.147096
0.167387
0.133547
0.149666
0.177841
0.166856
0.232842
0.161239
0.166762
0.163151
0.147776
0.169045
0.183132
0.163516
0.158608
0.150377
0.155835
0.152989
0.152170
0.139049
0.204769
0.147618
0.156590
0.159480
0.172869
0.175166
0.158850
0.151001
0.161366
0.167314
0.138134
0.178938
0.168211
0.169121
0.161821
0.148890
0.156726
0.177666
0.154628
0.164246
0.160867
0.163465
0.152787
0.184460
0.173686
0.170209
0.160130
0.154500
0.144433
0.157217
0.169202
0.161573
0.159829
0.157015
0.173485
0.149233
0.171944
0.151942
0.167234
0.179754
0.159580
0.164255
0.179210
0.137915
0.169962
0.158798
0.150555
0.166373
0.164544
0.168831
0.162118
0.171762
0.163010
0.162761
0.141027
0.161266
0.162344
0.161977
0.178164
0.174020
0.139283
0.150515
0.148219
0.145724
0.157311
0.161706
0.160334
0.166414
0.160670
0.161980
0.154676
0.181547
0.142343
0.155051
0.147356
0.189499
0.167533
0.161793
0.147624
0.192901
0.174511
0.159713
0.159255
0.165038
0.171405
0.157974
0.197318
0.159335
0.146889
0.139987
0.146085
0.162449
0.165846
0.173398
0.161029
0.158967
0.152585
0.167472
0.173896
0.166684
0.171745
0.159561
0.153103
0.143167
0.180222
0.177922
0.170126
0.164316
0.155031
0.145245
0.146414
0.180934
0.159204
0.151966
0.174537
0.143210
0.165125
0.162509
0.161782
0.158164
0.159423
0.171053
0.157552
0.157543
0.184314
0.141447
0.137763
0.160266
0.172485
0.141827
0.159028
0.136595
0.138933
0.166124
0.147202
0.191495
0.162600
0.149084
0.151779
0.147328
0.167173
0.190547
0.174317
0.173233
0.160589
0.160175
0.169890
0.191326
0.163646
0.157785
0.157745
0.171626
0.155874
0.136261
0.162562
0.149202
0.145480
0.155588
0.145446
0.147406
0.164008
0.166660
0.182762
0.165891
0.164602
0.163782
0.157795
0.158459
0.153019
0.165358
0.164440
0.165866
0.154773
0.146796
0.157423
0.168407
0.161940
0.161938
0.170453
0.196627
0.182123
0.194165
0.197769
0.173624
0.150743
0.191611
0.175653
0.143028
0.171474
0.163489
0.153962
0.172399
0.152394
0.161909
0.175293
0.150039
0.162458
0.159430
0.152532
0.148504
0.164518
0.161133
0.196224
0.136894
0.159785
0.139270
0.182739
0.165759
0.163049
0.174857
0.228027
0.156925
0.161870
0.143388
0.163783
0.183095
0.149841
0.149659
0.161596
0.150751
0.160761
0.148992
0.144808
0.147236
0.151410
0.147934
0.157981
0.138293
0.160176
0.158891
0.189413
0.176454
0.142718
0.171650
0.153370
0.147767
0.152697
0.145054
0.152856
0.145665
0.166007
0.152605
0.167847
0.142269
0.160843
0.202186
0.157629
0.184820
0.160006
0.158220
0.152127
0.152591
0.163856
0.162418
0.163700
0.156356
0.150951
0.162568
0.165730
0.184409
0.165434
0.170562
0.185844
0.174861
0.148227
0.173065
0.162844
0.148450
0.148610
0.148917
0.161876
0.218081
0.147565
0.165657
0.168696
0.161346
0.163542
0.303466
0.184962
0.162564
0.174814
0.159309
0.164541
0.153062
0.165960
0.163918
0.146337
0.139013
0.173659
0.151402
0.154447
0.154787
0.173194
0.152420
0.168901
0.166994
0.172922
0.151157
0.164277
0.163801
0.164586
0.172340
0.149377
0.163886
0.176632
0.168205
0.157380
0.138271
0.168081
0.212811
0.154763
0.158702
0.165087
0.154314
0.139091
0.196856
0.179418
0.169585
0.160221
0.175299
0.168683
0.181259
0.193154
0.183117
0.162119
0.167932
0.179064
0.140636
0.162655
0.172834
0.174262
0.132387
0.151376
0.153235
0.166875
0.149499
0.150176
0.155844
