0.059169
0.058611
0.057794
0.072463
0.078467
0.058504
0.070093
0.071154
0.058849
0.051157
0.061558
0.056288
0.132615
0.061828
0.068966
0.062477
0.073884
0.088924
0.070297
0.214430
0.054732
0.071565
0.059725
0.071142
0.070068
0.068399
0.067740
0.043697
0.063058
0.056259
0.074528
0.053026
0.064932
0.071258
0.064259
0.072975
0.059425
0.059770
0.071855
0.079123
0.049998
0.054567
0.050446
0.063781
0.060096
0.055382
0.054777
0.062953
0.053484
0.249522
0.049977
0.063814
0.065952
0.061615
0.060563
0.053860
0.054867
0.066113
0.068632
0.061961
0.064197
0.064875
0.073595
0.059910
0.061722
0.071254
0.064176
0.064380
0.059157
0.059272
0.057695
0.063850
0.065945
0.205096
0.071293
0.054591
0.046781
0.067710
0.068319
0.058459
0.049402
0.048684
0.064092
0.063717
0.057655
0.069853
0.061445
0.069302
0.067892
0.070816
0.048663
0.070777
0.065642
0.059728
0.055234
0.057686
0.075732
0.054517
0.056992
0.051896
0.061102
0.052404
0.068935
0.058380
0.068636
0.060652
0.066093
0.055860
0.047096
0.058620
0.048960
0.061976
0.056691
0.062726
0.061420
0.066602
0.051645
0.056027
0.065149
0.090716
0.070618
0.066833
0.059905
0.065922
0.056589
0.068990
0.079429
0.077197
0.076525
0.085667
0.075923
0.147157
0.136174
0.188918
0.122028
0.120779
0.109063
0.104232
0.155234
0.094613
0.137039
0.128046
0.123590
0.169144
0.135361
0.117984
0.098672
0.094752
0.066671
0.289982
0.063829
0.062844
0.073166
0.065789
0.072449
0.049936
0.062859
0.054318
0.070097
0.067552
0.065146
0.063541
0.081436
0.081200
0.059224
0.060923
0.060497
0.122305
0.066584
0.056705
0.050911
0.062631
0.060850
0.060719
0.056809
0.055689
0.056712
0.067283
0.056555
0.045169
0.136608
0.050399
0.051142
0.071273
0.066303
0.061637
0.060230
0.058132
0.057818
0.084284
0.061659
0.057095
0.064265
0.067318
0.065987
0.057317
0.057878
0.069026
0.056235
0.058316
0.075370
0.074365
0.066886
0.077475
0.059015
0.057590
0.061413
0.063152
0.066933
0.050910
0.061566
0.060071
0.060828
0.054270
0.051584
0.066239
0.054198
0.060814
0.053178
0.068848
0.065137
0.066937
0.059397
0.058279
0.067660
0.061917
0.068152
0.074791
0.070956
0.075360
0.084362
0.052308
0.065441
0.065328
0.062187
0.061321
0.060308
0.091647
0.050269
0.072424
0.057884
0.071693
0.060262
0.062220
0.058489
0.056653
0.054162
0.063134
0.079901
0.062211
0.061126
0.054564
0.073468
0.058288
0.047908
0.058796
0.058776
0.058713
0.059159
0.068944
0.069579
0.064798
0.068619
0.067042
0.050092
0.051581
0.068493
0.082857
0.069209
0.061481
0.058651
0.060026
0.064971
0.056877
0.075241
0.069742
0.061228
0.056483
0.061244
0.051932
0.060557
0.061050
0.067475
0.066871
0.066947
0.049432
0.071987
0.055048
0.068708
0.064707
0.055424
0.055117
0.080021
0.059584
0.058819
0.069387
0.059885
0.070249
0.049373
0.064659
0.057913
0.050362
0.071508
0.062913
0.065757
0.059676
0.062970
0.064249
0.047374
0.057241
0.065925
0.061285
0.069275
0.063164
0.052286
0.055150
0.060473
0.067621
0.063782
0.064727
0.053543
0.057200
0.067128
0.062981
0.054766
0.056717
0.074235
0.052000
0.061712
0.077837
0.060695
0.054683
0.063082
0.068434
0.064336
0.055695
0.067893
0.056708
0.051843
0.057739
0.076917
0.054450
0.052522
0.053977
0.072923
0.056345
0.061215
0.060094
0.064257
0.064367
0.056513
0.057723
0.072556
0.064343
0.059797
0.065771
0.062992
0.053110
0.052555
0.069351
0.070418
0.071558
0.068587
0.061198
0.097721
0.100310
0.056020
0.189551
0.066693
0.065893
0.092949
0.096267
0.104835
0.070701
0.062572
0.048940
0.063236
0.049941
0.048543
0.064519
0.052192
0.067546
0.056744
0.071550
0.068241
0.083599
0.059808
0.060646
0.059440
0.059950
0.059737
0.068227
0.065610
0.054683
0.064072
0.063881
0.060256
0.065274
0.059973
0.063443
0.056323
0.061114
0.071959
0.062317
0.060420
0.063150
0.065975
0.062720
0.070643
0.064742
0.060059
0.055746
0.062178
0.062636
0.052285
0.067961
0.056100
0.064770
0.058511
0.068972
0.061972
0.051391
0.057409
0.069735
0.059526
0.073344
0.056805
0.046129
0.061960
0.061183
0.068568
0.062268
0.058605
0.056228
0.071238
0.062268
0.070257
0.061185
0.081190
0.068500
0.069710
0.055011
0.061299
0.057569
0.060764
0.056222
0.070963
0.063089
0.059742
0.060879
0.057810
0.064535
0.056706
0.061623
0.062283
0.067588
0.063047
0.057115
0.069443
0.058160
0.068410
0.062626
0.061555
0.050620
0.059570
0.069523
0.056019
0.064022
0.058016
0.061312
0.073708
0.059749
0.053020
0.054313
0.059167
0.063498
0.061633
0.061278
0.054198
0.065977
0.067261
0.064796
0.058628
0.060554
0.070846
0.071945
0.056132
0.063167
0.056796
0.052295
0.059774
0.070051
0.068032
0.050229
0.062418
0.056252
0.052287
0.056066
0.067568
0.062321
0.057005
0.064656
0.070827
0.065718
0.052339
0.051228
0.055154
0.068020
0.061184
0.075556
0.053020
0.056970
0.059888
0.070624
0.060015
0.073483
0.059147
0.053756
0.061815
0.057222
0.054906
0.083693
0.066338
0.069036
0.071772
0.059296
0.058934
0.057005
0.065773
0.056986
0.067140
0.059117
0.058307
0.068093
0.060736
0.055782
0.063158
0.052222
0.042794
0.056777
0.057633
0.064881
0.056359
0.066236
0.061010
0.063572
0.058619
0.061329
0.049401
0.077012
0.050717
0.051846
0.064359
0.056479
0.059460
0.056145
0.066765
0.057264
0.058165
0.068130
0.065620
0.062467
0.069194
0.072286
0.053243
0.061525
0.078492
0.060034
0.055136
0.059147
0.051333
0.074677
0.061137
0.057775
0.063134
0.072790
0.065470
0.060435
0.068832
0.060845
0.065469
0.053043
0.050273
0.053369
0.055728
0.058676
0.053707
0.052187
0.063492
0.058222
0.064273
0.051527
0.059458
0.071603
0.052169
0.067801
0.063482
0.058799
0.054178
0.059267
0.069107
0.067452
0.060456
0.069522
0.065373
0.049095
0.059361
0.065017
0.048585
0.060790
0.058541
0.067445
0.057938
0.058833
0.062717
0.064824
0.060653
0.071568
0.048861
0.062477
0.063489
0.067359
0.065101
0.059007
0.076283
0.056568
0.062002
0.063693
0.056796
0.065162
0.062294
0.076276
0.064128
0.058839
0.058681
0.061127
0.058018
0.070864
0.063129
0.056396
0.066447
0.054969
0.066312
0.070939
0.067095
0.054566
0.066349
0.072478
0.056182
0.050142
0.066248
0.056922
0.057280
0.052324
0.071251
0.065801
0.060124
0.075879
0.069700
0.055440
0.053980
0.054018
0.061583
0.072101
0.067125
0.059029
0.069648
0.059067
0.049307
0.060169
0.054810
0.060202
0.066116
0.058779
0.049058
0.061871
0.058022
0.065512
0.061250
0.059586
0.054228
0.062642
0.055274
0.053339
0.059903
0.047509
0.053133
0.051624
0.050776
0.050634
0.057285
0.056062
0.061007
0.063984
0.071084
0.064833
0.052267
0.056065
0.064353
0.062096
0.051677
0.058623
0.060963
0.055827
0.063044
0.066528
0.065162
0.053973
0.055848
0.067182
0.059735
0.059452
0.058646
0.068917
0.057562
0.053441
0.075981
0.061483
0.066666
0.065271
0.056447
0.065573
0.074071
0.059636
0.072771
0.062919
0.056593
0.045623
0.061932
0.063970
0.058100
0.065912
0.064801
0.066348
0.064005
0.052391
0.055944
0.057825
0.062459
0.063824
0.064019
0.070572
0.069763
0.054288
0.051434
0.054209
0.056447
0.060825
0.061010
0.066154
0.054133
0.053231
0.062062
0.061012
0.068102
0.061184
0.056291
0.062267
0.076879
0.058315
0.061262
0.062166
0.066709
0.059619
0.071192
0.059414
0.057355
0.047160
0.049760
0.058689
0.073327
0.057980
0.059655
0.044211
0.062687
0.087858
0.059700
0.070108
0.057922
0.066317
0.064168
0.072106
0.057391
0.052496
0.063027
0.066515
0.060733
0.066084
0.056875
0.063358
0.068203
0.060090
0.060035
0.059240
0.064348
0.061166
0.058341
0.063524
0.070039
0.066899
0.053534
0.060623
0.050978
0.066727
0.063398
0.059838
0.074314
0.064835
0.058253
0.071373
0.065399
0.064426
0.064601
0.058466
0.067136
0.070538
0.065977
0.055523
0.071523
0.053211
0.052639
0.063184
0.063438
0.051167
0.067562
0.060175
0.064117
0.054816
0.057847
0.069906
0.052789
0.068883
0.066517
0.061123
0.061968
0.067384
0.068666
0.058927
0.051685
0.067082
0.058929
0.055583
0.055521
0.064967
0.073116
0.059686
0.064875
0.056321
0.056067
0.064300
0.100707
0.066537
0.067330
0.061809
0.051867
0.058671
0.053405
0.055400
0.054276
0.058136
0.072361
0.061475
0.060726
0.059939
0.067387
0.053748
0.062854
0.057744
0.052687
0.060288
0.050545
0.049724
0.075744
0.054411
0.046636
0.089533
0.063291
0.053471
0.062379
0.061313
0.063836
0.076205
0.066630
0.056642
0.068269
0.061760
0.061637
0.060757
0.053213
0.060579
0.062885
0.058200
0.082774
0.059679
0.069596
0.060980
0.080545
0.072586
0.065240
0.057457
0.063305
0.064427
0.055597
0.084374
0.078832
0.065184
0.050111
0.052660
0.063249
0.058901
0.064800
0.064328
0.074171
0.055723
0.060606
0.062286
0.063984
0.062821
0.059612
0.054348
0.050609
0.049440
0.059562
0.050794
0.062564
0.058586
0.066951
0.063257
0.066359
0.048728
0.049015
0.057090
0.076302
0.067306
0.056967
0.050578
0.067995
0.065419
0.064431
0.068972
0.060284
0.063401
0.063412
0.067687
0.058959
0.058360
0.059974
0.059623
0.066099
0.063323
0.050613
0.057399
0.062771
0.056934
0.065714
0.064576
0.062377
0.052506
0.070644
0.063699
0.072376
0.063308
0.053865
0.060796
0.058668
0.070584
0.073052
0.076192
0.048803
0.077028
0.069008
0.071240
0.060825
0.046137
0.055410
0.059725
0.084289
0.147855
0.051114
0.060626
0.061368
0.062493
0.061267
0.061559
0.065497
0.062416
0.065761
0.070697
0.062920
0.056311
0.063398
0.055057
0.058368
0.062734
0.058637
0.072026
0.068337
0.055753
0.069279
0.067607
0.066759
0.065749
0.062150
0.057032
0.066787
0.069783
0.058614
0.063975
0.071424
0.065284
0.060047
0.070365
0.073002
0.062088
0.064455
0.070183
0.058682
0.060102
0.058064
0.056417
0.055263
0.066099
0.060696
0.069260
0.051383
0.058224
0.052934
0.062215
0.065681
0.060528
0.064008
0.061621
0.055611
0.064187
0.053608
0.053082
0.065560
0.057559
0.064353
0.063535
0.063693
0.069806
0.059676
0.056375
0.053382
0.066067
0.058709
0.065481
0.063989
0.070257
0.061329
0.069263
0.046978
0.063163
0.072256
0.062206
0.062660
0.058555
0.053158
0.061340
0.069340
0.055440
0.062369
0.064390
0.063197
0.058681
0.063266
0.055829
0.061035
0.053896
0.056878
0.050606
0.065910
0.061712
0.059831
0.180149
0.074304
0.072635
0.073002
0.059144
0.053756
0.046027
0.055092
0.061832
0.066078
0.059064
0.065708
0.063503
0.069089
0.058928
0.062538
0.065536
0.061431
0.062069
0.052043
0.070372
0.061281
0.051066
0.053337
0.064913
0.067816
0.070188
0.071267
0.060831
0.061239
0.059064
0.056424
0.050162
0.064820
0.054758
0.128964
0.060534
0.056658
0.071780
0.064943
0.068647
0.054951
0.070129
0.052830
0.071002
0.060164
0.059373
0.064197
0.069817
0.051536
0.066440
0.071335
0.057237
0.063011
0.069566
0.063019
0.064441
0.048728
0.058149
0.062432
0.053000
0.062975
0.064784
0.061908
0.061213
0.063114
0.063774
0.057940
0.065026
0.060103
0.073801
0.052679
0.047726
0.055671
0.064248
0.065553
0.078751
0.062909
0.072967
0.066354
0.046659
0.074647
0.048154
0.061694
0.056393
0.067699
0.061309
0.055934
0.063350
0.065245
0.055778
0.055481
0.071794
0.056803
0.047503
0.065890
0.052323
0.055403
0.067822
0.055945
0.066732
0.059753
0.057226
0.050094
0.055896
0.069888
0.062295
0.060670
0.056538
0.070634
0.073274
0.059760
0.063930
0.068457
0.069609
0.049864
0.063126
0.065244
0.068322
0.083848
0.055727
0.057386
0.049096
0.095774
0.064588
0.058476
0.062329
0.054634
0.061389
0.046229
0.072683
0.063558
0.056517
0.058568
0.051581
0.048611
0.047327
0.054491
0.053564
0.070652
0.072797
0.063712
0.144597
0.061606
0.078963
0.056832
0.060146
0.064378
0.054426
0.059983
0.070346
0.068851
0.058431
0.079227
0.063938
0.056326
0.060740
0.063235
0.075274
0.066873
0.095490
0.062736
0.051126
0.055714
0.065405
0.058975
0.072014
0.060195
0.060397
0.080287
0.058860
0.068854
0.068066
0.051548
0.054886
0.061625
0.052857
0.052490
0.051838
0.064945
0.069454
0.071753
0.061185
0.056772
0.068288
0.059048
0.050543
0.053775
0.070182
0.055898
0.051281
0.075029
0.057082
0.066112
0.063129
0.062352
0.057344
0.074690
0.055404
0.056502
0.059192
0.048488
0.060389
0.062990
0.052856
0.060527
0.051137
0.065638
0.070985
0.056663
0.055482
0.064447
0.054018
0.059546
0.063129
0.060665
0.063130
0.056887
0.058307
0.061109
0.078445
0.061283
0.067522
0.061422
0.064503
0.065737
0.073959
0.063227
0.064567
0.058061
0.056908
0.060550
0.061459
0.075990
0.060793
0.061706
0.063042
0.055628
0.068422
0.051751
0.072427
0.052354
0.064624
0.073103
0.069414
0.073307
0.064018
0.074821
0.074450
0.065205
0.060187
0.069117
0.053464
0.071745
0.059880
0.056420
0.055199
0.059448
0.067281
0.064136
0.057501
0.090197
0.063912
0.050841
0.063998
0.055057
0.066745
0.064158
0.073635
0.066581
0.069263
0.067832
0.059969
0.064260
0.066229
0.062604
0.056545
0.065041
0.070526
0.057572
0.059891
0.049628
0.068718
0.053257
0.057676
0.060787
0.062703
0.060752
0.056211
0.073094
0.046945
0.073740
0.063196
0.066653
0.060718
0.053613
0.054821
0.058837
0.063413
0.046374
0.062153
0.058984
0.055916
0.058642
0.062898
0.078681
0.055444
0.063915
0.063078
0.058134
0.061245
0.052360
0.063919
0.068723
0.054914
0.054355
0.057274
0.056589
0.058481
0.072919
0.052422
0.057201
0.055875
0.068075
0.067045
0.059859
0.063189
0.062884
0.056609
0.073501
0.077937
0.060335
0.065086
0.066509
0.059937
0.060774
0.065206
0.061558
0.069076
0.072554
0.062128
0.068273
0.055477
0.056155
0.066930
0.048535
0.061563
0.050727
0.054571
0.064380
0.065779
0.056424
0.063124
0.069888
0.065096
0.060690
0.068207
0.055974
0.072485
0.067091
0.071214
0.060210
0.057513
0.084034
0.055628
0.055169
0.066818
0.066452
0.066774
0.059998
0.063414
0.059472
0.048362
0.063915
0.058077
0.073038
0.066165
0.052683
0.061983
0.066556
0.072843
0.060955
0.079700
0.069106
0.058036
0.052607
0.059590
0.055935
0.061922
0.056301
0.067479
0.058800
0.058619
0.048641
0.060980
0.065809
0.070197
0.065653
0.053577
0.069895
0.046734
0.056780
0.052194
0.067743
0.057946
0.080586
0.062869
0.060385
0.071949
0.078569
0.067354
0.074068
0.057620
0.062462
0.075374
0.052958
0.057017
0.069156
0.056311
0.056613
0.071572
0.063867
0.067741
0.074740
0.064427
0.055237
0.063000
0.054577
0.056734
0.061553
0.063054
0.061437
0.064005
0.068441
0.065791
0.049182
0.066794
0.050910
0.053542
0.054386
0.059806
0.054848
0.072039
0.057194
0.052689
0.057814
0.058108
0.050862
0.054722
0.072352
0.062146
0.065711
0.061026
0.060844
0.058578
0.055843
0.075705
0.075018
0.056992
0.061125
0.062562
0.068246
0.071734
0.064976
0.073270
0.055918
0.073688
0.075502
0.057864
0.051146
0.065233
0.064756
0.067332
0.075224
0.061639
0.077512
0.062522
0.060912
0.065392
0.066721
0.067505
0.063691
0.066785
0.048821
0.071276
0.063334
0.066913
0.056011
0.060595
0.054381
0.066183
0.062289
0.065357
0.067711
0.075727
0.074094
0.055119
0.057916
0.050909
0.066059
0.057740
0.051943
0.057286
0.057113
0.059683
0.064143
0.061090
0.071286
0.065108
0.065254
0.058764
0.059110
0.065349
0.064150
0.057501
0.063896
0.061062
0.053201
0.067885
0.053631
0.055021
0.066684
0.066964
0.063672
0.066944
0.060923
0.062966
0.059777
0.071768
0.048555
0.068153
0.061268
0.066306
0.061511
0.066464
0.063318
0.067777
0.072558
0.062460
0.069463
0.070538
0.060811
0.054255
0.059105
0.059908
0.063083
0.061662
0.076609
0.073468
0.066937
0.067895
0.070222
0.055587
0.063690
0.071899
0.062051
0.052277
0.061445
0.054041
0.069177
0.063377
0.064142
0.073432
0.056233
0.054851
0.063625
0.059495
0.080391
0.064742
0.066975
0.074702
0.069879
0.061127
0.071348
0.071208
0.078759
0.058422
0.063026
0.064293
0.058346
0.068395
0.065074
0.058868
0.062133
0.060148
0.055553
0.071543
0.064081
0.063438
0.064368
0.054948
0.057691
0.069369
0.056816
0.071242
0.061068
0.072104
0.065655
0.056197
0.059310
0.054740
0.055282
0.063125
0.059927
0.062160
0.057634
0.053630
0.066308
0.069244
0.063489
0.061333
0.063860
0.071000
0.070070
0.058696
0.055101
0.077201
0.072764
0.051980
0.066324
0.068650
0.058213
0.060103
0.060352
0.065600
0.062176
0.054520
0.047236
0.054474
0.053297
0.059956
0.061016
0.061653
0.059022
0.054741
0.057504
0.058331
0.053112
0.056612
0.050552
0.102960
0.058791
0.054194
0.047383
0.062085
0.060371
0.064910
0.054277
0.057816
0.053391
0.062337
0.063706
0.056175
0.063322
0.060353
0.048470
0.056014
0.055179
0.068575
0.051746
0.052690
0.047334
0.061818
0.054453
0.064870
0.059498
0.049936
0.060952
0.069250
0.057152
0.059992
0.065997
0.063385
0.061409
0.060966
0.060959
0.054338
0.063578
0.052372
0.068679
0.062668
0.062808
0.049365
0.061529
0.063234
0.056989
0.064667
0.054796
0.056748
0.065631
0.053232
0.057083
0.058167
0.162539
0.051073
0.061863
0.056994
0.054354
0.050291
0.055217
0.053236
0.051342
0.065822
0.048480
0.064325
0.051856
0.068245
0.058637
0.071079
0.063581
0.067991
0.064440
0.062377
0.059105
0.051034
0.058055
0.061002
0.073249
0.124527
0.068858
0.057425
0.075838
0.065366
0.068322
0.049841
0.056422
0.056422
0.071336
0.053678
0.053294
0.057140
0.055721
0.064721
0.060318
0.059983
0.053065
0.049771
0.050049
0.066817
0.050466
0.056179
0.058229
0.053487
0.064227
0.050454
0.044046
0.064529
0.068732
0.047186
0.065552
0.058444
0.065760
0.079549
0.055202
0.058208
0.068328
0.053852
0.064328
0.067041
0.058505
0.054831
0.064994
0.061033
0.057505
0.054805
0.059997
0.063180
0.061667
0.063475
0.051554
0.051632
0.056407
0.062447
0.053602
0.059619
0.058925
0.063690
0.064018
0.077019
0.056032
0.063712
0.063562
0.053118
0.080541
0.047227
0.096481
0.072493
0.058269
0.054079
0.056706
0.077702
0.052789
0.070383
0.061671
0.068779
0.069491
0.067885
0.079867
0.056772
0.063646
0.059293
0.059635
0.068411
0.056558
0.061929
0.062881
0.058382
0.061427
0.065438
0.079223
0.066354
0.057462
0.057392
0.077942
0.069578
0.092556
0.067543
0.058661
0.054974
0.056377
0.052033
0.058506
0.067812
0.058311
0.072560
0.049344
0.052892
0.054583
0.059990
0.060217
0.061765
0.061914
0.073329
0.063434
0.059793
0.048774
0.062975
0.057040
0.067854
0.059921
0.065057
0.053966
0.054337
0.061356
0.054124
0.053769
0.068359
0.055374
0.068885
0.068130
0.062592
0.060421
0.067368
0.059475
0.067259
0.057813
0.079004
0.083187
0.058102
0.049078
0.068401
0.070284
0.064140
0.048649
0.050106
0.059737
0.049595
0.054322
0.055686
0.057691
0.061010
0.067390
0.055632
0.082628
0.063029
0.049786
0.064740
0.058041
0.079052
0.061280
0.048037
0.065688
0.063891
0.069936
0.061680
0.068698
0.066538
0.063322
0.064500
0.070536
0.054717
0.076354
0.049560
0.053679
0.058282
0.067997
0.067245
0.063522
0.054051
0.057103
0.055476
0.058543
0.057794
0.061664
0.058019
0.061379
0.052939
0.065495
0.050890
0.075367
0.052779
0.055567
0.054226
0.060345
0.060417
0.065323
0.061736
0.063797
0.062450
0.058698
0.066259
0.049898
0.081660
0.051213
0.060764
0.058100
0.058660
0.071327
0.061045
0.061578
0.060415
0.057490
0.072086
0.072275
0.085264
0.061271
0.061759
0.063648
0.055696
0.068617
0.056218
0.054791
0.056281
0.072755
0.070666
0.051735
0.056319
0.071098
0.059100
0.063272
0.062552
0.067841
0.066893
0.077389
0.056708
0.051034
0.051028
0.080476
0.052732
0.061316
0.051848
0.060026
0.066354
0.054895
0.050489
0.057374
0.064875
0.065276
0.073357
0.066442
0.058555
0.064180
0.058518
0.065421
0.066078
0.059860
0.057880
0.065025
0.060208
0.062505
0.056688
0.064455
0.055583
0.054421
0.059921
0.061234
0.056549
0.067662
0.079809
0.096089
0.084178
0.061783
0.054214
0.068682
0.063953
0.061564
0.056238
0.061428
0.066592
0.056732
0.064639
0.061692
0.062903
0.053832
0.067767
0.075803
0.051600
0.061869
0.067845
0.084170
0.067571
0.057345
0.124006
0.065743
0.064673
0.064407
0.058141
0.065424
0.048490
0.067602
0.058669
0.049957
0.080273
0.058177
0.078007
0.067829
0.063202
0.059094
0.046564
0.062617
0.063907
0.063615
0.059879
0.053980
0.056517
0.068381
0.061397
0.064218
0.071192
0.068983
0.064062
0.061861
0.070381
0.072622
0.053956
0.071806
0.066786
0.062411
0.072259
0.069490
0.067588
0.071923
0.065941
0.056940
0.068110
0.085787
0.088353
0.065348
0.064179
0.064790
0.049824
0.059486
0.056350
0.070009
0.071736
0.068596
0.050792
0.059791
0.065244
0.064449
0.058506
0.081789
0.057509
0.066715
0.068389
0.064569
0.061332
0.061233
0.062723
0.052354
0.057018
0.063554
0.079157
0.068036
0.062510
0.062762
0.067718
0.059875
0.063553
0.068203
0.066592
0.064715
0.068778
0.078481
0.052635
0.059897
0.055163
0.058508
0.068940
0.061442
0.072019
0.060710
0.066821
0.059754
0.065876
0.058840
0.061415
0.067915
0.048660
0.074444
0.074293
0.068710
0.050575
0.057021
0.063151
0.074148
0.064782
0.052238
0.060826
0.060426
0.062403
0.071304
0.061722
0.056950
0.060202
0.057315
0.055753
0.085308
0.057182
0.060449
0.062730
0.058742
0.061314
0.062596
0.053882
0.057106
0.087155
0.058188
0.058909
0.064695
0.063319
0.072067
0.064934
0.061642
0.064713
0.056316
0.064202
0.057520
0.055177
0.054086
0.058773
0.060743
0.057565
0.068440
0.064954
0.074014
0.058029
0.059502
0.052736
0.060343
0.056109
0.058074
0.064842
0.062517
0.064842
0.061163
0.078078
0.048538
0.049257
0.066250
0.066094
0.084687
0.053505
0.066329
0.065776
0.058934
0.053856
0.062451
0.070750
0.062964
0.062236
0.068876
0.052669
0.063321
0.068140
0.069137
0.057884
0.074829
0.069483
0.056883
0.053640
0.058766
0.070100
0.064787
0.062886
0.077550
0.055421
0.058536
0.066004
0.062032
0.059095
0.050687
0.051285
0.063100
0.063846
0.074312
0.066883
0.069475
0.057131
0.063665
0.065327
0.066960
0.050224
0.062911
0.058484
0.058843
0.056361
0.059933
0.073071
0.069038
0.054320
0.069511
0.064892
0.053543
0.066544
0.055331
0.057634
0.077018
0.057222
0.061524
0.063584
0.058943
0.054648
0.069952
0.067691
0.067814
0.059234
0.058003
0.072429
0.065703
0.067940
0.071795
0.054868
0.056418
0.071049
0.056303
0.071589
0.067549
0.065829
0.063531
0.057156
0.063368
0.065370
0.070923
0.056226
0.055817
0.062614
0.068799
0.078901
0.062412
0.068158
0.057090
0.062837
0.056066
0.081463
0.060805
0.049987
0.070431
0.068910
0.078181
0.051382
0.069806
0.057018
0.053055
0.066520
0.079494
0.063221
0.065703
0.065031
0.060209
0.064983
0.049106
0.062211
0.068917
0.060060
0.047613
0.064698
0.059875
0.059092
0.059930
0.050593
0.058080
0.072167
0.083882
0.065554
0.059853
0.062670
0.063064
0.060690
0.074450
0.071625
0.067355
0.071028
0.061304
0.070118
0.061670
0.059806
0.059339
0.056505
0.048090
0.053620
0.053622
0.065732
0.066402
0.053098
0.057017
0.065741
0.060491
0.065814
0.057134
0.050338
0.056337
0.049300
0.063076
0.063153
0.053516
0.063243
0.063024
0.056038
0.045895
0.062297
0.071180
0.066606
0.058703
0.056788
0.054329
0.062819
0.058458
0.060967
0.078176
0.069035
0.054887
0.051267
0.064654
0.055162
0.065120
0.065979
0.047314
0.061514
0.061402
0.050476
0.061907
0.054747
0.065139
0.057953
0.062949
0.055476
0.059402
0.072494
0.083523
0.062089
0.055372
0.064784
0.063239
0.049129
0.067653
0.059633
0.068699
0.059747
0.060642
0.057623
0.061276
0.069587
0.065207
0.054619
0.052728
0.057222
0.066335
0.064589
0.055829
0.059742
0.065747
0.056726
0.080501
0.045550
0.059690
0.071454
0.077314
0.063015
0.058266
0.054251
0.069873
0.063559
0.056643
0.064776
0.063192
0.059889
0.071798
0.067932
0.059733
0.069158
0.063034
0.062977
0.065925
0.058273
0.071963
0.070638
0.062112
0.080305
0.064920
0.060764
0.068761
0.062618
0.084885
0.065164
0.075106
0.075324
0.059783
0.068610
0.046995
0.056853
0.059127
0.067541
0.062323
0.061326
0.057560
0.063046
0.055364
0.055081
0.055228
0.072874
0.064827
0.049104
0.054371
0.059064
0.060032
0.060329
0.053427
0.049387
0.070343
0.057682
0.065174
0.074239
0.064946
0.069881
0.081362
0.076470
0.065921
0.076190
0.054545
0.055114
0.058699
0.067707
0.066414
0.065425
0.069787
0.064304
0.061294
0.059824
0.063044
0.063948
0.053678
0.055234
0.055818
0.056422
0.052076
0.073481
0.056604
0.060109
0.064061
0.064236
0.066971
0.058782
0.053055
0.069605
0.047722
0.051400
0.059054
0.058493
0.054305
0.071695
0.051793
0.069313
0.069191
0.062293
0.060432
0.059221
0.073900
0.056615
0.063542
0.059202
0.081561
0.057112
0.055585
0.050680
0.067731
0.062857
0.055453
0.060482
0.063483
0.053716
0.063571
0.070042
0.066647
0.058065
0.052095
0.070518
0.052273
0.066159
0.052596
0.054258
0.063490
0.066613
0.060603
0.058293
0.069253
0.066564
0.065775
0.060215
0.056367
0.064592
0.073189
0.056413
0.061599
0.055098
0.082432
0.059872
0.072417
0.062987
0.062599
0.047103
0.056137
0.064273
0.065545
0.052737
0.063220
0.057075
0.062193
0.067134
0.067496
0.052665
0.064087
0.045823
0.069585
0.055951
0.069234
0.068347
0.053480
0.052142
0.062615
0.050147
0.060237
0.059519
0.059677
0.058060
0.069884
0.068519
0.058323
0.057236
0.062346
0.058530
0.083973
0.061666
0.055853
0.082002
0.063608
0.063461
0.058795
0.056445
0.054012
0.055970
0.056377
0.052839
0.071331
0.063823
0.066070
0.068749
0.082205
0.049966
0.068117
0.055478
0.060217
0.065316
0.054326
0.049839
0.047454
0.066394
0.072191
0.053376
0.068046
0.066086
0.075380
0.061603
0.061279
0.062279
0.073348
0.053008
0.066802
0.068139
0.065890
0.085589
0.066622
0.058321
0.062095
0.064200
0.060157
0.060482
0.059231
0.060075
0.060827
0.058155
0.062660
0.045959
0.048928
0.056032
0.061265
0.046886
0.061162
0.056750
0.064543
0.063782
0.067668
0.071810
0.064671
0.062788
0.064083
0.065997
0.055569
0.055348
0.070357
0.052547
0.072611
0.058139
0.057055
0.066004
0.053962
0.056428
0.053438
0.068244
0.063803
0.056514
0.076462
0.059737
0.059414
0.062340
0.060786
0.069108
0.045452
0.058764
0.064867
0.066417
0.085501
0.056712
0.055749
0.061783
0.062087
0.083744
0.061832
0.064719
0.059322
0.052842
0.059436
0.059692
0.058277
0.065803
0.055025
0.048505
0.062022
0.056871
0.061197
0.060559
0.061765
0.073848
0.070479
0.051276
0.058264
0.070732
0.064709
0.057558
0.055390
0.048073
0.057479
0.058649
0.062791
0.055366
0.046985
0.045958
0.059473
0.048349
0.061379
0.063556
0.056368
0.071756
0.062408
0.063593
0.061616
0.067147
0.052012
0.050077
0.055518
0.056889
0.067819
0.047514
0.065690
0.051927
0.057944
0.056534
0.066157
0.053015
0.056104
0.063727
0.064529
0.052958
0.049578
0.061422
0.071409
0.055817
0.053934
0.064102
0.069326
0.058803
0.055083
0.057763
0.057597
0.053836
0.050655
0.061791
0.047856
0.066128
0.064762
0.061740
0.055126
0.067526
0.056967
0.059748
0.068381
0.062124
0.065762
0.068654
0.063104
0.056337
0.049484
0.053218
0.054849
0.054097
0.055109
0.057707
0.054230
0.073394
0.060100
0.055521
0.056866
0.068993
0.059062
0.052086
0.061145
0.064842
0.068994
0.066705
0.065737
0.058899
0.051786
0.064865
0.054592
0.061544
0.052289
0.046238
0.056219
0.058157
0.053489
0.048646
0.063684
0.058176
0.061228
0.065300
0.065069
0.060549
0.060166
0.063564
0.058944
0.062851
0.063687
0.075198
0.054520
0.056336
0.053273
0.054435
0.054527
0.063598
0.063360
0.064733
0.061463
0.065284
0.062850
0.053966
0.060338
0.057153
0.061253
0.054665
0.059507
0.052517
0.050813
0.057813
0.062718
0.066545
0.053151
0.057609
0.047015
0.058167
0.062439
0.063984
0.051958
0.053831
0.055239
0.057121
0.066505
0.052226
0.061761
0.062631
0.057654
0.063012
0.057087
0.066419
0.063218
0.065383
0.060457
0.064082
0.058116
0.055516
0.058446
0.055328
0.068186
0.061296
0.063366
0.069408
0.053748
0.064002
0.063915
0.054789
0.063075
0.062842
0.066626
0.081582
0.062313
0.058717
0.059820
0.055084
0.068468
0.059758
0.055785
0.053942
0.055407
0.054074
0.061522
0.048874
0.057318
0.057861
0.054343
0.065981
0.055520
0.057758
0.074157
0.054682
0.063420
0.066666
0.064365
0.070956
0.072163
0.051201
0.065811
0.058904
0.068494
0.061947
0.046670
0.061118
0.067534
0.053714
0.071834
0.061607
0.062822
0.065522
0.063421
0.049879
0.063381
0.053420
0.066946
0.074391
0.069604
0.061866
0.058422
0.053821
0.062820
0.063350
0.052778
0.068375
0.054586
0.071023
0.056262
0.055732
0.067664
0.061798
0.060722
0.066478
0.056943
0.060314
0.067840
0.057894
0.069811
0.058415
0.052360
0.062370
0.067521
0.061214
0.069000
0.060411
0.050701
0.058675
0.064099
0.061650
0.065467
0.055490
0.060083
0.056189
0.054427
0.071801
0.061820
0.052495
0.064086
0.065834
0.048843
0.065062
0.050170
0.056595
0.069073
0.054621
0.070540
0.068854
0.054235
0.070278
0.063565
0.063065
0.068184
0.065775
0.070302
0.066416
0.062810
0.058461
0.062891
0.053913
0.059702
0.063576
0.058365
0.073433
0.063402
0.049842
0.054657
0.059014
0.060121
0.058371
0.066650
0.062511
0.068120
0.065570
0.063263
0.060428
0.061186
0.052768
0.053697
0.057591
0.067462
0.056141
0.064240
0.060305
0.066779
0.059138
0.068284
0.060975
0.057606
0.066315
0.066668
0.068403
0.060066
0.061586
0.052614
0.051224
0.058642
0.070654
0.055881
0.074467
0.056043
0.052350
0.065225
0.058010
0.069942
0.070592
0.055751
0.057726
0.052259
0.063472
0.068535
0.069786
0.063807
0.054563
0.048633
0.062765
0.064818
0.059362
0.056854
0.062593
0.051668
0.052848
0.063219
0.068158
0.059260
0.057868
0.079226
0.058314
0.061729
0.067543
0.063081
0.056071
0.050401
0.056294
0.053822
0.063502
0.049952
0.050566
0.053524
0.054925
0.079057
0.067188
0.062460
0.054616
0.055403
0.065974
0.077719
0.050371
0.065627
0.069697
0.086465
0.067611
0.067656
0.057299
0.066545
0.059339
0.068522
0.063729
0.060631
0.062718
0.068088
0.053240
0.058646
0.053197
0.052494
0.057128
0.063111
0.065430
0.067963
0.058204
0.061682
0.064245
0.068349
0.057433
0.069944
0.065270
0.060353
0.050857
0.060719
0.060442
0.063231
0.062660
0.067770
0.073203
0.059711
0.068692
0.070783
0.064953
0.066651
0.057009
0.051415
0.063540
0.057241
0.080711
0.062384
0.053600
0.065913
0.059126
0.054265
0.061230
0.056126
0.065397
0.066322
0.053569
0.056669
0.055235
0.071896
0.058173
0.054947
0.061127
0.048464
0.062220
0.059972
0.063282
0.057558
0.063134
0.051243
0.069622
0.056235
0.063465
0.058278
0.055606
0.064552
0.057142
0.056042
0.078015
0.056574
0.049456
0.059990
0.057978
0.048935
0.063029
0.050827
0.058642
0.063583
0.069727
0.060044
0.048269
0.063632
0.066095
0.053425
0.057411
0.060688
0.061363
0.058118
0.066230
0.054033
0.078610
0.050170
0.055186
0.067557
0.065493
0.106013
0.054653
0.057254
0.064533
0.063577
0.061389
0.067393
0.063762
0.057975
0.069936
0.063097
0.069259
0.064848
0.075946
0.069391
0.055687
0.076175
0.071309
0.061579
0.065599
0.062329
0.051687
0.053238
0.058202
0.063738
0.054548
0.062893
0.070435
0.062106
0.057119
0.063954
0.068623
0.046858
0.063034
0.066981
0.064655
0.050517
0.067998
0.059535
0.057383
0.051565
0.071332
0.052564
0.058027
0.061417
0.080509
0.052832
0.066790
0.055912
0.073730
0.072507
0.062870
0.070759
0.053726
0.063437
0.062371
0.077123
0.062647
0.067635
0.058291
0.052021
0.065984
0.069484
0.062647
0.058207
0.059857
0.058240
0.048975
0.070180
0.069052
0.080025
0.060973
0.066125
0.064213
0.060640
0.074232
0.061723
0.057812
0.059562
0.066394
0.053494
0.055248
0.057854
0.065394
0.056091
0.060521
0.057282
0.084936
0.061327
0.068374
0.062300
0.068304
