4.551509
0.100033
0.132137
0.098211
0.107957
0.089495
0.089244
0.089469
0.082234
0.187797
0.090421
0.089705
0.088193
0.085689
0.094848
0.094181
0.083959
0.116079
0.094208
0.089832
0.088292
0.086456
0.112883
0.108901
0.116019
0.101690
0.105264
0.096008
0.090834
0.090443
0.088386
0.182486
0.161185
0.092578
0.086965
0.095250
0.092849
0.089468
0.100344
0.088829
0.082939
0.090488
0.104780
0.097748
0.088577
0.090894
0.092294
0.076443
0.083703
0.101031
0.089931
0.090507
0.210900
0.087225
0.085672
0.096906
0.061025
0.089727
0.091625
0.074117
0.086117
0.089832
0.090775
0.111309
0.104317
0.091416
0.080324
0.088328
0.087931
0.094264
0.087716
0.115073
0.110701
0.093738
0.088616
0.097586
0.099401
0.091627
0.088805
0.082560
0.083899
0.063707
0.102552
0.097352
0.086379
0.089327
0.097821
0.090022
0.091522
0.097445
0.098873
0.088017
0.163752
0.069654
0.082166
0.106179
0.088544
0.086281
0.096009
0.093535
0.092726
0.096579
0.070913
0.088557
0.091657
0.092337
0.088475
0.089557
0.071495
0.096361
0.094656
0.089785
0.087642
0.088721
0.092963
0.090137
0.092109
0.094466
0.087672
0.088748
0.089300
0.089658
0.180359
0.090448
0.089365
0.093741
0.093268
0.109115
0.082115
0.096325
0.091503
0.116845
0.128413
0.095131
0.093931
0.104750
0.087241
0.088168
0.088629
0.091299
0.089192
0.118954
0.147577
0.089172
0.093422
0.091065
0.089744
0.124660
0.099619
0.089606
0.086159
0.086401
0.187505
0.087741
0.099281
0.099191
0.089630
0.095945
0.087052
0.089961
0.083184
0.091510
0.215690
0.089806
0.089411
0.094144
0.102379
0.088544
0.092898
0.103803
0.087570
0.095247
0.155405
0.122332
0.094533
0.084030
0.093594
0.091916
0.086714
0.120451
0.089858
0.094339
0.104049
0.096264
0.086063
0.088270
0.088600
0.098578
0.089499
0.097134
0.088008
0.096476
0.092851
0.082142
0.091453
0.086915
0.089465
0.087754
0.088494
0.092140
0.098271
0.086584
0.087923
0.087820
0.098322
0.096954
0.091092
0.089220
0.087661
0.090203
0.094827
0.087763
0.093067
0.102295
0.093243
0.089202
0.088781
0.090125
0.109708
0.089657
0.083308
0.086448
0.091471
0.088898
0.087790
0.092031
0.103855
0.080079
0.100651
0.094768
0.089313
0.095178
0.089428
0.076069
0.090372
0.089517
0.085983
0.100373
0.087990
0.104276
0.093276
0.088721
0.092711
0.080556
0.104209
0.103998
0.088924
0.088645
0.080377
0.096863
0.094449
0.094643
0.088275
0.100450
0.094808
0.087401
0.096350
0.089056
0.107361
0.101388
0.087539
0.090187
0.107836
0.109774
0.110537
0.087914
0.058754
0.091956
0.096050
0.094399
0.091013
0.092154
0.072168
0.088491
0.091686
0.111784
0.087998
0.086102
0.088201
0.087009
0.093268
0.097513
0.088579
0.087288
0.097626
0.111730
0.095665
0.100987
0.084692
0.088585
0.090769
0.087634
0.062256
0.085928
0.098918
0.090678
0.087841
0.091696
0.098131
0.200559
0.085985
0.088910
0.102479
0.105049
0.105132
0.093325
0.171202
0.099904
0.096473
0.089535
0.089075
0.128283
0.089429
0.088235
0.086277
0.093073
0.090480
0.079289
0.090354
0.086417
0.074803
0.081149
0.069473
0.087554
0.092349
0.107669
0.093106
0.214681
0.090979
0.087033
0.057531
0.089808
0.095294
0.073218
0.087606
0.107243
0.094595
0.098033
0.081953
0.084986
0.096798
0.084894
0.088093
0.098574
0.084289
0.087118
0.084285
0.096513
0.089403
0.098425
0.094831
0.088146
0.088702
0.100028
0.086174
0.088775
0.115544
0.091960
0.071600
0.093712
0.089115
0.116346
0.085963
0.092512
0.074127
0.114038
0.090239
0.089782
0.092547
0.090859
0.100734
0.079261
0.081101
0.085300
0.088618
0.109363
0.168792
0.088924
0.092288
0.088585
0.093428
0.096501
0.087457
0.089071
0.090556
0.080445
0.086670
0.094122
0.087872
0.087075
0.088937
0.085363
0.088683
0.086155
0.093284
0.101242
0.103020
0.094412
0.100839
0.093432
0.100087
0.086464
0.086360
0.088661
0.087038
0.090671
0.096268
0.108854
0.108066
0.092720
0.095582
0.124728
0.098313
0.085709
0.103132
0.115132
0.095557
0.102163
0.093115
0.094619
0.090217
0.092154
0.097247
0.104462
0.089959
0.092017
0.088600
0.097795
0.088280
0.093508
0.109416
0.090924
0.087541
0.106479
0.092579
0.088134
0.091391
0.094853
0.095747
0.090853
0.080990
0.091554
0.092250
0.086243
0.096423
0.087837
0.091271
0.090992
0.100112
0.101841
0.073701
0.103546
0.094031
0.097842
0.092704
0.096155
0.099438
0.093805
0.126543
0.114181
0.085918
0.089161
0.091802
0.100826
0.089984
0.101092
0.093067
0.092754
0.093293
0.119674
0.097474
0.096714
0.255721
0.099236
0.099473
0.115212
0.089090
0.087745
0.091422
0.089230
0.090944
0.099869
0.088863
0.085237
0.113559
0.088528
0.092727
0.112698
0.089691
0.085120
0.092024
0.112519
0.089271
0.097004
0.092543
0.092079
0.091990
0.100044
0.094472
0.086235
0.091652
0.084084
0.076756
0.100804
0.085416
0.094713
0.092345
0.094922
0.097512
0.084591
0.097368
0.085484
0.080114
0.100771
0.087847
0.092211
0.085461
0.088468
0.087793
0.097935
0.096875
0.090010
0.111998
0.082589
0.091219
0.093787
0.093163
0.077527
0.086553
0.094388
0.108115
0.121465
0.090583
0.089655
0.089842
0.086255
0.096384
0.079755
0.090540
0.091196
0.082261
0.149154
0.142809
0.090750
0.087115
0.112157
0.088952
0.096862
0.097833
0.126005
0.071935
0.132165
0.111593
0.098423
0.093853
0.109884
0.106369
0.093083
0.071545
0.096803
0.098852
0.097955
0.099431
0.097756
0.082158
0.095177
0.106953
0.102925
0.102660
0.102285
0.101043
0.102989
0.186539
0.100073
0.093285
0.092438
0.207779
0.089641
0.097503
0.087521
0.093365
0.098903
0.082738
0.093523
0.100288
0.105031
0.078779
0.091363
0.090504
0.091983
0.097960
0.120740
0.090160
0.115207
0.086615
0.087984
0.092558
0.105122
0.112406
0.093145
0.088069
0.074785
0.088376
0.087563
0.099236
0.089060
0.085641
0.104657
0.087107
0.096006
0.101113
0.097951
0.100243
0.088056
0.100733
0.093858
0.097337
0.094204
0.089773
0.142182
0.077189
0.093772
0.092724
0.188730
0.095685
0.101072
0.080324
0.097760
0.092410
0.084705
0.106135
0.114252
0.089425
0.094250
0.112724
0.093604
0.098734
0.105228
0.092125
0.100741
0.099867
0.098108
0.103474
0.088827
0.083876
0.087685
0.094782
0.095763
0.099317
0.100420
0.086048
0.096061
0.549368
0.101650
0.093265
0.130509
0.091284
0.099699
0.118111
0.105385
0.121789
0.095861
0.137650
0.098822
0.099047
0.103108
0.097928
0.132634
0.104747
0.158553
0.100304
0.099516
0.094452
0.096149
0.146121
0.100360
0.138607
0.095696
0.237058
0.074519
0.086153
0.080124
0.117646
0.092362
0.104556
0.075861
0.086406
0.088447
0.092208
0.092976
0.094370
0.207315
0.093126
0.089525
0.090143
0.087975
0.090485
0.103458
0.087837
0.101851
0.108388
0.101004
0.088975
0.098609
0.099068
0.089078
0.092670
0.086697
0.089399
0.096330
0.102997
0.100621
0.101982
0.088375
0.088269
0.105747
0.095588
0.091226
0.096875
0.097405
0.072360
0.083234
3.102059
7.997375
6.333001
12.471851
10.197366
6.130130
12.126854
6.185113
5.498674
4.399997
4.461108
2.862673
7.440636
6.612885
3.205276
3.050370
