0.087447
0.147937
0.090833
0.092447
0.091979
0.109872
0.094487
0.076721
0.088531
0.100168
0.075658
0.080848
0.089267
0.089659
0.086347
0.088938
0.089759
0.077516
0.088516
0.085750
0.089191
0.073979
0.090849
0.131584
0.097733
0.085907
0.088693
0.088110
0.089017
0.088912
0.088442
0.094616
0.068110
0.082947
0.558279
4.087345
0.158490
0.073300
0.062534
0.075603
0.094878
0.089108
0.090660
0.095031
0.090645
0.088858
0.087521
0.089111
0.081759
0.103397
0.097811
0.086693
0.091482
0.085987
0.075514
0.073337
0.094374
0.089974
0.096809
0.091339
0.091486
0.089496
0.073885
0.085747
0.085919
0.071708
0.085703
0.101554
0.102718
0.088543
0.088128
0.086447
0.082094
0.090049
0.088709
0.090834
0.075551
0.089004
0.085687
0.070269
0.084707
0.110516
0.104065
0.093120
0.088191
0.093302
0.087982
0.087894
0.080005
0.097744
0.085887
0.092944
0.087345
0.089023
0.094181
0.099516
0.077328
0.086673
0.086213
0.102972
0.097227
0.099316
0.192557
0.102956
0.081123
0.231446
0.094830
0.093234
0.096808
0.093511
0.088919
0.095575
0.065254
0.094242
0.089080
0.199002
0.093153
0.089588
0.085578
0.093065
0.082337
0.091024
0.090549
0.086237
0.088690
0.086900
0.100094
0.089009
0.092255
0.102317
0.087715
0.076658
0.060955
0.097845
0.092917
0.086373
0.082019
0.091805
0.087673
0.087023
0.094638
0.187120
0.092989
0.105239
0.081202
0.090604
0.091224
0.087083
0.119759
0.108504
0.087887
0.087920
0.078499
0.089215
0.117545
0.101212
0.087556
0.117225
0.077227
0.095260
0.083082
0.096730
0.089341
0.089381
0.096426
0.096442
0.094676
0.091130
0.094132
0.085983
0.097060
0.100245
0.084605
0.072239
0.087346
0.089085
0.080678
0.071733
0.095434
0.092735
0.086700
0.094909
0.080117
0.087897
0.082422
0.085742
0.090596
0.087247
0.081603
0.095673
0.085476
0.122762
0.086890
0.090523
0.187276
0.099969
0.091749
0.063606
0.080339
0.174186
0.092203
0.086558
0.089775
0.097363
0.089905
0.099871
0.087101
0.093718
0.089617
0.104462
0.089210
0.143939
0.084349
0.099155
0.096169
0.092661
0.086091
0.090256
0.084179
0.092508
0.088321
0.091363
0.115600
0.095936
0.099138
0.091930
0.093791
0.087961
0.087617
0.089099
0.088737
0.092137
0.086427
0.097884
0.111890
0.093136
0.076615
0.083110
0.081714
0.154300
0.090959
0.085601
0.096496
0.193704
0.051418
0.087078
0.089102
0.077901
0.127389
0.065413
0.096012
0.092094
0.104828
0.093551
0.094230
0.093920
0.111931
0.099986
0.105778
0.090317
0.087405
0.095709
0.088211
0.101025
0.090143
0.094280
0.101964
0.097701
0.091692
0.092997
0.080515
0.089765
0.100678
0.086670
0.144038
0.089122
0.086218
0.099204
0.087895
0.089466
0.092521
0.083477
0.091288
0.218491
0.094773
0.087777
0.099094
0.089391
0.092781
0.087778
0.087427
0.088187
0.098381
0.075600
0.078847
0.096342
0.071046
0.071454
0.063612
0.071624
0.190518
0.083902
0.114014
0.170250
0.091648
0.080333
0.102706
0.109253
0.063384
0.087470
0.088394
0.088826
0.088766
0.065303
0.085865
0.080924
0.063126
0.091964
0.088334
0.089776
0.078080
0.086903
0.099883
0.101500
0.089844
0.103901
0.092846
0.092178
0.089306
0.092351
0.089680
0.088398
0.088148
0.097191
0.090690
0.090942
0.093378
0.087876
0.089094
0.099997
0.094170
0.121841
0.102072
0.087599
0.088109
0.099838
0.089169
0.078706
0.093066
0.089212
0.090913
0.090952
0.089390
0.092620
0.089410
0.079381
0.100860
0.096271
0.093184
0.089529
0.094737
0.094503
0.104550
0.077713
0.091145
0.086175
0.088739
0.084800
0.099722
0.093198
0.105130
0.095804
0.079175
0.086565
0.089055
0.097980
0.087804
0.094721
0.088977
0.094638
0.091968
0.087018
0.094456
0.116497
0.089454
0.088560
0.095056
0.087377
0.107473
0.098990
0.098153
0.104773
0.112029
0.083868
0.089609
0.081449
0.087860
0.091711
0.089129
0.095792
0.087273
0.097044
0.097250
0.092362
0.092460
0.100758
0.089252
0.092449
0.089032
0.090095
0.087974
0.104210
0.086727
0.087680
0.104406
0.091786
0.089621
0.072654
0.093357
0.098411
0.087013
0.112079
0.181875
0.070969
0.089575
0.089523
0.086481
0.095077
0.093896
0.121849
0.086819
0.108116
0.093084
0.106883
0.093419
0.096621
0.086240
0.112094
0.088136
0.093199
0.087923
0.089294
0.075547
0.091259
0.112015
0.089258
0.126310
0.089226
0.086998
0.095486
0.098850
0.092325
0.106735
0.101278
0.094269
0.088773
0.116107
0.090310
0.120394
0.107230
0.093424
0.083399
0.095629
0.086517
0.107393
0.109156
0.087690
0.336515
0.101761
0.086169
0.108444
0.100496
0.091257
0.097894
0.094073
0.094032
0.095304
0.094008
0.133495
0.080087
0.088392
0.096695
0.111286
0.086306
0.089957
0.101317
0.100903
0.087335
0.083523
0.088194
0.090534
0.092931
0.093236
0.085331
0.087089
0.088243
0.092212
0.095640
0.100856
0.088935
0.095718
0.135588
0.106079
0.131550
0.079581
0.075644
0.089096
0.089768
0.092259
0.088482
0.086389
0.104561
0.099132
0.114155
0.092066
0.092671
0.094048
0.086014
0.060302
0.099934
0.064306
0.122451
0.092961
0.111836
0.130318
0.091149
0.095773
0.122855
0.101492
0.101133
0.088934
0.188328
0.169622
0.119525
0.101980
0.078600
0.064282
0.097773
0.136712
0.099451
0.079963
0.089934
0.108072
0.132950
0.118313
0.088141
0.087668
0.108436
0.097512
0.098212
0.286263
0.130293
0.095704
0.094081
0.113778
0.086128
0.106764
0.091337
0.099761
0.085726
0.087985
0.089367
0.087888
0.086360
0.095297
0.094929
0.087727
0.105753
0.087989
0.089699
0.087538
0.099682
0.103986
0.089036
0.091512
0.095327
0.104124
0.095744
0.088942
0.104589
0.089202
0.081504
0.097125
0.085745
0.085413
0.072921
0.111535
0.103680
0.087435
0.100070
0.086746
0.097282
0.083947
0.088717
0.083712
0.094594
0.092194
0.257813
0.098277
0.107665
0.076063
0.099265
0.074969
0.085131
0.081558
0.112926
0.103786
0.086776
0.215345
0.086191
0.087669
0.085738
0.098454
0.091717
0.089979
0.080347
0.090842
0.964690
0.089662
0.090929
0.252933
0.099345
0.085916
0.103266
0.101934
0.089468
0.096101
0.092116
0.097111
0.112700
0.088931
0.090952
0.091923
0.093639
0.087378
0.109929
0.103356
0.104204
0.066115
0.094142
0.326702
0.098709
0.108974
0.099806
0.142620
0.083855
0.113757
0.093826
0.102684
0.090798
0.108093
0.095090
0.140546
0.085723
0.086301
0.107075
0.097182
0.087969
0.097754
0.110818
0.096662
0.188660
0.086529
0.109667
0.094648
0.088823
0.092193
0.088627
0.107619
0.161885
0.103023
0.107383
0.406384
0.142524
0.102519
0.096414
0.103674
0.096513
0.108463
0.109811
0.096514
0.088735
0.092883
0.073042
0.092010
0.087545
0.085490
0.090364
0.093497
0.089798
0.105015
0.089006
0.077498
0.091148
0.089617
0.092477
0.097565
0.095204
0.087416
11.398857
3.875455
12.358230
