0.000563
0.000879
0.001340
0.000685
0.001016
0.000500
0.000796
0.000845
0.000557
0.000595
0.000545
0.000732
0.000757
0.000862
0.000486
0.000888
0.000539
0.000904
0.003091
0.000468
0.000615
0.000780
0.000500
0.000515
0.001013
0.000549
0.000501
0.000678
0.000619
0.000497
0.000785
0.000874
0.001949
0.000643
0.000829
0.000702
0.001172
0.000723
0.000696
0.000543
0.000568
0.000651
0.000888
0.000494
0.000590
0.000603
0.000530
0.000894
0.000795
0.000567
0.000694
0.000562
0.000700
0.001129
0.000601
0.000496
0.000621
0.000579
0.000923
0.000560
0.000798
0.000722
0.000650
0.000560
0.000869
0.000733
0.000716
0.000471
0.000757
0.000842
0.000988
0.000594
0.000641
0.000507
0.001123
0.000645
0.000643
0.000782
0.000980
0.000808
0.000905
0.000619
0.000506
0.000599
0.000818
0.000570
0.001060
0.000582
0.000463
0.000568
0.000736
0.000573
0.001067
0.000634
0.000495
0.001068
0.000707
0.000984
0.000545
0.000939
0.000471
0.001172
0.000790
0.000482
0.000816
0.000575
0.000514
0.000472
0.000755
0.000541
0.000507
0.000692
0.000844
0.000556
0.000862
0.000737
0.001239
0.000762
0.000605
0.000549
0.000469
0.000551
0.000637
0.000540
0.000625
0.000764
0.001006
0.000693
0.000725
0.000446
0.000703
0.000737
0.000941
0.000453
0.000891
0.000761
0.001834
0.000685
0.000746
0.000576
0.000728
0.000696
0.000790
0.000498
0.000810
0.000686
0.000603
0.000580
0.000747
0.000737
0.001473
0.001052
0.000941
0.000671
0.000682
0.000932
0.000490
0.000676
0.000584
0.000581
0.000897
0.000450
0.000509
0.000809
0.000697
0.000777
0.000715
0.000649
0.000682
0.000657
0.000643
0.000467
0.000594
0.000657
0.000560
0.000549
0.000666
0.001178
0.000601
0.000578
0.000618
0.000454
0.000701
0.000898
0.000833
0.000468
0.001126
0.000754
0.000823
0.000587
0.000564
0.000856
0.000798
0.000504
0.000829
0.000561
0.000735
0.000800
0.001201
0.000906
0.000788
0.000891
0.001131
0.000895
0.000531
0.000736
0.000970
0.000726
0.000867
0.000479
0.000758
0.000622
0.000843
0.000754
0.001190
0.000468
0.000514
0.000613
0.000589
0.000542
0.000575
0.000633
0.000466
0.000534
0.001314
0.000840
0.000493
0.000738
0.000656
0.000806
0.000839
0.000586
0.002468
0.000529
0.000508
0.000904
0.000827
0.003104
0.000424
0.000602
0.000466
0.006928
0.000404
0.001836
0.000509
0.000850
0.001043
0.002868
0.001685
0.001505
0.000776
0.000552
0.000517
0.000520
0.000643
0.000535
0.001291
0.000467
0.000467
0.000681
0.000476
0.001517
0.000420
0.000472
0.000481
0.000483
0.000485
0.000436
0.000479
0.000544
0.000471
0.000595
0.000534
0.000970
0.000563
0.000497
0.000440
0.000513
0.000485
0.000420
0.000497
0.000408
0.000422
0.000482
0.000451
0.000503
0.000414
0.000431
0.000546
0.000462
0.000481
0.000472
0.001777
0.000578
0.000566
0.000658
0.000462
0.000743
0.000510
0.000569
0.000552
0.000428
0.000403
0.000477
0.000497
0.000586
0.000462
0.000494
0.000478
0.000443
0.001853
0.001474
0.000506
0.000838
0.000528
0.000563
0.000457
0.000493
0.000539
0.000445
0.000465
0.000497
0.000408
0.000610
0.000437
0.000490
0.000483
0.000560
0.000775
0.000552
0.000498
0.000976
0.000443
0.000489
0.000641
0.000591
0.000560
0.000677
0.000581
0.000441
0.000431
0.000490
0.000467
0.000452
0.000499
0.000438
0.000483
0.000480
0.001485
0.000502
0.000616
0.000539
0.000725
0.000537
0.000470
0.000476
0.000609
0.000472
0.000435
0.000512
0.000502
0.000550
0.000470
0.000617
0.000558
0.001333
0.000659
0.000540
0.000540
0.000487
0.000592
0.000512
0.000529
0.000496
0.001142
0.000470
0.000628
0.001844
0.000502
0.001335
0.000414
0.000552
0.000502
0.000475
0.001757
0.001112
0.000471
0.000509
0.000542
0.000546
0.000537
0.001355
0.000486
0.000479
0.000498
0.000468
0.000400
0.000562
0.000509
0.000606
0.000472
0.000490
0.000460
0.000428
0.000498
0.000570
0.000484
0.000560
0.000519
0.000455
0.000487
0.000488
0.000442
0.000485
0.000383
0.000418
0.000460
0.000539
0.000420
0.000561
0.000519
0.000481
0.000461
0.001561
0.000437
0.000534
0.000485
0.000548
0.001297
0.000591
0.000677
0.000594
0.000482
0.000481
0.000604
0.000910
0.000483
0.000482
0.000659
0.000494
0.000614
0.001131
0.001209
0.000510
0.000525
0.000485
0.000473
0.000462
0.001940
0.000668
0.000461
0.000588
0.000502
0.000632
0.000595
0.000388
0.002106
0.000967
0.000453
0.000461
0.000401
0.001622
0.002380
0.000711
0.000576
0.000463
0.000490
0.000521
0.000507
0.000541
0.000512
0.000500
0.000475
0.000451
0.000596
0.000471
0.000441
0.001145
0.000449
0.000402
0.000452
0.000458
0.000484
0.000485
0.000469
0.000590
0.000512
0.000396
0.001522
0.000466
0.000484
0.002653
0.000546
0.001019
0.000521
0.000526
0.000553
0.000492
0.000474
0.000507
0.000477
0.000509
0.001110
0.001741
0.000551
0.001163
0.001397
0.001233
0.000529
0.000456
0.000649
0.000670
0.001244
0.000570
0.000757
0.000596
0.000537
0.000457
0.000452
0.000555
0.000531
0.003976
0.000519
0.000645
0.000545
0.001482
0.001185
0.000403
0.001056
0.001112
0.001287
0.007477
0.000611
0.000753
0.000993
0.000585
0.000698
0.000537
0.000630
0.000556
0.000421
0.000459
0.000534
0.001202
0.000475
0.000460
0.000524
0.000507
0.000501
0.000459
0.000503
0.000584
0.000498
0.000538
0.000394
0.000418
0.000617
0.000456
0.000487
0.000453
0.000555
0.000488
0.000473
0.000655
0.001540
0.000557
0.000506
0.000507
0.000405
0.000600
0.000620
0.000517
0.000751
0.000537
0.000766
0.000507
0.001528
0.000495
0.000532
0.000598
0.000456
0.000556
0.000475
0.000569
0.000463
0.000541
0.000680
0.000452
0.000496
0.000662
0.001180
0.001513
0.005882
0.002658
0.000888
0.014737
0.000639
0.000606
0.000534
0.000590
0.000630
0.001333
0.000480
0.000501
0.000550
0.000889
0.000509
0.000578
0.000580
0.000524
0.000526
0.000553
0.000558
0.000501
0.000521
0.000550
0.000491
0.000624
0.000504
0.000677
0.000453
0.002407
0.000833
0.000686
0.000760
0.000529
0.000576
0.000511
0.000475
0.000770
0.000966
0.000578
0.000854
0.000396
0.000503
0.000632
0.000422
0.000438
0.000480
0.000470
0.000511
0.000531
0.001206
0.000449
0.000590
0.000420
0.000561
0.000460
0.000482
0.000499
0.000513
0.000504
0.000470
0.000494
0.000506
0.000402
0.000482
0.001644
0.000453
0.000530
0.001128
0.002634
0.000472
0.000451
0.000557
0.000461
0.000472
0.000479
0.000647
0.000742
0.001799
0.009721
0.000497
0.000564
0.000763
0.001202
0.000703
0.000467
0.000480
0.000408
0.001547
0.004677
0.001499
0.000694
0.000545
0.000545
0.000646
0.000485
0.000473
0.000801
0.000699
0.000457
0.000774
0.000750
0.000561
0.000703
0.000454
0.000447
0.000509
0.000559
0.002949
0.000481
0.000548
0.000559
0.000479
0.000510
0.000455
0.000589
0.002622
0.000477
0.000522
0.001683
0.000454
0.000566
0.000483
0.000604
0.001276
0.000701
0.000503
0.000543
0.000540
0.000804
0.000494
0.000507
0.000642
0.000506
0.000500
0.000543
0.000467
0.000528
0.000561
0.000554
0.001203
0.001149
0.000493
0.000559
0.000552
0.000553
0.000465
0.001700
0.001237
0.001236
0.000490
0.000410
0.000423
0.000419
0.000434
0.000430
0.001571
0.000592
0.001214
0.000559
0.000707
0.000545
0.000470
0.000464
0.001168
0.000473
0.000636
0.000623
0.000470
0.000601
0.001488
0.000588
0.002051
0.000564
0.001493
0.000693
0.000714
0.000924
0.001133
0.000487
0.000852
0.001307
0.001283
0.000562
0.000617
0.000485
0.000445
0.000473
0.000476
0.000574
0.001406
0.000507
0.000556
0.000534
0.000953
0.000420
0.000472
0.000522
0.000568
0.000496
0.000415
0.000423
0.000445
0.000480
0.000446
0.002789
0.000630
0.000847
0.001100
0.000509
0.000643
0.001556
0.000849
0.000815
0.000387
0.000485
0.000532
0.000461
0.000423
0.000466
0.000659
0.001428
0.000403
0.000467
0.002160
0.000628
0.001743
0.000504
0.000534
0.000511
0.000469
0.000481
0.000560
0.000574
0.000430
0.000460
0.000460
0.000620
0.000492
0.001049
0.000502
0.000468
0.000593
0.000469
0.000451
0.000447
0.000565
0.000411
0.000726
0.001032
0.000818
0.000766
0.000530
0.000622
0.000472
0.001459
0.000552
0.000444
0.001119
0.000451
0.000606
0.000554
0.000521
0.000373
0.000536
0.000560
0.000621
0.002679
0.000539
0.000461
0.000467
0.000397
0.000442
0.001034
0.000583
0.001133
0.000936
0.000652
0.000467
0.000666
0.001686
0.000467
0.000496
0.000483
0.000462
0.000402
0.000433
0.000465
0.000494
0.000484
0.000466
0.000479
0.000488
0.000520
0.000494
0.000472
0.000456
0.000419
0.000472
0.000512
0.000459
0.000457
0.000545
0.000457
0.000448
0.000415
0.000525
0.000458
0.000458
0.000488
0.001065
0.000513
0.000476
0.000488
0.000401
0.000486
0.000406
0.000398
0.000633
0.000520
0.000560
0.000415
0.003305
0.000448
0.000463
0.000487
0.000883
0.000568
0.000483
0.000558
0.000563
0.000536
0.000619
0.000618
0.002259
0.000605
0.000837
0.000507
0.000861
0.000531
0.001706
0.004127
0.000800
0.000524
0.000515
0.000628
0.000560
0.000613
0.000470
0.000497
0.000491
0.000423
0.000518
0.000495
0.000522
0.000421
0.000545
0.000597
0.000622
0.000488
0.000403
0.001181
0.001223
0.001239
0.000385
0.000669
0.001301
0.000926
0.000478
0.000486
0.000533
0.001574
0.000488
0.000392
0.000497
0.001120
0.000449
0.000444
0.000560
0.000476
0.000609
0.000517
0.000498
0.000776
0.000476
0.000407
0.000431
0.000554
0.001324
0.000507
0.000493
0.000533
0.000458
0.000429
0.000534
0.001427
0.000545
0.000978
0.001778
0.001116
0.001402
0.000523
0.000751
0.000503
0.000566
0.000737
0.002385
0.000686
0.000502
0.001018
0.000497
0.002308
0.000747
0.000606
0.000713
0.000711
0.000751
0.000394
0.000499
0.000807
0.000769
0.000479
0.001568
0.001099
0.000770
0.001464
0.001695
0.000761
0.001906
0.001317
0.001460
0.000506
0.000475
0.000549
0.003654
0.000846
0.000954
0.000951
0.000611
0.000529
0.000596
0.000565
0.000582
0.000450
0.000522
0.000461
0.000421
0.000470
0.000456
0.000427
0.000510
0.000524
0.001153
0.000679
0.000453
0.000445
0.001013
0.000566
0.000552
0.000462
0.000708
0.000593
0.000573
0.000612
0.000459
0.001033
0.000462
0.000858
0.000487
0.000442
0.000712
0.000484
0.000426
0.000837
0.001556
0.000615
0.001291
0.001311
0.000555
0.000710
0.000514
0.000469
0.000472
0.000471
0.000471
0.000492
0.000440
0.000653
0.000540
0.000580
0.000489
0.000541
0.002978
0.016120
0.004343
0.001528
0.000818
0.000881
0.000522
0.000545
0.000648
0.000524
0.000506
0.000395
0.001019
0.000445
0.000473
0.000602
0.001052
0.000455
0.000444
0.000518
0.000526
0.000459
0.000501
0.000465
0.000444
0.000577
0.001138
0.000429
0.000549
0.000516
0.001098
0.000502
0.000438
0.000447
0.000492
0.000453
0.000449
0.000445
0.000447
0.000449
0.000488
0.000637
0.001860
0.000453
0.000451
0.000568
0.000531
0.000520
0.000453
0.000763
0.001653
0.000655
0.000665
0.000478
0.000480
0.000521
0.000478
0.000461
0.000496
0.000466
0.000445
0.000431
0.000458
0.000415
0.001645
0.000487
0.000531
0.000678
0.000557
0.000669
0.000968
0.000562
0.000527
0.000562
0.000491
0.001163
0.000529
0.000485
0.000571
0.003488
0.001641
0.000746
0.000784
0.001256
0.000431
0.000491
0.000501
0.000427
0.001209
0.000550
0.000906
0.000524
0.000468
0.001618
0.000707
0.000489
0.000456
0.000650
0.000475
0.000435
0.000434
0.000451
0.001283
0.000500
0.000460
0.000470
0.001009
0.000439
0.000455
0.000470
0.000434
0.000639
0.000619
0.000566
0.000879
0.000507
0.000487
0.000960
0.000444
0.000514
0.000492
0.000495
0.000951
0.000443
0.000493
0.000440
0.000449
0.001147
0.000481
0.001244
0.000572
0.000644
0.000585
0.001070
0.000453
0.001466
0.000509
0.000600
0.000555
0.000552
0.000559
0.000554
0.000440
0.000593
0.000544
0.000469
0.000482
0.000589
0.000597
0.001097
0.001629
0.000518
0.000482
0.000496
0.000559
0.000479
0.000578
0.000435
0.000718
0.000443
0.000453
0.000452
0.000481
0.000501
0.000506
0.000531
0.000528
0.000482
0.000478
0.000454
0.000465
0.001413
0.000445
0.000461
0.000550
0.000496
0.000452
0.000555
0.000456
0.000456
0.000888
0.000830
0.000621
0.002080
0.001706
0.002114
0.004384
0.001824
0.000533
0.000588
0.000489
0.000462
0.000549
0.000969
0.000489
0.001496
0.005842
0.000626
0.000546
0.000485
0.000743
0.000815
0.000500
0.000480
0.000517
0.000551
0.000544
0.000452
0.000430
0.000458
0.000599
0.000766
0.000989
0.000527
0.000511
0.000570
0.000521
0.000522
0.001220
0.000484
0.000513
0.000471
0.000456
0.000410
0.000408
0.000439
0.000481
0.000530
0.000492
0.000740
0.000456
0.000561
0.000687
0.000474
0.000507
0.000502
0.000511
0.000453
0.000402
0.000547
0.000487
0.000507
0.000413
0.000417
0.001028
0.000457
0.000450
0.000525
0.000436
0.000437
0.000423
0.000455
0.000408
0.000455
0.000587
0.001280
0.000428
0.000450
0.000558
0.000527
0.001119
0.000619
0.002444
0.000732
0.000512
0.000539
0.000531
0.000445
0.000522
0.000433
0.000492
0.000453
0.000559
0.000705
0.001280
0.001045
0.000654
0.000435
0.000498
0.000850
0.001965
0.000412
0.000646
0.000490
0.002260
0.000404
0.000488
0.000464
0.000471
0.000476
0.000822
0.000454
0.000498
0.000495
0.000877
0.000499
0.000448
0.000504
0.001046
0.000410
0.000574
0.000407
0.000482
0.000550
0.000493
0.000477
0.000862
0.004305
0.000502
0.001037
0.000541
0.000466
0.000537
0.000583
0.000510
0.000442
0.001077
0.000501
0.000891
0.000455
0.000543
0.000542
0.000417
0.000466
0.000564
0.000621
0.000789
0.001571
0.000691
0.000626
0.004815
0.000513
0.000445
0.000480
0.000502
0.001153
0.000454
0.000460
0.000444
0.001219
0.000467
0.000490
0.000397
0.000436
0.000445
0.000465
0.000514
0.000484
0.000443
0.000485
0.000544
0.000694
0.001138
0.000701
0.004147
0.001023
0.000499
0.000446
0.000593
0.000523
0.001017
0.000471
0.000546
0.000463
0.000490
0.000451
0.000452
0.000475
0.001504
0.000582
0.000600
0.000613
0.000578
0.000453
0.000520
0.000625
0.000510
0.000505
0.000456
0.001047
0.000406
0.000480
0.000423
0.000470
0.000668
0.000653
0.000564
0.000787
0.000469
0.000459
0.001372
0.000480
0.000464
0.000486
0.000532
0.000559
0.002003
0.000756
0.003588
0.000693
0.001018
0.000471
0.000519
0.000505
0.000525
0.001156
0.001490
0.000961
0.001788
0.001110
0.000504
0.000540
0.000846
0.001347
0.000505
0.001133
0.000591
0.000440
0.000420
0.000927
0.000486
0.000455
0.000528
0.000434
0.001816
0.000472
0.000409
0.000401
0.000429
0.001084
0.000597
0.000637
0.000506
0.000687
0.001427
0.000565
0.000580
0.000496
0.000381
0.000490
0.000807
0.002286
0.000475
0.000454
0.000497
0.000552
0.000525
0.000482
0.001398
0.000571
0.003906
0.000583
0.001019
0.001011
0.000461
0.000503
0.000579
0.000512
0.000796
0.001158
0.000593
0.000478
0.000941
0.000558
0.001810
0.000611
0.000596
0.000776
0.000566
0.000546
0.000522
0.000579
0.000537
0.000481
0.000439
0.000587
0.000473
0.001096
0.000504
0.000403
0.000442
0.000429
0.001259
0.000478
0.000490
0.000517
0.000493
0.000487
0.000502
0.000431
0.000601
0.000537
0.000473
0.001118
0.000503
0.000827
0.000517
0.000745
0.000448
0.000457
0.000543
0.000454
0.000526
0.001085
0.000508
0.000686
0.003923
0.000522
0.000772
0.000545
0.000613
0.000507
0.000582
0.000582
0.000441
0.000522
0.000477
0.000478
0.001482
0.000497
0.000481
0.000612
0.000625
0.000571
0.001315
0.002847
0.001466
0.002623
0.002542
0.000612
0.000580
0.000578
0.001762
0.000389
0.000497
0.001629
0.000487
0.000836
0.000494
0.001118
0.000487
0.000407
0.001260
0.000798
0.000725
0.000544
0.000613
0.000396
0.000503
0.000495
0.000545
0.000440
0.000642
0.000439
0.000993
0.000559
0.000470
0.000428
0.000444
0.000429
0.000914
0.001328
0.002083
0.001029
0.000481
0.000596
0.001066
0.000657
0.000715
0.000608
0.001567
0.000883
0.000536
0.000705
0.000912
0.000581
0.001722
0.000547
0.000588
0.000475
0.000455
0.000462
0.000707
0.000437
0.000501
0.000494
0.000515
0.000535
0.000524
0.000492
0.000478
0.000560
0.000459
0.000498
0.000512
0.000601
0.002213
0.000759
0.004165
0.000539
0.000622
0.000621
0.000569
0.000513
0.000600
0.000591
0.000826
0.000481
0.000441
0.000568
0.000515
0.000488
0.001179
0.000523
0.000723
0.000972
0.000819
0.000876
0.002764
0.000966
0.001217
0.000789
0.001308
0.000635
0.000640
0.000546
0.000473
0.000458
0.002134
0.000492
0.000591
0.000551
0.001662
0.000658
0.000471
0.001750
0.000593
0.000515
0.000482
0.000621
0.000578
0.000459
0.000444
0.000449
0.000430
0.000567
0.000751
0.000722
0.000626
0.000556
0.000510
0.001481
0.000523
0.000488
0.000450
0.000423
0.000405
0.001968
0.001039
0.001024
0.000493
0.000530
0.000514
0.000768
0.000381
0.001516
0.000558
0.000456
0.000551
0.000471
0.000543
0.000535
0.000821
0.001338
0.000519
0.000786
0.000647
0.003073
0.000503
0.000780
0.000502
0.000654
0.000670
0.000506
0.000486
0.000541
0.001892
0.000452
0.000528
0.000646
0.000502
0.000545
0.000535
0.000495
0.000505
0.000514
0.000515
0.000491
0.000416
0.000447
0.000474
0.001998
0.000530
0.000535
0.001053
0.000557
0.001242
0.000595
0.000455
0.000508
0.000520
0.000687
0.000599
0.000508
0.000490
0.000515
0.000508
0.000427
0.000473
0.000396
0.000479
0.000895
0.000405
0.000480
0.000520
0.000507
0.000529
0.000482
0.000453
0.000454
0.000464
0.000492
0.000481
0.000525
0.000486
0.000445
0.000529
0.000447
0.000608
0.000453
0.000603
0.000605
0.000435
0.000467
0.000555
0.000586
0.000404
0.000468
0.000501
0.000483
0.000447
0.000517
0.000602
0.000433
0.000439
0.000747
0.000537
0.000640
0.000452
0.000629
0.000697
0.000458
0.000621
0.000477
0.000472
0.000462
0.001042
0.000559
0.000446
0.000526
0.002521
0.000537
0.000440
0.000416
0.000470
0.000485
0.004412
0.006215
0.000574
0.000541
0.000529
0.000511
0.000401
0.000438
0.000635
0.000713
0.000451
0.000441
0.000503
0.000428
0.000547
0.000480
0.000562
0.000576
0.000543
0.000488
0.000496
0.000511
0.000849
0.000506
0.000601
0.000472
0.000472
0.000481
0.000633
0.000466
0.000458
0.000453
0.000433
0.000545
0.001140
0.000415
0.000450
0.000547
0.001299
0.000614
0.000666
0.000697
0.000468
0.000503
0.000518
0.000373
0.000566
0.000503
0.000528
0.000488
0.001153
0.000493
0.000513
0.000530
0.001182
0.000453
0.000439
0.000476
0.000489
0.000481
0.000495
0.000452
0.000644
0.000549
0.000718
0.000523
0.000498
0.000649
0.000510
0.000436
0.000507
0.000508
0.000441
0.000486
0.001127
0.000430
0.000471
0.000409
0.000441
0.001202
0.000526
0.000514
0.000447
0.000498
0.000498
0.000414
0.000452
0.000420
0.000610
0.000508
0.000729
0.000503
0.000522
0.000510
0.000416
0.000418
0.000407
0.000476
0.000564
0.001390
0.000649
0.000607
0.000503
0.000444
0.000533
0.001592
0.000618
0.000534
0.000689
0.000630
0.000579
0.000494
0.000574
0.000472
0.000899
0.000640
0.000823
0.000571
0.000522
0.000468
0.000519
0.000919
0.000979
0.000504
0.000525
0.000546
0.000471
0.000466
0.001069
0.000545
0.000416
0.000421
0.000581
0.000604
0.000839
0.000532
0.001177
0.000672
0.005774
0.000679
0.000605
0.004706
0.000645
0.000639
0.000574
0.000537
0.000543
0.000448
0.000481
0.000544
0.001015
0.000522
0.000452
0.001550
0.000420
0.000454
0.000486
0.000492
0.001095
0.000545
0.000441
0.000470
0.000467
0.000472
0.000532
0.000488
0.000489
0.000516
0.000540
0.001027
0.000447
0.000473
0.000579
0.000513
0.001363
0.000459
0.000491
0.000973
0.000591
0.000463
0.000512
0.001363
0.000436
0.000636
0.000494
0.000780
0.000479
0.000443
0.000465
0.000710
0.001134
0.000477
0.001055
0.000526
0.000484
0.000514
0.000513
0.000434
0.000604
0.001474
0.000509
0.000503
0.000484
0.000501
0.000533
0.000458
0.000501
0.000518
0.001023
0.000457
0.000444
0.000427
0.000471
0.000494
0.000430
0.000631
0.000964
0.000510
0.000440
0.000516
0.000487
0.000477
0.000464
0.000465
0.000458
0.000444
0.000405
0.001039
0.000522
0.000498
0.000463
0.000456
0.000425
0.000469
0.000469
0.000453
0.000428
0.001019
0.000532
0.000475
0.000569
0.000570
0.001136
0.000422
0.000534
0.000543
0.000504
0.000529
0.000433
0.000655
0.000429
0.000420
0.000418
0.000533
0.000468
0.000471
0.000444
0.000450
0.000406
0.000444
0.000435
0.000436
0.000505
0.000513
0.000487
0.000490
0.000652
0.000434
0.000443
0.000412
0.000451
0.000508
0.000807
0.000380
0.000571
0.000831
0.000479
0.000468
0.000516
0.000565
0.000436
0.000826
0.000828
0.000743
0.000601
0.000526
0.000858
0.000681
0.001504
0.000672
0.000641
0.000459
0.000459
0.000435
0.000545
0.000637
0.000385
0.000495
0.000523
0.000442
0.000465
0.000435
0.000478
0.000457
0.000772
0.000478
0.000443
0.000435
0.000458
0.000437
0.000572
0.000504
0.000694
0.000454
0.000460
0.000844
0.000452
0.000602
0.000412
0.000477
0.000468
0.000513
0.000492
0.001762
0.000462
0.000651
0.000870
0.000570
0.000504
0.000506
0.000691
0.000730
0.001812
0.000997
0.000759
0.001631
0.000771
0.000521
0.000529
0.000436
0.000472
0.000566
0.000497
0.000454
0.000597
0.000493
0.000438
0.000478
0.000505
0.000466
0.000405
0.000438
0.000458
0.000450
0.000458
0.000441
0.000480
0.001818
0.000419
0.000788
0.000472
0.000478
0.000497
0.000725
0.000616
0.001227
0.000491
0.000494
0.002686
0.000685
0.000675
0.000583
0.000495
0.000509
0.000723
0.000426
0.000407
0.000927
0.000452
0.000384
0.000486
0.000514
0.000583
0.000848
0.001068
0.000463
0.000624
0.000462
0.000447
0.000595
0.000395
0.000452
0.000493
0.000463
0.000472
0.000447
0.000427
0.000514
0.001152
0.000451
0.000592
0.000475
0.000557
0.000791
0.000416
0.000413
0.000506
0.000450
0.000584
0.000559
0.000455
0.000440
0.000579
0.000424
0.001067
0.000926
0.000404
0.000519
0.000588
0.000483
0.000436
0.000547
0.000518
0.000527
0.000499
0.000517
0.001001
0.000471
0.000534
0.000508
0.000743
0.000474
0.000603
0.000513
0.000515
0.000712
0.001040
0.000518
0.000671
0.001778
0.000492
0.000957
0.000507
0.000439
0.000539
0.000547
0.000872
0.000456
0.000456
0.000543
0.000466
0.000957
0.000501
0.000553
0.000490
0.000563
0.000513
0.000434
0.000420
0.000478
0.000721
0.000412
0.000992
0.000490
0.000508
0.000522
0.000573
0.000418
0.000457
0.000436
0.000469
0.000458
0.000481
0.000584
0.000505
0.000476
0.000488
0.000682
0.000997
0.000573
0.000529
0.000527
0.000723
0.001119
0.000514
0.000502
0.000484
0.000513
0.000434
0.000503
0.000597
0.001200
0.000626
0.000415
0.000667
0.000508
0.000461
0.000405
0.000516
0.006036
0.000518
0.000469
0.000421
0.000409
0.000407
0.000477
0.000444
0.000463
0.000489
0.000486
0.000393
0.000471
0.000421
0.000493
0.000538
0.000466
0.000554
0.000606
0.000550
0.001470
0.000516
0.000462
0.000510
0.000489
0.000564
0.002230
0.000541
0.000399
0.000403
0.000846
0.000546
0.001546
0.000590
0.000669
0.001230
0.001841
0.000626
0.000525
0.000434
0.000478
0.000518
0.000483
0.000949
0.000476
0.000509
0.000504
0.000461
0.005392
0.001323
0.000477
0.000588
0.000527
0.001224
0.000413
0.000453
0.000494
0.000543
0.000820
0.000404
0.000509
0.000587
0.000484
0.000476
0.000511
0.000474
0.001226
0.000509
0.001224
0.000502
0.000599
0.000469
0.000485
0.000437
0.000507
0.000504
0.000455
0.000448
0.000464
0.000468
0.000608
0.000457
0.000512
0.000582
0.000597
0.000613
0.000918
0.000580
0.000817
0.001104
0.000440
0.000455
0.000483
0.000447
0.000479
0.000436
0.000466
0.000401
0.000445
0.000514
0.000916
0.000534
0.003382
0.001402
0.000465
0.000582
0.000510
0.000502
0.000505
0.001862
0.000447
0.000844
0.000581
0.000469
0.000471
0.000450
0.000494
0.000463
0.000407
0.000466
0.001659
0.000509
0.000461
0.001130
0.000444
0.000588
0.000403
0.000649
0.001311
0.000695
0.000553
0.000532
0.001537
0.000437
0.000486
0.000518
0.000555
0.000437
0.000494
0.000486
0.000411
0.000445
0.000399
0.000587
0.000435
0.000688
0.000478
0.002400
0.000537
0.000494
0.000630
0.002037
0.000491
0.006754
0.000551
0.000559
0.001315
0.001316
0.000513
0.000518
0.000550
0.000432
0.001075
0.000587
0.000522
0.000914
0.000563
0.000489
0.000470
0.000516
0.000539
0.000512
0.000454
0.000574
0.000441
0.000777
0.001295
0.001534
0.000441
0.000586
0.000481
0.000471
0.000455
0.000461
0.000450
0.000498
0.000518
0.000419
0.000508
0.000407
0.000840
0.000562
0.001256
0.000596
0.001459
0.000505
0.000490
0.001241
0.000715
0.000564
0.000810
0.000893
0.001928
0.000784
0.000466
0.000522
0.000454
0.000572
0.000551
0.001012
0.004218
0.000567
0.002307
0.000599
0.000531
0.000479
0.000754
0.001187
0.000982
0.000508
0.000522
0.000511
0.000575
0.000465
0.000495
0.000434
0.001181
0.000439
0.000441
0.000458
0.000553
0.000478
0.000793
0.002633
0.000699
0.000634
0.001227
0.000468
0.000470
0.000447
0.000469
0.000489
0.000468
0.001190
0.000436
0.000586
0.001418
0.000795
0.000521
0.000578
0.001120
0.000604
0.001247
0.000687
0.000481
0.000691
0.000525
0.000448
0.001450
0.000468
0.000666
0.000470
0.000486
0.000513
0.000473
0.001780
0.000468
0.001045
0.000892
0.000754
0.000519
0.000462
0.000523
0.000530
0.000465
0.000495
0.001122
0.000567
0.000485
0.000447
0.000469
0.000927
0.000485
0.000558
0.000660
0.001867
0.000756
0.000546
0.000920
0.000483
0.000542
0.000501
0.000539
0.000514
0.000699
0.000597
0.000522
0.000940
0.003351
0.001979
0.000486
0.000496
0.000608
0.000421
0.000418
0.000875
0.000735
0.001100
0.000631
0.001654
0.001555
0.001069
0.000498
0.000448
0.000457
0.001155
0.000434
0.000464
0.000405
0.000478
0.000509
0.000436
0.000482
0.003862
0.000865
0.000464
0.000407
0.000610
0.000651
0.000698
0.000932
0.001605
0.001653
0.000687
0.000588
0.000623
0.000535
0.000489
0.000565
0.001429
0.000518
0.002203
0.000471
0.000439
0.000446
0.000501
0.000406
0.000481
0.000529
0.000505
0.000441
0.000535
0.000473
0.000681
0.000460
0.000555
0.000490
0.001170
0.000485
0.000615
0.000438
0.000437
0.000620
0.001364
0.000440
0.000480
0.000406
0.000496
0.000518
0.003984
0.000505
0.000497
0.000438
0.000485
0.000534
0.000471
0.001285
0.002445
0.000797
0.000658
0.000502
0.020845
0.000508
0.002013
0.000853
0.000519
0.000541
0.000459
0.000529
0.000476
0.000409
0.000476
0.001119
0.000457
0.000482
0.000422
0.000432
0.000505
0.000495
0.001190
0.000701
0.000485
0.000518
0.000538
0.000465
0.000460
0.000497
0.000470
0.001548
0.000745
0.001930
0.000532
0.001926
0.000448
0.000468
0.000561
0.000669
0.001470
0.000751
0.000732
0.000521
0.000820
0.000859
0.000675
0.000513
0.001809
0.000499
0.001544
0.000511
0.000504
0.000515
0.000463
0.001456
0.001761
0.002315
0.000539
0.000555
0.000463
0.001247
0.005318
0.000504
0.000547
0.000573
0.000502
0.000508
0.000468
0.000579
0.001787
0.000477
0.000457
0.000490
0.000469
0.000536
0.000429
0.000435
0.000496
0.000430
0.000465
0.000428
0.000454
0.000439
0.000530
0.000865
0.001045
0.002185
0.000587
0.001106
0.002166
0.000544
0.000693
0.000625
0.000380
0.000532
0.000631
0.000513
0.001485
0.000771
0.001030
0.000899
0.000635
0.000479
0.000465
0.000468
0.000455
0.000465
0.000499
0.000452
0.000474
0.000477
0.000494
0.000556
0.000422
0.000522
0.000430
0.000423
0.000454
0.000573
0.000642
0.000516
0.000496
0.000507
0.000613
0.000575
0.000542
0.000852
0.000690
0.000431
0.000668
0.000460
0.000555
0.000521
0.000769
0.000538
0.001506
0.000489
0.000528
0.000490
0.000533
0.000545
0.000497
0.000591
0.000452
0.000466
0.000499
0.000550
0.000542
0.000968
0.000563
0.000948
0.000528
0.000504
0.000503
0.000825
0.000525
0.000498
0.001284
0.000486
0.000460
0.000402
0.000526
0.000398
0.000529
0.000495
0.000493
0.000616
0.000530
0.001234
0.000487
0.000481
0.000445
0.000496
0.000452
0.001201
0.001038
0.000604
0.000459
0.000447
0.000462
0.000453
0.000448
0.000550
0.000529
0.000703
0.000521
0.000975
0.003249
0.000577
0.000478
0.000777
0.000601
0.001724
0.000531
0.000644
0.000980
0.003143
0.004197
0.000466
0.000543
0.000593
0.000513
0.000583
0.001351
0.000450
0.000509
0.002036
0.000524
0.000440
0.000461
0.000710
0.000861
0.000574
0.001334
0.000986
0.000463
0.000452
0.001328
0.000430
0.000424
0.000436
0.000407
0.000519
0.000418
0.000447
0.000446
0.000679
0.000532
0.000473
0.000543
0.000595
0.000528
0.000494
0.000643
0.000598
0.000600
0.000688
0.000684
0.003207
0.001028
0.000576
0.000693
0.000558
0.000541
0.000548
0.000523
0.001222
0.003072
0.000789
0.001699
0.000454
0.000584
0.000505
0.000457
0.000503
0.000479
0.000529
0.000456
0.000514
0.000560
0.000455
0.000550
0.000452
0.000552
0.000583
0.000502
0.000670
0.000422
0.000664
0.000536
0.000507
0.000416
0.000458
0.000667
0.000726
0.000620
0.003160
0.000832
0.000489
0.000603
0.000542
10.502081
7.743608
7.376141
44.793423
10.294876
9.044333
10.579118
10.896682
