0.002010
0.001042
0.002241
0.000727
0.007353
0.000070
0.000127
0.001071
0.000854
0.001125
0.001630
0.007486
0.005813
0.002050
0.001270
0.001616
0.001458
0.000957
0.001074
0.001424
0.001065
0.000932
0.001084
0.001208
0.001260
0.005637
0.000727
0.001009
0.001137
0.003424
0.000809
0.003099
0.001522
0.005890
0.003305
0.000859
0.000816
0.006565
0.009872
0.001060
0.001975
0.000782
0.002493
0.002936
0.002375
0.000048
0.000893
0.001161
0.001383
0.001193
0.001367
0.001274
0.005949
0.009305
0.000836
0.001557
0.001162
0.003945
0.000316
0.003380
0.005665
0.013620
0.005320
0.012799
0.001296
0.001052
0.001014
0.001117
0.000789
0.003943
0.001024
0.001710
0.001616
0.001534
0.004188
0.000996
0.001197
0.001301
0.009466
0.000033
0.004114
0.001036
0.001609
0.000865
0.001084
0.001687
0.000778
0.001682
0.000971
0.003843
0.000799
0.000173
0.008128
0.000839
0.001362
0.000879
0.000826
0.000870
0.002792
0.001041
0.000755
0.001680
0.002721
0.001100
0.005168
0.000932
0.000809
0.000886
0.003589
0.000779
0.002950
0.007621
0.000850
0.001081
0.002810
0.001263
0.001234
0.001260
0.001041
0.001018
0.001302
0.003491
0.008388
0.001509
0.000361
0.002114
0.003185
0.002949
0.002448
0.008307
0.001097
0.001324
0.001274
0.000952
0.003192
0.001330
0.001623
0.006751
0.004208
0.006953
0.002316
0.001780
0.000133
0.000852
0.004586
0.000983
0.001258
0.001343
0.002347
0.000835
0.001077
0.000781
0.003073
0.000831
0.000640
0.003153
0.003241
0.001660
0.000799
0.001364
0.002355
0.000802
0.000923
0.001053
0.001883
0.001288
0.001830
0.001311
0.000838
0.010896
0.001737
0.001429
0.001315
0.008415
0.004413
0.001013
0.001036
0.001245
0.001469
0.001208
0.000988
0.002293
0.001143
0.002332
0.001308
0.002314
0.000801
0.001022
0.001478
0.001052
0.002093
0.000835
0.000991
0.003685
0.001048
0.002330
0.000848
0.005010
0.001412
0.002047
0.001170
0.001176
0.001918
0.000128
0.001376
0.000599
0.007335
0.001387
0.000066
0.001375
0.001227
0.000082
0.000595
0.000332
0.007800
0.003933
0.000059
0.008728
0.001010
0.001558
0.001471
0.001529
0.000969
0.001006
0.005827
0.002340
0.007253
0.003909
0.001428
0.003793
0.002932
0.001780
0.005007
0.002021
0.000987
0.004633
0.001281
0.000738
0.001376
0.004391
0.000847
0.001424
0.001548
0.001836
0.003927
0.007777
0.003914
0.001023
0.001210
0.001876
0.003552
0.001587
0.010154
0.001208
0.001152
0.008391
0.002565
0.004553
0.001880
0.000066
0.001196
0.006297
0.001689
0.000052
0.000913
0.001455
0.001211
0.000701
0.000837
0.000589
0.001657
0.003485
0.004305
0.009208
0.001876
0.001675
0.001275
0.001421
0.009319
0.004887
0.003046
0.000043
0.000732
0.001276
0.001079
0.004667
0.000062
0.000901
0.002292
0.007037
0.004137
0.006950
0.002192
0.006826
0.004157
0.001099
0.039541
0.001127
0.001116
0.003953
0.008166
0.005948
0.008483
0.007809
0.000855
0.001105
0.003267
0.001021
0.006406
0.002874
0.002513
0.001031
0.001800
0.008098
0.001030
0.000431
0.000844
0.006716
0.001826
0.009852
0.001098
0.001596
0.004370
0.001188
0.000797
0.001191
0.002288
0.003243
0.006884
0.001523
0.001883
0.001623
0.005321
0.006210
0.001156
0.000506
0.002666
0.001390
0.005662
0.000836
0.002505
0.008656
0.002524
0.001222
0.000056
0.007313
0.002357
0.001565
0.001157
0.009477
0.002270
0.001591
0.001557
0.001396
0.001440
0.000788
0.001340
0.001255
0.005535
0.004462
0.001194
0.003248
0.001191
0.000043
0.000287
0.003421
0.005022
0.003665
0.000955
0.003921
0.003600
0.001355
0.001056
0.001848
0.002998
0.003410
0.008128
0.003826
0.000889
0.001216
0.000813
0.003143
0.002524
0.001069
0.009615
0.001965
0.002008
0.002015
0.001553
0.001058
0.001588
0.003964
0.001665
0.000815
0.002439
0.001604
0.004916
0.001084
0.001806
0.000978
0.009162
0.003245
0.000946
0.003416
0.004756
0.002920
0.001492
0.000851
0.000038
0.008853
0.004084
0.002449
0.007053
0.005479
0.009183
0.007480
0.003125
0.005966
0.004469
0.019363
0.000891
0.002688
0.010041
0.000666
0.003118
0.001206
0.002311
0.001382
0.000840
0.000593
0.000061
0.000950
0.001607
0.001310
0.004987
0.000300
0.003123
0.000515
0.000080
0.000150
0.001460
0.005697
0.004109
0.002280
0.001145
0.001944
0.004727
0.003020
0.008497
0.001035
0.001196
0.000939
0.001276
0.002102
0.001899
0.001222
0.006922
0.006166
0.003602
0.000917
0.001221
0.002019
0.000842
0.000813
0.001686
0.003935
0.000862
0.001015
0.005364
0.002015
0.006802
0.000088
0.008464
0.001138
0.000841
0.000783
0.001639
0.001051
0.000991
0.004094
0.001635
0.001434
0.001469
0.002149
0.001249
0.001120
0.000046
0.001279
0.003291
0.000171
0.007465
0.001334
0.000785
0.004091
0.001482
0.001223
0.001645
0.000031
0.000647
0.001203
0.001141
0.001294
0.000888
0.004985
0.001090
0.001004
0.007625
0.005199
0.001234
0.007434
0.001991
0.002226
0.001318
0.007261
0.001572
0.006500
0.004800
0.003351
0.001401
0.001841
0.001257
0.001727
0.002122
0.000875
0.001413
0.003261
0.001928
0.002590
0.000489
0.000727
0.009045
0.003040
0.001221
0.000799
0.001416
0.000854
0.000073
0.000877
0.004561
0.003034
0.007115
0.001602
0.000896
0.001677
0.001008
0.001911
0.000684
0.001816
0.002598
0.000858
0.010133
0.000921
0.003484
0.001342
0.001120
0.000057
0.001126
0.002304
0.001429
0.002371
0.004222
0.002258
0.002392
0.003590
0.001456
0.008706
0.001030
0.004706
0.000833
0.000809
0.001966
0.001527
0.001025
0.000964
0.001556
0.002764
0.001199
0.002854
0.017611
0.002167
0.004369
0.004308
0.000864
0.001158
0.000592
0.001300
0.002021
0.000136
0.000201
0.002713
0.002077
0.005162
0.002020
0.004062
0.009849
0.010013
0.000839
0.017562
0.003698
0.000612
0.006925
0.000529
0.017723
0.001764
0.008474
0.001035
0.002674
0.000786
0.000164
0.001685
0.002329
0.001710
0.001330
0.002536
0.000897
0.003932
0.011817
0.002146
0.003975
0.000952
0.003039
0.005917
0.001105
0.001112
0.000903
0.001318
0.001003
0.004454
0.003760
0.003725
0.002602
0.001039
0.001168
0.002396
0.010167
0.004213
0.005078
0.001214
0.000968
0.001552
0.001254
0.001950
0.003018
0.004214
0.006621
0.003828
0.000964
0.002998
0.001150
0.000817
0.008205
0.004005
0.001478
0.004942
0.001702
0.014745
0.003136
0.007504
0.001375
0.000078
0.000086
0.010663
0.005900
0.001827
0.003286
0.000883
0.001503
0.000951
0.000245
0.000565
0.001109
0.001446
0.002877
0.005281
0.001393
0.002402
0.000835
0.010139
0.002071
0.002079
0.001422
0.001932
0.001756
0.001116
0.000518
0.001540
0.001700
0.000033
0.004837
0.005057
0.001100
0.002965
0.007540
0.006281
0.001511
0.001685
0.003088
0.002229
0.001056
0.000989
0.009160
0.001374
0.001553
0.001273
0.002150
0.000945
0.000851
0.001468
0.002017
0.006871
0.000920
0.002858
0.001383
0.008190
0.001039
0.001211
0.000934
0.001588
0.002615
0.005669
0.007151
0.004472
0.001407
0.030856
0.001992
0.001233
0.005594
0.006766
0.001743
0.002484
0.001008
0.001571
0.001258
0.008360
0.001155
0.001296
0.002504
0.001321
0.001074
0.003075
0.001178
0.001092
0.001970
0.008712
0.002537
0.001083
0.000996
0.000917
0.005125
0.001014
0.001709
0.001300
0.001526
0.002179
0.005032
0.001101
0.001097
0.000786
0.002058
0.001120
0.001929
0.001324
0.000958
0.001946
0.001526
0.000846
0.000700
0.000812
0.000596
0.000745
0.001328
0.001001
0.008484
0.001214
0.004343
0.002942
0.005560
0.005219
0.005511
0.001560
0.001010
0.001239
0.007870
0.009181
0.005590
0.001023
0.001708
0.001405
0.001117
0.000826
0.001267
0.000837
0.000917
0.002365
0.002356
0.005780
0.004340
0.000840
0.013749
0.001010
0.001830
0.001241
0.002742
0.001262
0.001311
0.001014
0.001773
0.008579
0.001318
0.001634
0.001048
0.001541
0.001168
0.004627
0.005853
0.003004
0.002028
0.004116
0.001048
0.001863
0.002092
0.002851
0.006658
0.002216
0.002439
0.001233
0.000971
0.001612
0.001518
0.002206
0.001354
0.001177
0.000931
0.007127
0.001168
0.000811
0.001104
0.001620
0.004298
0.008341
0.001276
0.001574
0.000371
0.000910
0.003113
0.005849
0.002955
0.009046
0.001305
0.000512
0.001386
0.001058
0.001913
0.000809
0.001035
0.001619
0.011041
0.004035
0.000900
0.001275
0.006083
0.000866
0.003815
0.001092
0.001395
0.004270
0.005986
0.002453
0.009454
0.000763
0.001010
0.001540
0.000687
0.002035
0.001130
0.001694
0.001332
0.004306
0.003043
0.000843
0.004044
0.000911
0.010554
0.000736
0.005114
0.002865
0.000568
0.002899
0.000951
0.001115
0.006359
0.003008
0.007746
0.004400
0.010383
0.000087
0.001919
0.011693
0.009846
0.000758
0.001101
0.002423
0.002018
0.001534
0.001610
0.002669
0.001327
0.002082
0.002048
0.006236
0.006969
0.008396
0.003966
0.000878
0.004958
0.000114
0.001073
0.001871
0.002241
0.001053
0.001786
0.001289
0.001381
0.001096
0.001364
0.005758
0.005403
0.000968
0.005354
0.000894
0.001577
0.004985
0.001407
0.001938
0.004314
0.000852
0.000114
0.001644
0.001180
0.002496
0.001447
0.000799
0.002471
0.000832
0.001233
0.000116
0.004413
0.001271
0.003746
0.000859
0.003446
0.005415
0.000417
0.001343
0.001115
0.001132
0.005434
0.006485
0.001476
0.001667
0.000098
0.001615
0.002065
0.007430
0.001211
0.003658
0.003128
0.003259
0.000992
0.003708
0.001273
0.000842
0.001174
0.001733
0.001314
0.001004
0.001302
0.001420
0.003256
0.002252
0.002676
0.001033
0.001433
0.001183
0.004593
0.001206
0.000622
0.003216
0.004806
0.001168
0.002218
0.006029
0.001482
0.001554
0.001651
0.001783
0.001373
0.002359
0.001665
0.006400
0.004242
0.007299
0.001287
0.007468
0.000886
0.002193
0.001846
0.001788
0.001364
0.000961
0.002530
0.002253
0.002054
0.001361
0.002570
0.001480
0.005951
0.002501
0.004815
0.002478
0.002742
0.009634
0.001753
0.001689
0.001971
0.000988
0.001244
0.003499
0.004239
0.001604
0.000673
0.000667
0.001035
0.001221
0.000971
0.000772
0.002406
0.003496
0.001617
0.000663
0.000928
0.001039
0.003097
0.004234
0.004213
0.002171
0.020178
0.001035
0.010741
0.000798
0.001505
0.003636
0.017158
0.000820
0.001566
0.001116
0.003147
0.000931
0.000906
0.002258
0.001218
0.001734
0.008762
0.001259
0.000495
0.007264
0.004910
0.000967
0.001544
0.000982
0.000871
0.011595
0.001650
0.001952
0.002587
0.000931
0.004950
0.000855
0.008832
0.000849
0.000121
0.000611
0.001188
0.005921
0.000963
0.001506
0.001813
0.009403
0.015879
0.008483
0.016449
0.003089
0.015380
0.000835
0.002981
0.009399
0.002086
0.002744
0.007434
0.004225
0.007942
0.000791
0.001906
0.001897
0.001099
0.005133
0.007720
0.007952
0.000752
0.001230
0.001532
0.000058
0.007331
0.002007
0.001229
0.003907
0.002126
0.000917
0.000913
0.002167
0.001296
0.000043
0.001244
0.003599
0.004853
0.000804
0.000865
0.002258
0.005112
0.003901
0.001831
0.001748
0.010190
0.002981
0.000775
0.001632
0.003521
0.000129
0.004057
0.001218
0.001236
0.001895
0.002767
0.007232
0.004827
0.004940
0.000051
0.006036
0.003895
0.000915
0.001185
0.001492
0.011472
0.004481
0.001364
0.001692
0.001220
0.012571
0.001458
0.000857
0.002971
0.001153
0.002883
0.003288
0.008482
0.002589
0.001554
0.000178
0.006575
0.001032
0.000085
0.001095
0.006317
0.003849
0.007450
0.000978
0.001358
0.001385
0.005130
0.003013
0.001468
0.002357
0.001160
0.001752
0.001249
0.000804
0.005636
0.001279
0.006040
0.001554
0.001053
0.002883
0.001087
0.001012
0.005292
0.002367
0.001524
0.001268
0.001706
0.005353
0.001024
0.008071
0.002304
0.004616
0.001272
0.000930
0.001561
0.001298
0.001179
0.005589
0.000564
0.001352
0.001971
0.002327
0.001949
0.011621
0.001084
0.008414
0.002351
0.000802
0.008054
0.001031
0.001092
0.001348
0.009575
0.000671
0.002505
0.002360
0.005951
0.016902
0.000092
0.004428
0.001218
0.002124
0.006193
0.000762
0.001574
0.001146
0.008355
0.001056
0.004452
0.002679
0.000877
0.001819
0.001126
0.000735
0.000839
0.001525
0.001410
0.014036
0.001390
0.002792
0.002091
0.000626
0.004011
0.000929
0.001064
0.002806
0.004066
0.006970
0.000824
0.002637
0.001394
0.001697
0.002820
0.000144
0.000906
0.000831
0.000233
0.001977
0.001316
0.001418
0.000824
0.001528
0.001169
0.001073
0.000695
0.000708
0.001593
0.001788
0.004900
0.002788
0.002288
0.001111
0.007145
0.002456
0.000871
0.002072
0.005061
0.001276
0.001138
0.003621
0.005824
0.003916
0.008112
0.000279
0.000858
0.001856
0.001566
0.000794
0.004421
0.004775
0.000900
0.002424
0.009493
0.001555
0.008373
0.000997
0.015217
0.001176
0.002386
0.001556
0.001453
0.001310
0.001101
0.000436
0.002111
0.003088
0.001043
0.000152
0.001037
0.004086
0.001158
0.000830
0.004807
0.000971
0.001307
0.001372
0.004611
0.000779
0.001700
0.000780
0.001253
0.002060
0.003944
0.000807
0.001385
0.000774
0.005729
0.000961
0.000826
0.000795
0.000838
0.005110
0.001477
0.003095
0.001455
0.002479
0.000861
0.001023
0.003199
0.002522
0.001221
0.001439
0.001028
0.000693
0.000035
0.001667
0.001462
0.003978
0.001625
0.004485
0.001395
0.000803
0.004617
0.001139
0.006495
0.005773
0.004211
0.001513
0.001781
0.001390
0.005475
0.001925
0.005402
0.011313
0.002478
0.001246
0.000887
0.002364
0.000184
0.001785
0.000871
0.001006
0.001210
0.003874
0.001025
0.002083
0.003108
0.007005
0.002406
0.004962
0.000875
0.002091
0.001381
0.003412
0.004259
0.007698
0.001149
0.002697
0.001684
0.002134
0.001672
0.000453
0.002125
0.005317
0.000942
0.002062
0.002402
0.000894
0.001055
0.011907
0.001781
0.001365
0.001114
0.001036
0.002773
0.004597
0.004673
0.003378
0.001120
0.000807
0.002640
0.001013
0.001593
0.001146
0.000957
0.000850
0.001639
0.000042
0.004208
0.007423
0.003436
0.002434
0.015102
0.000797
0.000034
0.003543
0.004253
0.002163
0.001554
0.000710
0.001142
0.004012
0.011871
0.000922
0.003952
0.001797
0.000824
0.000683
0.007482
0.008742
0.001882
0.001393
0.010114
0.000983
0.000027
0.005236
0.002617
0.014543
0.001475
0.001623
0.001687
0.002806
0.002712
0.003720
0.002909
0.005285
0.009423
0.002764
0.001751
0.000132
0.003240
0.001977
0.001015
0.001221
0.002331
0.000958
0.006793
0.001126
0.002275
0.000836
0.001585
0.000962
0.001160
0.015065
0.005668
0.024913
0.009731
0.000969
0.002505
0.000974
0.007300
0.009665
0.005871
0.000361
0.000755
0.004057
0.000273
0.004127
0.003419
0.000079
0.002186
0.001382
0.005579
0.003922
0.001677
0.002203
0.027055
0.000836
0.001237
0.002996
0.001063
0.002087
0.001246
0.005639
0.007386
0.006209
0.000829
0.001194
0.000052
0.001861
0.001459
0.001106
0.004902
0.001014
0.000907
0.007364
0.005186
0.000881
0.007704
0.001395
0.000792
0.001282
0.004603
0.006910
0.001319
0.001627
0.001895
0.000182
0.001529
0.001183
0.001615
0.001044
0.001478
0.029743
0.006936
0.009743
0.001158
0.002838
0.002738
0.001255
0.001020
0.000769
0.001262
0.008874
0.001848
0.000048
0.001598
0.002450
0.001032
0.000905
0.004282
0.001312
0.001633
0.002650
0.003025
0.000590
0.002690
0.001778
0.003222
0.000105
0.000872
0.001669
0.001647
0.000392
0.001776
0.000156
0.001327
0.001123
0.001405
0.001632
0.005988
0.004114
0.000967
0.001036
0.010352
0.001101
0.001116
0.005110
0.001336
0.000978
0.001025
0.002376
0.001319
0.000491
0.025586
0.001517
0.001508
0.006492
0.000927
0.002654
0.007212
0.001863
0.002153
0.001129
0.000503
0.007538
0.000200
0.001004
0.000711
0.001394
0.001956
0.000103
0.005884
0.030342
0.001537
0.004785
0.008181
0.000980
0.000064
0.000827
0.001026
0.004529
0.003622
0.000830
0.001252
0.007263
0.002259
0.009977
0.002243
0.009950
0.001893
0.001314
0.000371
0.001433
0.004993
0.007084
0.001425
0.001362
0.001272
0.000053
0.001120
0.001762
0.007115
0.000873
0.000812
0.000626
0.004977
0.000784
0.000909
0.000901
0.001402
0.000052
0.001305
0.001166
0.001028
0.000974
0.000810
0.000999
0.001062
0.001028
0.001245
0.002219
0.001842
0.002110
0.001873
0.002019
0.010199
0.001184
0.002237
0.000878
0.004090
0.000087
0.005355
0.004065
0.007328
0.001271
0.000832
0.000860
0.001350
0.001790
0.003388
0.000873
0.007271
0.004167
0.011212
0.001031
0.008593
0.001145
0.000963
0.000597
0.001341
0.001363
0.011163
0.001584
0.001004
0.001635
0.000854
0.001119
0.000379
0.000789
0.002264
0.005839
0.007453
0.001377
0.009497
0.005130
0.001463
0.006484
0.004077
0.002814
0.008743
0.000948
0.003042
0.001265
0.000905
0.014947
0.001341
0.001172
0.000830
0.000901
0.001146
0.001875
0.001069
0.001127
0.002475
0.002049
0.000919
0.001727
0.000847
0.000881
0.001768
0.000835
0.007916
0.001938
0.002981
0.001632
0.005367
0.001120
0.001221
0.009967
0.001849
0.001886
0.001211
0.002292
0.001264
0.002636
0.006042
0.001206
0.001023
0.002797
0.001635
0.001115
0.003631
0.001662
0.004168
0.001998
0.001617
0.001175
0.001138
0.001140
0.000882
0.028512
0.000973
0.001197
0.001077
0.001470
0.000856
0.004110
0.000922
0.001013
0.001228
0.001183
0.003751
0.000280
0.000974
0.001617
0.001438
0.002069
0.001328
0.001853
0.000978
0.001224
0.000046
0.001822
0.001174
0.001921
0.002499
0.002287
0.000983
0.000847
0.001095
0.001917
0.000843
0.001032
0.001264
0.000970
0.001446
0.001788
0.005625
0.001554
0.003830
0.000843
0.001196
0.002575
0.000776
0.004537
0.000615
0.008367
0.003742
0.010302
0.016629
0.001520
0.000050
0.001701
0.001007
0.001158
0.002289
0.000560
0.001485
0.002878
0.001032
0.009715
0.001285
0.000972
0.000954
0.001158
0.008319
0.001168
0.001112
0.007782
0.001593
0.006491
0.000862
0.001472
0.001057
0.001148
0.000458
0.002997
0.001148
0.000348
0.000942
0.001455
0.001702
0.007516
0.007372
0.001266
0.000868
0.005213
0.000763
0.001326
0.001327
0.000177
0.000955
0.001505
0.003034
0.003334
0.002193
0.000450
0.002287
0.003147
0.001537
0.004386
0.001060
0.008408
0.014294
0.004981
0.000940
0.000942
0.001592
0.001316
0.000948
0.001135
0.001318
0.020442
0.003856
0.005787
0.006931
0.001204
0.000778
0.016203
0.000698
0.009581
0.001226
0.001779
0.024546
0.000825
0.001447
0.092782
0.006294
0.000675
0.000839
0.003695
0.001131
0.001143
0.001629
0.002686
0.001282
0.007133
0.000938
0.012689
0.000752
0.000829
0.007266
0.001440
0.000131
0.007940
0.000839
0.005793
0.006477
0.005378
0.001336
0.007109
0.005646
0.000814
0.000833
0.003262
0.002146
0.001383
0.001723
0.002196
0.030022
0.000995
0.002856
0.005178
0.000975
0.001492
0.004119
0.001411
0.003155
0.000905
0.002025
0.000784
0.004722
0.002970
0.001719
0.000052
0.001081
0.001464
0.000872
0.000765
0.002512
0.000644
0.001123
0.001642
0.001060
0.000559
0.001711
0.000750
0.008130
0.000833
0.000977
0.001350
0.001029
0.000594
0.001232
0.004362
0.001588
0.001353
0.004636
0.002289
0.003715
0.001069
0.001631
0.001239
0.001683
0.001670
0.001042
0.000668
0.003140
0.003437
0.000838
0.001421
0.002005
0.010042
0.001257
0.000815
0.007423
0.003982
0.000971
0.000992
0.002081
0.000882
0.000119
0.000637
0.001041
0.000879
0.001940
0.001299
0.000931
0.001318
0.001112
0.002270
0.003128
0.008425
0.000086
0.000946
0.001627
0.001134
0.000933
0.001946
0.000859
0.000513
0.005758
0.004173
0.002759
0.001675
0.001276
0.018330
0.000949
0.007786
0.003817
0.005550
0.012309
0.000106
0.001491
0.018839
0.016383
0.001476
0.002929
0.025953
0.000806
0.010062
0.006902
0.000994
0.000774
0.006296
0.001160
0.005311
0.004580
0.001038
0.004515
0.013071
0.218741
0.001111
0.007859
0.001210
0.001420
0.011424
0.003604
0.010005
0.005000
0.001181
0.000907
0.104372
0.000403
0.006931
0.017937
0.008540
0.012725
0.001273
0.000861
0.000733
0.001015
0.002561
0.002802
0.010591
0.000943
0.004491
0.000523
0.000947
0.000326
0.004401
0.001457
0.000770
0.003024
0.016363
0.020101
0.006324
0.007829
0.004815
0.017372
0.009239
0.000966
0.001645
0.010040
0.010466
0.003436
0.007284
0.001053
0.000869
0.000989
0.007451
0.016550
0.001499
0.009544
0.003713
0.000996
0.001102
0.000902
0.001047
0.001844
0.012649
0.001500
0.000811
0.002182
0.000893
0.001681
0.001138
0.001045
0.002426
0.006301
0.001943
0.001043
0.005251
0.003329
0.006592
0.006076
0.001181
0.001750
0.001584
0.001428
0.001666
0.003368
0.001186
0.001005
0.011765
0.001216
0.001567
0.001126
0.001289
0.001108
0.003230
0.000941
0.002530
0.001137
0.001214
0.000943
0.011630
0.000932
0.008328
0.002377
0.000627
0.002175
0.001048
0.001378
0.003511
0.004678
0.001592
0.001654
0.008540
0.000831
0.000768
0.000868
0.006146
0.001040
0.001110
0.001958
0.001084
0.023088
0.004741
0.001351
0.004830
0.006155
0.001098
0.000337
0.000993
0.001167
0.001853
0.001684
0.001591
0.000860
0.001790
0.000858
0.000982
0.000879
0.001826
0.021601
0.000955
0.001764
0.002001
0.000904
0.001486
0.012135
0.003893
0.004519
0.011005
0.004042
0.006094
0.004634
0.001755
0.001573
0.000988
0.001190
0.001052
0.001092
0.000774
0.001420
0.001154
0.007852
0.005238
0.003395
0.001035
0.001406
0.000976
0.001177
0.000842
0.001597
0.001639
0.001336
0.001101
0.001216
0.007783
0.011138
0.000783
0.011453
0.002735
0.000809
0.001490
0.001433
0.000904
0.000873
0.008550
0.001453
0.000966
0.008670
0.004673
0.001003
0.002533
0.001196
0.000262
0.001230
0.001730
0.001366
0.001317
0.009091
0.001176
0.005697
0.001636
0.001956
0.005979
0.001738
0.009601
0.000258
0.000832
0.010597
0.001382
0.001754
0.001512
0.000807
0.004736
0.001501
0.002749
0.021180
0.005808
0.004504
0.001618
0.001594
0.001972
0.011557
0.001879
0.004674
0.000910
0.001285
0.000940
0.008327
0.002976
0.016825
0.001021
0.004502
0.000575
0.000810
0.001361
0.007892
0.001488
0.013627
0.010308
0.008415
0.000771
0.003004
0.003548
0.004366
0.006967
0.001032
0.000042
0.000542
0.002178
0.001636
0.009120
0.006383
0.030832
0.002625
0.001175
0.001180
0.012031
0.009817
0.007172
0.005872
0.001452
0.001059
0.000830
0.003185
0.002655
0.001010
0.001067
0.003143
0.000858
0.001653
0.021708
0.002238
0.007260
0.001926
0.003946
0.005775
0.001665
0.004594
0.022344
0.003799
0.013823
0.001651
0.001653
0.008845
0.001279
0.002900
0.000943
0.000769
0.001280
0.000837
0.002265
0.002976
0.001015
0.001758
0.000965
0.000942
0.001087
0.003326
0.026768
0.014696
0.009951
0.009454
0.000777
0.004636
0.007226
0.011451
0.017599
0.007193
0.000901
0.004938
0.042738
0.001469
0.002377
0.000973
0.000803
0.000867
0.000803
0.017836
0.022923
0.080545
0.001884
0.000960
0.000783
0.017047
0.015567
0.008695
0.001160
0.003604
0.026244
0.001916
0.003070
0.000047
0.002386
0.013044
0.002263
0.008174
0.000812
0.044790
0.001052
0.001233
0.012422
0.003877
0.009023
0.002810
0.000838
0.001044
0.000059
0.013732
0.000844
0.013814
0.000775
0.005879
0.010022
0.001207
0.001486
0.000853
0.000936
0.006770
0.000851
0.005836
0.002152
0.000793
0.001007
0.001640
0.002000
0.000824
0.001348
0.001456
0.009341
0.001936
0.012755
0.001371
0.002169
0.001823
0.000800
0.010495
0.002686
0.005386
0.002923
0.005461
0.000983
0.004328
0.013159
0.012930
0.009208
0.010519
0.001083
0.018138
0.005061
0.000734
0.001986
0.013351
0.003889
0.000949
0.015166
0.001390
0.000987
0.000962
0.002269
0.000863
0.009603
0.001313
0.008915
0.001123
0.014795
0.010688
0.024687
0.001378
0.000989
0.000936
0.014574
0.002993
0.003200
0.001174
0.001569
0.007638
0.003302
0.003873
0.001696
0.022433
0.014289
0.001632
0.001183
0.001333
0.000910
0.001013
0.001000
0.001458
0.000724
0.001508
0.000772
0.001089
0.001487
0.001868
0.001178
0.001955
0.015539
0.002194
0.001272
0.001805
0.000780
0.000289
0.011985
0.001628
0.009181
0.001119
0.001335
0.013469
0.007542
0.000797
0.001020
0.001859
0.001540
0.000889
0.000927
0.005365
0.000960
0.003663
0.001240
0.001258
0.007717
0.001178
0.001088
0.003559
0.001141
0.001724
0.006781
0.001614
0.001271
0.001587
0.009068
0.002908
0.014431
0.000480
0.007752
0.002745
0.002344
0.000664
0.000750
0.003640
0.001640
0.135645
0.001003
0.003536
0.004038
0.000994
0.010417
0.000884
0.002521
0.004712
0.001024
0.007803
0.010410
0.013317
0.003416
0.004918
0.001052
0.000991
0.007821
0.000518
0.002470
0.223561
0.225679
0.009556
0.012888
0.010180
0.001557
0.000392
0.009257
0.000920
0.013013
0.001665
0.001685
0.000970
0.010891
0.005489
0.008499
0.016193
0.006995
0.009542
0.005200
0.007604
0.009576
0.005700
0.002005
0.007239
0.013623
0.009227
0.009502
0.000998
0.000922
0.003800
0.012758
0.013141
0.001205
0.012039
0.001239
0.006848
0.008867
0.001019
0.053983
0.001335
0.003336
0.001018
0.006325
0.001677
0.000046
0.006191
0.029136
0.005028
0.000935
0.001346
0.000987
0.006249
0.022992
0.006677
0.003216
0.007709
0.003921
0.010744
0.002508
0.001241
0.001156
0.010020
0.001525
0.000070
0.001280
0.001391
0.007461
0.000811
0.007511
0.012854
0.001370
0.001004
0.013957
0.000976
0.001006
0.014324
0.013013
0.001919
0.000066
0.002114
0.007276
0.013071
0.001942
0.000900
0.000146
0.000954
0.002742
0.001412
0.012558
0.001807
0.010518
0.001136
0.023157
0.017011
0.003587
0.001031
0.152919
0.003891
0.001791
0.004455
0.001510
0.003590
0.005440
0.001548
0.003881
0.001960
0.009913
0.006460
0.002590
0.007533
0.000309
0.008220
0.001221
0.008615
0.007793
0.022073
0.001576
0.013737
0.002030
0.001442
0.000861
0.001361
0.000643
0.183080
0.000912
0.003033
0.024049
0.026640
0.037331
0.002129
0.001160
0.001345
0.008059
0.001992
0.000826
0.007476
0.001757
0.008069
0.001120
0.006783
0.003313
0.003403
0.001264
0.007701
0.004808
0.001555
0.000879
0.001182
0.286187
0.017160
0.007881
0.004708
0.017728
0.011301
0.003286
0.000980
0.002969
0.002485
0.001212
0.002246
0.001866
0.009701
0.210936
0.001425
0.001644
0.008054
0.001286
0.001582
0.002599
0.002767
0.006377
0.001724
0.000922
0.049661
0.178166
0.008647
0.007289
0.000048
0.015498
0.000133
0.050743
0.000730
0.056192
0.005684
0.000879
0.008587
0.001792
0.002036
0.001169
0.000970
0.001898
0.008047
0.011304
0.002392
0.000433
0.004172
0.000708
0.002345
0.001078
0.004740
0.012943
0.000873
0.001765
0.001665
0.000841
0.007852
0.007210
0.001024
0.003342
0.006148
0.009347
0.014233
0.007587
0.001484
0.001053
0.001544
0.012644
0.002008
0.000816
0.003979
0.000542
0.000723
0.002809
0.001719
0.004735
0.001449
0.001118
0.007458
0.007984
0.000824
0.001111
0.000044
0.001013
0.001228
0.001093
0.001606
0.001293
0.001822
0.001954
0.001092
0.003761
0.000806
0.013754
0.009470
0.001241
0.001022
0.000284
0.001497
0.002188
0.001770
0.001198
0.005065
0.006215
0.001005
0.001187
0.001629
0.000911
0.005646
0.001383
0.001308
0.000871
0.006248
0.000016
0.000016
0.000015
0.000017
0.000012
0.000012
0.000020
0.000012
0.000018
0.000013
0.000014
0.000015
0.000014
0.000013
0.000014
0.000049
0.000030
0.000043
0.000043
0.000047
0.000057
0.000017
0.000059
0.000021
0.000037
0.000036
0.000016
0.000049
0.000058
0.000029
0.000035
0.000059
0.000046
