0.112060
0.088856
0.084420
0.028745
0.013798
0.095308
0.074024
0.088723
0.085188
0.095335
0.023614
0.038018
0.033178
0.109889
0.099565
0.099620
0.062123
0.102472
0.027516
0.064028
0.100643
0.110887
0.109505
0.005926
0.027774
0.071402
0.026889
0.020742
0.023485
0.022822
0.004923
0.085646
0.094585
0.067494
0.047152
0.112922
0.090679
0.051701
0.060612
0.018233
0.107490
0.011854
0.082116
0.106702
0.098263
0.074607
0.055888
0.024553
0.018628
0.005104
0.076222
0.073584
0.043404
0.006238
0.046009
0.077730
0.111049
0.063670
0.021570
0.004149
0.024735
0.004619
0.004638
0.104869
0.078779
0.063064
0.048700
0.045375
0.047483
0.022587
0.041038
0.066417
0.064736
0.004762
0.004429
0.016788
0.004674
0.059689
0.046189
0.115051
0.004950
0.090212
0.004750
0.008046
0.046124
0.011698
0.055304
0.018837
0.067112
0.030997
0.065912
0.117169
0.068492
0.107408
0.058507
0.006472
0.096118
0.037877
0.008309
0.004963
0.041033
0.046192
0.004471
0.060389
0.039631
0.053461
0.075056
0.005936
0.064248
0.077319
0.062072
0.060404
0.004882
0.050298
0.112764
0.095088
0.109544
0.100673
0.004941
0.072595
0.064529
0.040213
0.018951
0.093508
0.057124
0.032418
0.105493
0.005516
0.062542
0.038744
0.107243
0.075812
0.045235
0.030329
0.073761
0.075416
0.037386
0.111114
0.108609
0.061591
0.034598
0.093135
0.039844
0.069974
0.005531
0.020046
0.076243
0.054791
0.030058
0.106677
0.076473
0.029624
0.004853
0.055844
0.109371
0.076190
0.029427
0.098513
0.068453
0.054060
0.031461
0.004788
0.088674
0.034803
0.039478
0.101246
0.065832
0.005050
0.107991
0.096481
0.062551
0.034528
0.090445
0.005421
0.068284
0.037181
0.005149
0.111301
0.095587
0.065638
0.005050
0.117779
0.004575
0.093463
0.064957
0.056964
0.012012
0.100921
0.087250
0.066870
0.033822
0.061645
0.090110
0.065260
0.046669
0.020645
0.111380
0.039461
0.059432
0.051378
0.005265
0.094693
0.086567
0.055001
0.028493
0.004736
0.052972
0.104085
0.089258
0.062973
0.007166
0.112338
0.106761
0.095174
0.118394
0.039153
0.101478
0.005004
0.028144
0.098383
0.065643
0.004758
0.029337
0.109579
0.004909
0.005104
0.037689
0.005040
0.063246
0.023643
0.004766
0.005675
0.029545
0.102320
0.006586
0.041525
0.109089
0.004072
0.004909
0.233925
0.004121
0.007253
0.005597
0.007182
0.033579
0.112705
0.004557
0.049468
0.117857
0.004674
0.066318
0.004908
0.024594
0.005103
0.004657
0.054662
0.022194
0.005217
0.067517
0.038720
0.020624
0.101404
0.005199
0.035152
0.106459
0.004638
0.050461
0.031437
0.111329
0.004862
0.039895
0.004722
0.102214
0.006113
0.046732
0.029441
0.100224
0.007900
0.026351
0.096856
0.004127
0.051636
0.037396
0.520391
0.006166
0.011140
0.004987
0.048209
0.026450
0.096335
0.004956
0.004879
0.086677
0.006546
0.022547
0.027313
0.068688
0.074103
0.081309
0.076638
0.102600
0.098234
0.022598
0.031532
0.080219
0.085823
0.004915
0.004665
0.046623
0.047539
0.004887
0.004754
0.082642
0.107884
0.057671
0.108410
0.004780
0.004858
0.100952
0.005929
0.082512
0.039092
0.006495
0.057105
0.060917
0.101563
0.100964
0.027288
0.094518
0.071398
0.030131
0.094653
0.028371
0.046547
0.094986
0.104498
0.004787
0.103717
0.025347
0.063854
0.004727
0.034886
0.007802
0.104847
0.113947
0.259146
0.004622
0.032839
0.050034
0.086245
0.041943
0.074311
0.006043
0.112478
0.102403
0.098882
0.114201
0.034861
0.047203
0.048011
0.045729
0.076026
0.005012
0.033512
0.052296
0.044074
0.075493
0.092512
0.026373
0.049684
0.043831
0.057269
0.104273
0.112574
0.032779
0.005295
0.005503
0.024167
0.033437
0.033215
0.053403
0.087378
0.106065
0.005041
0.047801
0.078433
0.015036
0.004692
0.044478
0.068155
0.101679
0.111867
0.041562
0.057877
0.005262
0.004902
0.024397
0.037296
0.004807
0.120229
0.006347
0.012554
0.137406
0.071736
0.004557
0.088102
0.004639
0.150701
0.081158
0.014383
0.148361
0.060741
0.004765
0.112142
0.032574
0.144795
0.090017
0.022516
0.074202
0.004761
0.004885
0.063349
0.119005
0.004979
0.054426
0.019289
0.116616
0.026414
0.019747
0.104007
0.056620
0.014887
0.100692
0.077199
0.072113
0.059866
0.046348
0.067518
0.004793
0.049293
0.054654
0.054761
0.060205
0.075278
0.084338
0.102363
0.112658
0.104695
0.105228
0.119186
0.036318
0.115099
0.115858
0.105381
0.084814
0.083043
0.020173
0.042805
0.031435
0.024814
0.013588
0.006216
0.082985
0.103482
0.097640
0.005167
0.024836
0.034483
0.004875
0.066264
0.074075
0.082283
0.092609
0.026126
0.044600
0.060424
0.093585
0.022649
0.039744
0.061915
0.100130
0.005015
0.004770
0.064641
0.092044
0.028900
0.083686
0.106805
0.004427
0.110883
0.004617
0.026263
0.062631
0.054365
0.098049
0.104928
0.056964
0.027908
0.038963
0.074797
0.090261
0.061403
0.022340
0.035613
0.095833
0.046359
0.095791
0.040369
0.005043
0.038125
0.023994
0.092334
0.035948
0.031545
0.012130
0.055214
0.038897
0.119499
0.072619
0.004589
0.043340
0.144808
0.092487
0.083029
0.050579
0.048668
0.128055
