0.025809
0.013124
0.012121
0.016425
0.037637
0.013493
0.012579
0.012262
0.015053
0.011540
0.026395
0.017580
0.021941
0.206646
0.014555
0.017298
0.031492
0.011112
0.045998
0.011124
0.012766
0.015392
0.011934
0.013397
0.014229
0.012740
0.019741
0.011107
0.032354
0.012157
0.016320
0.022357
0.019219
0.019482
0.013392
0.046918
0.024664
0.022040
0.015154
0.010589
0.013197
0.012903
0.011172
0.014092
0.013398
0.024221
0.014154
0.013641
0.012056
0.011022
0.012488
0.011729
0.011913
0.022460
0.044612
0.019375
0.013834
0.014681
0.012136
0.013145
0.038874
0.013237
0.012976
0.016977
0.011381
0.030387
0.010595
0.019936
0.011535
0.011284
0.010677
0.010613
0.019334
0.040209
0.010214
0.014985
0.013606
0.014523
0.013490
0.012240
0.011237
0.009819
0.027370
0.015842
0.011281
0.011401
0.106423
0.018354
0.010988
0.026443
0.010406
0.011549
0.011052
0.015140
0.023964
0.011719
0.018959
0.012469
0.037676
0.021878
0.012990
0.013212
0.022465
0.019166
0.009792
0.023316
0.023911
0.034261
0.037620
0.071305
0.010324
0.011084
0.017951
0.045872
0.022534
0.013161
0.048384
0.040210
0.013481
0.021289
0.016600
0.011244
0.016529
0.014948
0.016973
0.049358
0.020078
0.048427
0.027133
0.013484
0.013567
0.021365
0.055181
0.010658
0.015604
0.016587
0.011346
0.021514
0.034780
0.013627
0.013020
0.023548
0.036925
0.013295
0.023586
0.035197
0.019864
0.014425
0.011089
0.010701
0.016444
0.024792
0.012067
0.013431
0.023587
0.013636
0.016625
0.011451
0.021644
0.026836
0.021453
0.025852
0.031963
0.023763
0.011258
0.031423
0.028066
0.011638
0.013592
0.026357
0.010840
0.067129
0.024031
0.025478
0.015745
0.017633
0.010353
0.019797
0.017994
0.010831
0.025916
0.010646
0.047383
0.022078
0.011796
0.012222
0.014688
0.033399
0.012872
0.017727
0.011979
0.017409
0.010994
0.011004
0.019049
0.026577
0.030738
0.020630
0.025627
0.012910
0.018729
0.015817
0.038910
0.012961
0.015277
0.023295
0.015051
0.011879
0.064259
0.025274
0.014071
0.028265
0.013945
0.011630
0.011789
0.051919
0.027589
0.012333
0.026991
0.011627
0.078104
0.017253
0.021072
0.011513
0.011828
0.022019
0.068383
0.014361
0.044709
0.018495
0.013858
0.011022
0.024887
0.035485
0.010915
0.035928
0.053039
0.020817
0.020225
0.113067
0.029510
0.028410
0.023092
0.019334
0.013961
0.055973
0.011805
0.012799
0.013036
0.012533
0.012525
0.034607
0.022480
0.014085
0.011168
0.039056
0.050263
0.013257
0.012352
0.017256
0.028337
0.022899
0.022968
0.026715
0.011983
0.013015
0.012254
0.044203
0.012629
0.010552
0.064176
0.020429
0.013703
0.011210
0.026950
0.017054
0.027057
0.011203
0.022190
0.040864
0.029218
0.013996
0.011904
0.012747
0.049578
0.024050
0.010877
0.010315
0.012109
0.055845
0.011461
0.025920
0.012202
0.011975
0.013977
0.012741
0.014782
0.013364
0.019377
0.011714
0.042928
0.014376
0.009483
0.011712
0.037925
0.036055
0.026188
0.016135
0.013109
0.014333
0.014075
0.015520
0.015875
0.010259
0.016456
0.017016
0.011206
0.032030
0.014523
0.010558
0.011347
0.045069
0.022178
0.012703
0.019838
0.011544
0.025144
0.035450
0.018841
0.015366
0.012642
0.039298
0.017220
0.059220
0.011386
0.013219
0.013846
0.039079
0.027321
0.011149
0.010482
0.028183
0.010402
0.011277
0.011845
0.012102
0.011047
0.014675
0.012924
0.016194
0.013367
0.281411
0.031898
0.055446
0.010289
0.012397
0.014023
0.031893
0.019212
0.026593
0.030584
0.027527
0.032057
0.023742
0.017403
0.026061
0.025828
0.025214
0.031285
0.034966
0.029633
0.031054
0.022975
0.015072
0.011657
0.042958
0.047488
0.011652
0.065551
0.038353
0.015139
0.016032
0.013489
0.016475
0.024208
0.010588
0.013225
0.011898
0.022366
0.012635
0.016907
0.018153
0.044863
0.021552
0.063144
0.011400
0.024894
0.009929
0.011664
0.010617
0.027489
0.015009
0.011498
0.180721
0.168637
0.168245
0.168949
0.012872
0.011789
0.178561
0.011987
0.178925
0.166339
0.010542
0.011393
0.178607
0.015861
0.012866
0.011880
0.010521
0.016530
0.030452
0.014435
0.011393
0.020108
0.018605
0.010751
0.013191
0.017194
0.011616
0.012340
0.011602
0.009911
0.016551
0.020427
0.056022
0.020885
0.011819
0.011443
0.016686
0.011530
0.015728
0.047915
0.010824
0.010947
0.012202
0.011453
0.020863
0.012137
0.010814
0.012300
0.011005
0.014312
0.011648
0.015727
0.017581
0.011328
0.011411
0.011339
0.014389
0.011356
0.013496
0.011563
0.051553
0.011136
0.013361
0.029036
0.010809
0.009847
0.010420
0.014738
0.023883
0.009822
0.010459
0.011296
0.012791
0.010309
0.015237
0.010598
0.010669
0.010586
0.016259
0.011777
0.020071
0.014317
0.042922
0.010590
0.037731
0.022252
0.060085
0.011157
0.018376
0.014067
0.013789
0.012164
0.017225
0.024174
0.011672
0.040922
0.025738
0.036153
0.010530
0.014442
0.030890
0.036041
0.017164
0.018039
0.010393
0.023037
0.011095
0.010649
0.030984
0.032412
0.009660
0.009676
0.029005
0.017950
0.020920
0.029288
0.015445
0.011688
0.016526
0.011176
0.020785
0.013687
0.015623
0.011504
