0.046973
0.045653
0.045469
0.047249
0.044728
0.045757
0.046652
0.045398
0.045310
0.048899
0.047968
0.045740
0.053735
0.049993
0.046684
0.045554
0.045071
0.045231
0.047080
0.048263
0.045579
0.045183
0.045702
0.047703
0.045311
0.045984
0.045634
0.045572
0.045933
0.046634
0.047830
0.045707
0.049635
0.049406
0.045435
0.045539
0.050230
0.044839
0.045065
0.045844
0.045944
0.049939
0.046712
0.046085
0.047201
0.046924
0.045737
0.046815
0.048252
0.046023
0.046555
0.046744
0.045503
0.045687
0.045550
0.046060
0.045688
0.045836
0.045341
0.046328
0.046405
0.046024
0.045498
0.052294
0.047975
0.047914
0.046046
0.044948
0.045637
0.045578
0.045411
0.045810
0.049167
0.045729
0.048070
0.046763
0.046955
0.045773
0.046032
0.052421
0.045167
0.045180
0.045549
0.045183
0.045751
0.045526
0.045041
0.044807
0.045167
0.046023
0.045570
0.048140
0.046538
0.047668
0.046840
0.046430
0.045756
0.046423
0.045509
0.050631
0.046830
0.045499
0.045482
0.045381
0.045518
0.044753
0.046244
0.045703
0.047176
0.048714
0.046352
0.045444
0.045286
0.118360
0.047183
0.060635
0.045813
0.045338
0.045317
0.050931
0.046238
0.045944
0.046049
0.045692
0.046182
0.052445
0.046001
0.045472
0.045387
0.045840
0.045309
0.046341
0.044959
0.046492
0.046951
0.045444
0.046562
0.047726
0.045479
0.045632
0.045584
0.045533
0.046172
0.047655
0.045664
0.047245
0.045491
0.047723
0.049662
0.045888
0.047058
0.046699
0.045464
0.046108
0.046702
0.045658
0.045585
0.047050
0.049936
0.047397
0.045438
0.045163
0.046071
0.046362
0.045742
0.045950
0.045144
0.046661
0.051810
0.046291
0.045889
0.044476
0.044916
0.047485
0.045776
0.045835
0.047586
0.048040
0.047256
0.050011
0.044783
0.046078
0.046126
0.047109
0.046964
0.045881
0.045542
0.051292
0.045335
0.047205
0.046820
0.046833
0.050709
0.048748
0.049420
0.045581
0.048116
0.055171
0.074241
0.048414
0.047541
0.046122
0.045760
0.046118
0.045885
0.045404
0.045641
0.045268
0.048644
0.045612
0.048601
0.046525
0.045303
0.046357
0.046315
0.044294
0.045192
0.045659
0.045649
0.052526
0.047519
0.046890
0.045621
0.047134
0.045683
0.046515
0.049506
0.044261
0.045196
0.045001
0.045515
0.045316
0.044465
0.045804
0.045500
0.045721
0.048966
0.050168
0.046282
0.045484
0.046623
0.045674
0.048833
0.047995
0.049297
0.047104
0.046727
0.046424
0.049361
0.048918
0.046232
0.129119
0.047831
0.045409
0.046788
0.047519
0.046709
0.047246
0.046938
0.047125
0.046844
0.051184
0.044998
0.046267
0.045271
0.045499
0.046717
0.048607
0.045520
0.047124
0.045736
0.049035
0.047401
0.048534
0.046941
0.049648
0.046364
0.046886
0.046584
0.046545
0.045391
0.046205
0.047672
0.046684
0.047556
0.045619
0.048575
0.049361
0.047632
0.046085
0.045889
0.048176
0.055009
0.045677
0.046581
0.044943
0.048248
0.046526
0.046743
0.045332
0.045707
0.048266
0.045761
0.005037
0.045218
0.045170
0.049693
0.045329
0.045488
0.045701
0.004505
0.048678
0.045591
0.046094
0.046210
0.049046
0.045509
0.046420
0.049743
0.045505
0.045439
0.046458
0.048440
0.044960
0.045526
0.045660
0.054077
0.046659
0.046014
0.044779
0.045808
0.135809
0.045225
0.045070
0.045171
0.044529
0.045301
0.045713
0.045770
0.047001
0.045716
0.045019
0.046055
0.046628
0.044987
0.045595
0.045584
0.045450
0.045495
0.051771
0.048342
0.047764
0.044943
0.045542
0.045521
0.047259
0.047210
0.048101
0.045072
0.045562
0.045832
0.049252
0.051449
0.046813
0.045751
0.046127
0.045483
0.045750
0.047469
0.053488
0.046917
0.046329
0.047613
0.049425
0.047309
0.046677
0.046711
0.045306
0.045851
0.045909
0.047169
0.047956
0.045210
0.045389
0.047308
0.045400
0.051893
0.046863
0.046445
0.046209
0.045564
0.046427
0.046644
0.045855
0.045506
0.045901
0.046223
0.044958
0.054054
0.048729
0.046329
0.046281
0.046059
0.046591
0.045143
0.045559
0.045350
0.045602
0.045089
0.048273
0.046465
0.045836
0.047300
0.047334
0.045140
0.045227
0.045686
0.048385
0.045557
0.045470
0.045276
0.045680
0.046532
0.045471
0.047186
0.046931
0.044877
0.045322
0.045564
0.045554
0.047119
0.045776
0.046512
0.045857
0.045668
0.046181
0.048642
0.049748
0.088047
0.045358
0.004983
0.045704
0.052344
0.045883
0.050297
0.048375
0.050328
0.045711
0.048080
0.045880
0.045639
0.047127
0.045744
0.046098
0.046462
0.045755
0.045815
0.048890
0.048482
0.047051
0.045845
0.045536
0.046382
0.046371
0.045770
0.045864
0.045664
0.048413
0.083299
0.047968
0.049611
0.047982
0.047118
0.045612
0.044980
0.049409
0.047773
0.049625
0.093645
0.079817
0.045719
0.045770
0.056002
0.045796
0.046810
0.045313
0.050859
0.051492
0.047440
0.044911
0.045341
0.046929
0.047592
0.044993
0.045867
0.045313
0.045842
0.049381
0.047761
0.045771
0.046776
0.046220
0.045434
0.045383
0.045803
0.046476
0.045089
0.045780
0.046574
0.046612
0.046073
0.045862
0.046137
0.045698
0.046053
0.044789
0.047645
0.047898
0.045287
0.046334
0.045843
0.045614
0.045002
0.046778
0.048600
0.047476
0.047879
0.046899
0.047144
0.046511
0.049505
0.045662
0.046571
0.045786
0.046191
0.046549
0.048368
0.045387
0.046629
0.045606
0.048536
0.045794
0.046620
0.046363
0.045062
0.046272
0.045785
0.050585
0.049253
0.045386
0.251270
0.045014
0.048133
0.057953
0.044830
0.044993
0.047124
0.044293
0.045908
0.046746
0.045558
0.045710
0.046994
0.045534
0.044653
0.058469
0.048951
0.045882
0.048010
0.045267
0.046776
0.049419
0.046639
0.045733
0.046150
0.046567
0.046798
0.045869
0.046926
0.044436
0.047284
0.046112
0.049783
0.045415
0.045459
0.045488
0.050425
0.045598
0.045837
0.094674
0.050888
0.047782
0.045312
0.046553
0.045453
0.045631
0.047008
0.051643
0.046760
0.045453
0.050447
0.046759
0.044571
0.045377
0.046575
0.053674
0.047064
0.046111
0.045009
0.045570
0.045694
0.045733
0.047399
0.046359
0.046443
0.045036
0.050830
0.046986
0.047512
0.044606
0.050172
0.045774
0.048603
0.047010
0.046328
0.045476
0.048040
0.049590
0.046555
0.049351
0.047037
0.046411
0.047171
0.046595
0.045255
0.052534
0.049200
0.046212
0.045241
0.045589
0.048335
0.047363
0.045399
0.046833
0.047671
0.045270
0.046265
0.046565
0.045406
0.045480
0.049474
0.048158
0.046021
0.048547
0.044937
0.044474
0.046604
0.049764
0.045062
0.046479
0.045984
0.045531
0.045346
0.045692
0.045376
0.044636
0.045733
0.045595
0.046467
0.045633
0.045323
0.044830
0.046188
0.045418
0.046316
0.046883
0.046229
0.045575
0.049820
0.048674
0.046188
0.046898
0.045419
0.050726
0.045231
0.046962
0.049159
0.044541
0.049654
0.046112
0.045374
0.059675
0.047142
0.045628
0.045070
0.045694
0.048510
0.044647
0.045087
0.046650
0.051898
0.045175
0.046503
0.045894
0.046681
0.049678
0.050590
0.046287
0.045501
0.045405
0.045504
0.045382
0.047059
0.051786
0.046077
0.046218
0.047351
0.045028
0.045836
0.050684
0.077546
0.080133
0.047614
0.045299
0.047625
0.047446
0.066086
0.050532
0.047965
0.045952
0.047059
0.005295
0.045212
0.046255
0.048150
0.045295
0.045672
0.047251
0.046622
0.046382
0.045955
0.045401
0.046269
0.048083
0.046606
0.045465
0.045618
0.045643
0.045170
0.045378
0.056406
0.049656
0.045849
0.045329
0.045678
0.044903
0.046391
0.047224
0.045594
0.045679
0.045532
0.045497
0.045504
0.045692
0.045675
0.045658
0.045408
0.046823
0.045296
0.047952
0.047260
0.047540
0.051308
0.045930
0.045706
0.047540
0.049052
0.045972
0.044733
0.049704
0.044991
0.046260
0.046271
0.045658
0.046141
0.046403
0.045579
0.046545
0.046307
0.048045
0.048672
0.046043
0.044850
0.045949
0.046229
0.045204
0.045849
0.045011
0.045149
0.045449
0.045744
0.045911
0.048218
0.048321
0.044201
0.044005
0.045057
0.045856
0.044704
0.045211
0.045273
0.046146
0.045397
0.045835
0.048165
0.045284
0.045130
0.045199
0.045102
0.045502
0.045222
0.045848
0.049421
0.047503
0.046207
0.048078
0.046308
0.046831
0.047258
0.045158
0.045503
0.045953
0.045192
0.045763
0.045439
0.048380
0.046287
0.045832
0.043919
0.045659
0.046359
0.046215
0.045433
0.044931
0.045155
0.045523
0.047113
0.046298
0.045371
0.045392
0.045554
0.045540
0.045230
0.047472
0.045510
0.045082
0.047305
0.046661
0.047032
0.049678
0.045142
0.045151
0.045349
0.046003
0.045261
0.046528
0.046213
0.045094
0.044970
0.045164
0.044739
0.045247
0.047002
0.044209
0.045497
0.045261
0.045728
0.045375
0.045311
0.046246
0.044541
0.045489
0.046384
0.046222
0.045119
0.044858
0.044803
0.045954
0.049269
0.045567
0.044178
0.046497
0.047462
0.045275
0.046513
0.046911
0.046725
0.046998
0.045116
0.047048
0.045293
0.046303
0.046463
0.045944
0.045287
0.045032
0.044666
0.046141
0.050313
0.045419
0.045038
0.045175
0.046085
0.047835
0.051941
0.045914
0.045612
0.049834
0.050660
0.045837
0.045349
0.047716
0.045679
0.045555
0.045394
0.045498
0.044867
0.045888
0.047815
0.046227
0.046080
0.045158
0.047871
0.044460
0.045586
0.045692
0.046616
0.045576
0.045510
0.046222
0.044592
0.045676
0.045818
0.045604
0.045800
0.044438
0.045638
0.046370
0.047799
0.045583
0.047795
0.045705
0.047573
0.045837
0.049467
0.048655
0.047226
0.061166
0.045325
0.045833
0.044680
0.044469
0.047934
0.048353
0.050011
0.046764
0.045542
0.045585
0.046832
0.045982
0.045842
0.049300
0.045869
0.047780
0.045335
0.046525
0.051057
0.045405
0.045321
0.044900
0.045574
0.045391
0.047998
0.053054
0.048893
0.048869
0.046594
0.045766
0.046277
0.046305
0.045400
0.045541
0.048564
0.047079
0.045651
0.047306
0.044747
0.045592
0.045750
0.046291
0.048976
0.047521
0.045227
0.049458
0.045275
0.048411
0.045884
0.045772
0.045437
0.045970
0.045635
0.047794
0.044714
0.044882
0.047141
0.045990
0.045554
0.047434
0.045454
0.045503
0.045483
0.046266
0.045636
0.045355
0.047936
0.046191
0.045128
0.045643
0.045748
0.046002
0.046567
0.046272
0.048627
0.044858
0.046369
0.046573
0.045465
0.046539
0.045096
0.046640
0.045280
0.045663
0.045606
0.047182
0.046649
0.045600
0.045781
0.047602
0.045266
0.047578
0.045245
0.046655
0.045801
0.086771
0.048578
0.045465
0.045386
0.046521
0.046681
0.045202
0.046298
0.045274
0.046183
0.044824
0.045491
0.048133
0.046234
0.045765
0.050127
0.047275
0.045646
0.045873
0.045397
0.048815
0.045365
0.045605
0.045258
0.045641
0.046665
0.045511
0.045881
0.046101
0.045141
0.045785
0.045712
0.045897
0.045285
0.046817
0.045412
0.045696
0.045490
0.044984
0.045558
0.045560
0.045713
0.045088
0.045913
0.047626
0.049594
0.045686
0.045808
0.048642
0.048479
0.045288
0.047366
0.047279
0.047995
0.124251
0.046335
0.045848
0.046570
0.045648
0.047828
0.045291
0.047251
0.047698
0.045620
0.045862
0.045342
0.046315
0.048103
0.046787
0.046228
0.045338
0.046224
0.046271
0.045309
0.045396
0.045660
0.045733
0.046342
0.047447
0.045043
0.051089
0.050003
0.046313
0.046734
0.047671
0.045719
0.045432
0.045466
0.047007
0.050143
0.045637
0.045165
0.049435
0.045700
0.045245
0.046261
0.045593
0.045939
0.045810
0.045340
0.114100
0.060229
0.045862
0.046240
0.045796
0.048521
0.046048
0.047198
0.045212
0.045684
0.046413
0.045512
0.046152
0.045687
0.046376
0.045791
0.047222
0.044839
0.049335
0.047812
0.045674
0.046500
0.045230
0.048848
0.046303
0.046848
0.045410
0.045511
0.046815
0.046421
0.046262
0.046670
0.046036
0.045793
0.047804
0.048041
0.045485
0.046724
0.045284
0.046363
0.045256
0.048487
0.045834
0.047375
0.045691
0.046512
0.046299
0.048152
0.046196
0.050376
0.048273
0.046531
0.046516
0.047132
0.045554
0.045630
0.045145
0.046077
0.045679
0.046847
0.046306
0.046434
0.046436
0.044921
0.045371
0.045239
0.044548
0.044321
0.049132
0.047612
0.044204
0.045484
0.045447
0.043945
0.044709
0.045423
0.045606
0.047494
0.045775
0.047564
0.045906
0.045699
0.046189
0.046249
0.045643
0.046010
0.046624
0.047012
0.050055
0.049152
0.045710
0.045990
0.045138
0.045674
0.046235
0.049426
0.045405
0.045578
0.046339
0.046116
0.045465
0.045958
0.046490
0.045735
0.045924
0.046252
0.045475
0.045285
0.046137
0.045871
0.045704
0.045091
0.047299
0.046039
0.045122
0.048988
0.050015
0.045291
0.045979
0.044803
0.045064
0.046511
0.045994
0.047926
0.045273
0.047054
0.046716
0.044871
0.046008
0.044665
0.045195
0.045228
0.045284
0.045089
0.047499
0.045475
0.045084
0.045908
0.004906
0.045210
0.045402
0.045489
0.046917
0.046083
0.045218
0.045349
0.045363
0.004927
0.045601
0.049925
0.006031
0.045963
0.045369
0.004425
0.045967
0.045596
0.045871
0.045384
0.044856
0.045274
0.044558
0.045797
0.045972
0.046765
0.045529
0.046247
0.049356
0.045150
0.045237
0.046305
0.045881
0.046322
0.045691
0.045768
0.045362
0.045225
0.045539
0.045386
0.045379
0.045163
0.046977
0.045243
0.046440
0.046177
0.048855
0.045532
0.048744
0.051224
0.045264
0.045748
0.047327
0.045429
0.049967
0.047585
0.045063
0.045350
0.044211
0.046237
0.050390
0.047873
0.046424
0.047842
0.045449
0.044963
0.045429
0.045728
0.047853
0.045227
0.046281
0.045327
0.045534
0.045769
0.047308
0.045105
0.045249
0.045234
0.044845
0.046535
0.045621
0.046043
0.045840
0.045987
0.044990
0.045253
0.044622
0.045850
0.046037
0.044778
0.045495
0.046340
0.045874
0.044800
0.045344
0.044679
0.045149
0.045832
0.045175
0.051614
0.046593
0.046001
0.044790
0.044534
0.045605
0.045929
0.045689
0.045730
0.048689
0.048981
0.046270
0.045830
0.046225
0.045666
0.045457
0.045971
0.044663
0.044500
0.044737
0.048227
0.044958
0.045376
0.045811
0.048288
0.044828
0.044718
0.046762
0.046046
0.045361
0.044907
0.045819
0.047321
0.045324
0.044301
0.046080
0.045906
0.047533
0.046073
0.045830
0.049752
0.046254
0.044640
0.045957
0.046391
0.046612
0.045230
0.047029
0.045672
0.044816
0.048120
0.045635
0.045359
0.045431
0.047329
0.046795
0.045857
0.046471
0.046272
0.044779
0.048426
0.045932
0.046461
0.048994
0.045593
0.045735
0.044693
0.047224
0.047565
0.047873
0.045791
0.045970
0.045424
0.046592
0.044977
0.045606
0.045578
0.045723
0.046251
0.049653
0.045172
0.045416
0.045413
0.046041
0.045011
0.045362
0.047449
0.045996
0.045864
0.045072
0.045678
0.045017
0.046257
0.047068
0.045407
0.049979
0.045741
0.045688
0.044481
0.045953
0.046242
0.048367
0.045259
0.044436
0.045667
0.045198
0.045414
0.051674
0.050655
0.045100
0.045938
0.045645
0.045995
0.045172
0.046663
0.046499
0.045497
0.046205
0.045487
0.046186
0.046293
0.045570
0.045669
0.045260
0.044783
0.045375
0.044460
0.047464
0.045572
0.045687
0.044794
0.044721
0.045168
0.045427
0.045427
0.050672
0.045760
0.044908
0.045390
0.045407
0.046248
0.045493
0.044741
0.044633
0.049304
0.046822
0.045890
0.048539
0.045816
0.046331
0.046575
0.045610
0.044986
0.045282
0.046789
0.045827
0.045483
0.051711
0.048558
0.044644
0.046035
0.045426
0.044590
0.045706
0.045337
0.061374
0.046447
0.004402
0.047069
0.045431
0.046298
0.044590
0.048372
0.046426
0.045971
0.046282
0.045177
0.046528
0.049725
0.046453
0.045168
0.048607
0.045818
0.047486
0.045515
0.045474
0.045557
0.045045
0.046402
0.045247
0.046440
0.044653
0.048811
0.050073
0.046828
0.045573
0.044468
0.045020
0.045605
0.045947
0.045440
0.045442
0.045854
0.045389
0.044101
0.050280
0.050933
0.052744
0.044777
0.044633
0.045141
0.044703
0.044523
0.045952
0.046532
0.045607
0.054481
0.048835
0.058335
0.045293
0.115358
0.048359
0.045793
0.048477
0.047580
0.046201
0.045090
0.046067
0.045953
0.046657
0.045822
0.045323
0.045303
0.045634
0.045933
0.045465
0.045733
0.046144
0.046413
0.044819
0.045645
0.045959
0.045813
0.045147
0.045190
0.045176
0.045444
0.045265
0.046351
0.045736
0.045933
0.044824
0.046672
0.045549
0.046602
0.045796
0.045458
0.045973
0.045184
0.045905
0.044910
0.045275
0.046068
0.048324
0.045449
0.045387
0.048029
0.047944
0.045506
0.046113
0.046268
0.046361
0.046659
0.046479
0.047392
0.045350
0.045514
0.046705
0.052989
0.046456
0.047832
0.044881
0.045265
0.045098
0.045065
0.050721
0.045025
0.046653
0.045903
0.046338
0.049238
0.045423
0.056109
0.048574
0.046619
0.044969
0.049116
0.045525
0.045238
0.046063
0.045324
0.045298
0.046698
0.045156
0.045163
0.046290
0.046529
0.045984
0.045612
0.044609
0.045249
0.046550
0.045417
0.046303
0.045206
0.048220
0.047654
0.045541
0.046634
0.046926
0.045472
0.045274
0.045269
0.045186
0.055268
0.046207
0.045210
0.045490
0.046589
0.045642
0.046512
0.045491
0.046394
0.046649
0.045522
0.043994
0.045122
0.045479
0.045915
0.046221
0.045242
0.050099
0.045366
0.047039
0.045070
0.046199
0.045261
0.045281
0.046132
0.045806
0.046175
0.045113
0.048822
0.045698
0.045020
0.045909
0.045307
0.044941
0.046107
0.046397
0.046478
0.046507
0.045935
0.045412
0.045644
0.045410
0.045506
0.045562
0.045087
0.046935
0.045255
0.045362
0.045382
0.046259
0.044695
0.050802
0.045224
0.045172
0.045124
0.045106
0.045320
0.045742
0.045587
0.045248
0.045283
0.045132
0.045773
0.047235
0.122741
0.048447
0.044594
0.045241
0.047727
0.045557
0.045440
0.045930
0.045394
0.045298
0.046286
0.045047
0.044855
0.047620
0.046310
0.045301
0.046102
0.066860
0.047544
0.054226
0.046334
0.088999
0.084635
0.045081
0.044740
0.046605
0.049760
0.046755
0.045575
0.046087
0.046085
0.049972
0.045174
0.045751
0.045000
0.045045
0.045749
0.045274
0.059951
0.045363
0.046553
0.045071
0.045214
0.046458
0.047029
0.046595
0.047154
0.045652
0.045508
0.048768
0.045965
0.045692
0.045510
0.045909
0.045464
0.044629
0.044847
0.046622
0.045586
0.045726
0.045586
0.044852
0.046107
0.045403
0.045585
0.045693
0.044723
0.045730
0.046352
0.045519
0.046792
0.047628
0.045283
0.045859
0.045565
0.048835
0.046281
0.045566
0.046370
0.045585
0.045848
0.044906
0.046407
0.046806
0.045749
0.046791
0.047005
0.045694
0.045706
0.046728
0.044431
0.045249
0.046620
0.045607
0.047879
0.045836
0.045768
0.047022
0.047328
0.045046
0.046672
0.045849
0.045731
0.046785
0.045676
0.045682
0.044750
0.045630
0.047530
0.045531
0.045985
0.045789
0.045671
0.046150
0.045046
0.045097
0.045747
0.044989
0.046927
0.045380
0.045501
0.047008
0.045406
0.045927
0.046905
0.046398
0.045981
0.044845
0.045954
0.048525
0.045746
0.047271
0.046669
0.046044
0.049240
0.046336
0.047538
0.046402
0.048160
0.045550
0.045472
0.046000
0.045282
0.048525
0.053387
0.048706
0.044685
0.047202
0.046040
0.006756
0.045485
0.045650
0.045644
0.045828
0.044607
0.046090
0.045127
0.045458
0.046065
0.008112
0.046829
0.052136
0.020456
0.046258
0.049716
0.045450
0.049475
0.045491
0.044872
0.045594
0.045592
0.045930
0.048022
0.049480
0.044456
0.047456
0.045524
0.049324
0.046834
0.045836
0.049525
0.045723
0.046596
0.044465
0.046625
0.045986
0.045510
0.044526
0.046691
0.045635
0.045766
0.045120
0.046788
0.045729
0.049456
0.046336
0.045559
0.046040
0.045375
0.045467
0.045465
0.044693
0.045470
0.044556
0.044707
0.046156
0.045694
0.043718
0.046743
0.045826
0.045771
0.045281
0.044614
0.046055
0.045977
0.045690
0.046183
0.047426
0.047134
0.049402
0.045793
0.045796
0.045391
0.045664
0.049744
0.045557
0.045569
0.045496
0.046486
0.045743
0.047284
0.046447
0.047833
0.057303
0.045219
0.046255
0.058677
0.047479
0.048464
0.047843
0.045675
0.050110
0.048758
0.046967
0.046872
0.048839
0.045620
0.047628
0.045772
0.046363
0.047821
0.045576
0.045739
0.047399
0.056820
0.045712
0.045494
0.046703
0.006555
0.046684
0.046002
0.045458
0.044840
0.048380
0.046184
0.048352
0.045567
0.046267
0.050879
0.046352
0.045515
0.046790
0.046999
0.046049
0.044323
0.045434
0.046014
0.050673
0.046834
0.045615
0.045458
0.047093
0.048236
0.045784
0.046374
0.045211
0.004940
0.046101
0.046304
0.044760
0.046931
0.086598
0.173808
0.174776
0.044597
0.046402
0.045819
0.046561
0.046556
0.047605
0.046081
0.045276
0.047505
0.046553
0.046376
0.046795
0.045542
0.045663
0.045420
0.045180
0.046352
0.046638
0.049604
0.049824
0.045984
0.046601
0.045820
0.046436
0.046149
0.049129
0.046092
0.045888
0.045938
0.046393
0.046603
0.053224
0.045443
0.047809
0.045059
0.050025
0.047720
0.045515
0.045945
0.045766
0.045726
0.045782
0.045978
0.046360
0.046023
0.048742
0.045630
0.046020
0.047194
0.046389
0.046092
0.045777
0.044991
0.045859
0.047232
0.046567
0.045203
0.046224
0.046219
0.045578
0.046869
0.045714
0.046258
0.045554
0.045485
0.045904
0.046650
0.045600
0.045684
0.046230
0.046273
0.049692
0.046701
0.053941
0.051176
0.045613
0.046079
0.045935
0.045583
0.046010
0.045453
0.045059
0.045965
0.046601
0.045270
0.048633
0.054498
0.045218
0.045067
0.045535
0.046253
0.047530
0.045873
0.045108
0.045366
0.045319
0.046228
0.045614
0.046114
0.046984
0.046239
0.044944
0.045570
0.046979
0.045884
0.046803
0.045919
0.049496
0.046344
0.045361
0.049253
0.224353
0.045153
0.045527
0.045690
0.045561
0.046752
0.045439
0.045153
0.045423
0.046221
0.045244
0.050472
0.047422
0.045267
0.047151
0.045427
0.046487
0.046629
0.050207
0.045787
0.045984
0.047793
0.046651
0.045173
0.045813
0.046040
0.044987
0.044676
0.045200
0.048004
0.045888
0.046110
0.045571
0.046039
0.045602
0.046423
0.044017
0.045498
0.046381
0.045784
0.045394
0.044514
0.046178
0.045408
0.046282
0.046614
0.054553
0.045221
0.046581
0.046394
0.045027
0.049220
0.047847
0.046514
0.045173
0.045122
0.046169
0.045245
0.045543
0.045136
0.045716
0.045661
0.044330
0.045054
0.046646
0.044725
0.046230
0.044699
0.047171
0.045076
0.045547
0.045453
0.045191
0.045477
0.049297
0.047876
0.045163
0.046378
0.045156
0.045274
0.045177
0.045814
0.045582
0.045456
0.044992
0.046398
0.045621
0.045242
0.045735
0.046870
0.045045
0.044779
0.045657
0.045829
0.045896
0.046462
0.045563
0.045471
0.045559
0.044895
0.045831
0.045975
0.044816
0.045218
0.049333
0.049755
0.051681
0.085350
0.045302
0.044925
0.045630
0.045319
0.061218
0.079515
0.082517
0.062182
0.044470
0.046151
0.049754
0.045284
0.046879
0.047571
0.045490
0.045805
0.046363
0.045855
0.049512
0.045657
0.044904
0.044591
0.048175
0.047967
0.045787
0.060372
0.056242
0.045257
0.045733
0.047988
0.045659
0.046198
0.047730
0.044566
0.047548
0.045560
0.046264
0.046279
0.045079
0.044487
0.047710
0.046906
0.045855
0.045565
0.044613
0.045306
0.045570
0.045489
0.047706
0.046500
0.045293
0.044658
0.045756
0.048460
0.045406
0.046441
0.045582
0.048021
0.044809
0.045601
0.045547
0.049275
0.045932
0.044722
0.045400
0.046178
0.045820
0.047355
0.005574
0.045558
0.044782
0.044592
0.049421
0.045891
0.046877
0.045689
0.045466
0.045997
0.045444
0.045476
0.046365
0.044665
0.045745
0.045606
0.045855
0.046375
0.045675
0.044732
0.047253
0.045062
0.007524
0.046130
0.047407
0.045777
0.044941
0.045720
0.045521
0.049783
0.045208
0.045310
0.046060
0.048738
0.046557
0.045616
0.045899
0.045351
0.045391
0.049971
0.046224
0.048789
0.044807
0.046030
0.045487
0.045622
0.045356
0.046996
0.044567
0.045327
0.046321
0.046470
0.045495
0.044487
0.045352
0.045787
0.045652
0.044767
0.102571
0.048416
0.045757
0.045644
0.045663
0.045501
0.050173
0.045802
0.046522
0.046636
0.046886
0.047115
