0.004777
0.004699
0.004273
0.004792
0.004299
0.004270
0.004952
0.004658
0.004940
0.004673
0.005763
0.005494
0.004337
0.004171
0.005996
0.004307
0.004654
0.004457
0.004316
0.004359
0.004562
0.004230
0.011224
0.007607
0.004888
0.006716
0.005699
0.004376
0.008051
0.004104
0.004165
0.005158
0.004910
0.007389
0.006516
0.004892
0.004285
0.004080
0.005674
0.004595
0.004604
0.006155
0.004698
0.003941
0.004394
0.004236
0.005001
0.004192
0.005802
0.003986
0.008929
0.004395
0.004754
0.004582
0.004775
0.004344
0.012865
0.005913
0.004793
0.005743
0.004579
0.003872
0.005560
0.004105
0.004110
0.004336
0.004086
0.004068
0.004453
0.004892
0.005138
0.004386
0.004674
0.004792
0.010633
0.004749
0.004804
0.004520
0.004252
0.005932
0.005633
0.004340
0.004238
0.036381
0.005026
0.005536
0.004156
0.008698
0.004377
0.005603
0.004094
0.004450
0.004334
0.005434
0.004751
0.004269
0.004567
0.004517
0.004948
0.004178
0.004087
0.005555
0.003839
0.003928
0.004027
0.004204
0.006060
0.004309
0.004841
0.004950
0.004361
0.004574
0.004745
0.009125
0.004082
0.004049
0.009045
0.005038
0.004845
0.006087
0.005965
0.003917
0.004476
0.004635
0.004689
0.004945
0.006351
0.010365
0.005601
0.004824
0.005963
0.004962
0.004139
0.003560
0.004735
0.005663
0.005346
0.006105
0.004328
0.003595
0.005948
0.004175
0.005494
0.004277
0.006534
0.003975
0.004405
0.004840
0.009928
0.005501
0.004307
0.003993
0.004449
0.006067
0.004171
0.005661
0.004401
0.004883
0.009875
0.004613
0.005072
0.005501
0.004158
0.004040
0.004391
0.004433
0.004465
0.004309
0.005944
0.004294
0.004216
0.004222
0.004616
0.004280
0.005064
0.004819
0.004767
0.005461
0.005028
0.004843
0.004030
0.004267
0.004396
0.005795
0.004290
0.004160
0.004770
0.004823
0.005096
0.004876
0.004432
0.004801
0.005235
0.004894
0.004650
0.004693
0.004761
0.004820
0.004501
0.004397
0.004328
0.004474
0.004819
0.004410
0.004972
0.005045
0.005691
0.005280
0.004875
0.004440
0.004686
0.004839
0.004256
0.004936
0.005235
0.004608
0.005115
0.004732
0.005666
0.005068
0.005315
0.004488
0.004562
0.004680
0.005014
0.005050
0.005535
0.004626
0.005812
0.005038
0.005098
0.004681
0.004663
0.004933
0.005143
0.004245
0.004504
0.004318
0.004657
0.004708
0.006315
0.018955
0.004888
0.004709
0.004856
0.004709
0.004339
0.004463
0.004488
0.005105
0.004688
0.004689
0.004803
0.005063
0.005268
0.004631
0.009622
0.004176
0.004122
0.004729
0.004552
0.004798
0.005064
0.004046
0.004627
0.004873
0.005139
0.004706
0.004696
0.004926
0.004731
0.004563
0.004985
0.004672
0.004781
0.004645
0.004505
0.004997
0.004967
0.004892
0.004434
0.004560
0.004712
0.004482
0.006670
0.028677
0.004930
0.005854
0.004781
0.004621
0.004807
0.004749
0.004556
0.004799
0.004585
0.004820
0.005125
0.004424
0.004626
0.005077
0.004329
0.004520
0.003763
0.004107
0.004069
0.004776
0.004612
0.004749
0.005057
0.004747
0.004696
0.004263
0.007567
0.004196
0.005029
0.004408
0.004033
0.004135
0.004171
0.005987
0.004135
0.004594
0.005849
0.004374
0.004100
0.004925
0.004846
0.004698
0.004903
0.004929
0.004517
0.004065
0.005232
0.004259
0.004299
0.005760
0.004860
0.004925
0.004821
0.004191
0.004398
0.004024
0.004181
0.004336
0.011056
0.004795
0.005158
0.005028
0.005373
0.004291
0.004407
0.003579
0.004681
0.003950
0.004116
0.004243
0.004332
0.004128
0.003420
0.004532
0.004924
0.004387
0.004519
0.004045
0.004448
0.004080
0.004248
0.003926
0.004339
0.004225
0.003900
0.004487
0.004314
0.004957
0.005297
0.005829
0.007917
0.004604
0.004877
0.004662
0.004779
0.008691
0.005143
0.004795
0.006086
0.004589
0.005081
0.004131
0.004295
0.003259
0.004780
0.004163
0.004242
0.004328
0.006063
0.004311
0.004025
0.004254
0.004235
0.004284
0.003579
0.005222
0.004453
0.004582
0.004845
0.006312
0.004884
0.004949
0.004799
0.004503
0.004841
0.004501
0.005324
0.004685
0.004259
0.004847
0.004589
0.004745
0.004842
0.004561
0.004666
0.004818
0.004896
0.004228
0.004201
0.004928
0.004690
0.004409
0.004850
0.005068
0.005811
0.004664
0.004956
0.004481
0.004198
0.004748
0.004171
0.004721
0.005154
0.005158
0.004756
0.004975
0.004957
0.004071
0.004849
0.004694
0.005069
0.004390
0.004644
0.005279
0.004537
0.004949
0.004827
0.004663
0.004614
0.004731
0.004809
0.004715
0.004842
0.010295
0.004107
0.004795
0.005437
0.004939
0.004585
0.004710
0.004342
0.004060
0.004127
0.004258
0.004328
0.004141
0.003786
0.004194
0.004844
0.005002
0.004235
0.004872
0.004890
0.004069
0.005179
0.004202
0.006752
0.003866
0.004373
0.004880
0.004110
0.018333
0.004640
0.004818
0.005486
0.006838
0.008479
0.004392
0.009604
0.004135
0.004814
0.004338
0.004285
0.004150
0.004151
0.004421
0.004278
0.004429
0.004300
0.005162
0.004658
0.003864
0.004373
0.004179
0.004656
0.004517
0.004310
0.004267
0.004839
0.004816
0.004363
0.011113
0.005904
0.004025
0.004927
0.004123
0.004089
0.004795
0.004732
0.004939
0.010365
