0.011076
0.005264
0.003827
0.005655
0.016343
0.005726
0.004516
0.004398
0.005326
0.003727
0.013982
0.004622
0.004274
0.005070
0.006292
0.004589
0.011240
0.003868
0.004293
0.004329
0.004473
0.004179
0.006467
0.006805
0.005209
0.005634
0.011385
0.004166
0.004558
0.004254
0.004417
0.005157
0.004298
0.006334
0.008067
0.008126
0.003451
0.004639
0.005325
0.004407
0.008042
0.003487
0.005877
0.004440
0.003641
0.003725
0.004270
0.004697
0.004357
0.005168
0.005287
0.004902
0.005217
0.006469
0.004832
0.006000
0.004858
0.005072
0.004341
0.004718
0.003783
0.005373
0.003961
0.003985
0.004371
0.013282
0.004451
0.004516
0.005787
0.004544
0.005557
0.004141
0.004911
0.005272
0.010147
0.005178
0.006080
0.005293
0.004440
0.004583
0.006272
0.003599
0.005289
0.004604
0.004771
0.004947
0.003814
0.004349
0.004450
0.004347
0.004452
0.005670
0.004605
0.013828
0.006750
0.004159
0.004692
0.006583
0.006272
0.004427
0.004787
0.005949
0.003542
0.004323
0.004041
0.009544
0.004504
0.006681
0.005744
0.005535
0.006353
0.005433
0.005226
0.005431
0.004286
0.004655
0.009072
0.004538
0.004863
0.004923
0.005900
0.004302
0.004639
0.006000
0.005103
0.006657
0.005213
0.012789
0.005528
0.006509
0.005468
0.006924
0.009924
0.006089
0.005355
0.005940
0.005609
0.004353
0.004384
0.003984
0.003748
0.004735
0.005086
0.004371
0.006245
0.004505
0.004919
0.006363
0.014716
0.004944
0.006123
0.004323
0.006610
0.005174
0.004808
0.006309
0.005708
0.006209
0.031597
0.005982
0.005864
0.005116
0.004315
0.004264
0.004294
0.004706
0.004508
0.004440
0.005148
0.011717
0.005959
0.004337
0.004577
0.004456
0.005104
0.004940
0.006346
0.005454
0.005447
0.005189
0.011533
0.004875
0.004496
0.004619
0.004343
0.004399
0.006361
0.005423
0.005705
0.004325
0.004428
0.008938
0.004949
0.007965
0.005202
0.004809
0.006073
0.005201
0.004762
0.004439
0.004523
0.005064
0.012831
0.005241
0.005017
0.004894
0.004597
0.004898
0.006667
0.005220
0.005163
0.005161
0.009541
0.004799
0.008818
0.007079
0.005079
0.005269
0.004949
0.005581
0.005377
0.005074
0.005046
0.005512
0.008024
0.004992
0.010790
0.004377
0.004397
0.005131
0.005090
0.004114
0.004485
0.005348
0.004934
0.006314
0.005060
0.004564
0.004391
0.005161
0.004270
0.005076
0.004102
0.006580
0.004484
0.004247
0.005205
0.004713
0.004818
0.005186
0.004836
0.004934
0.005163
0.006427
0.004840
0.004861
0.011624
0.004844
0.005325
0.006460
0.005261
0.005039
0.005290
0.004575
0.005301
0.008192
0.004691
0.005107
0.006056
0.005114
0.005102
0.010293
0.005207
0.006498
0.005685
0.005052
0.006476
0.005294
0.004399
0.006240
0.005826
0.004814
0.005058
0.006321
0.004963
0.005268
0.005799
0.004952
0.005074
0.004391
0.004649
0.004234
0.005060
0.005013
0.004879
0.004860
0.005581
0.004676
0.004183
0.007180
0.005153
0.004307
0.003618
0.004327
0.004867
0.005152
0.004950
0.005117
0.004571
0.004873
0.005320
0.004442
0.014084
0.004422
0.004783
0.004534
0.005935
0.004374
0.005373
0.004209
0.005425
0.009938
0.005201
0.005281
0.005032
0.006146
0.005226
0.006202
0.004027
0.004989
0.005409
0.004351
0.005925
0.008555
0.003658
0.004894
0.004674
0.004315
0.004939
0.005353
0.005742
0.010075
0.004443
0.003662
0.010762
0.005011
0.006304
0.005585
0.005764
0.004381
0.004429
0.003573
0.004759
0.005756
0.005105
0.004625
0.004929
0.012780
0.003723
0.005276
0.004967
0.005145
0.005022
0.004945
0.005020
0.004902
0.007884
0.004393
0.004132
0.012221
0.004005
0.004632
0.005288
0.005153
0.005697
0.004400
0.005807
0.005062
0.005214
0.005158
0.005800
0.016458
0.006829
0.005053
0.006635
0.005842
0.005260
0.004307
0.004425
0.004543
0.004481
0.004499
0.005135
0.004301
0.004191
0.004515
0.005277
0.004555
0.160414
0.004402
0.003761
0.005031
0.005592
0.005450
0.005118
0.009206
0.005393
0.004280
0.004485
0.005250
0.004892
0.005536
0.005203
0.004927
0.005437
0.005317
0.004396
0.005288
0.004860
0.004961
0.005044
0.005018
0.005116
0.004612
0.005099
0.010596
0.005768
0.004404
0.004601
0.005321
0.005756
0.004825
0.003693
0.004648
0.005763
0.004904
0.010414
0.004915
0.004661
0.004280
0.005335
0.005955
0.006665
0.004747
0.004410
0.005872
0.005456
0.006657
0.005094
0.007496
0.005047
0.005062
0.005123
0.004904
0.005641
0.004846
0.006034
0.005022
0.006040
0.004761
0.004954
0.004994
0.005032
0.005143
0.006544
0.008994
0.004085
0.004374
0.004410
0.004318
0.004438
0.004362
0.005207
0.004243
0.006042
0.005766
0.004545
0.005854
0.004950
0.006368
0.004992
0.005791
0.004885
0.011373
0.006107
0.005625
0.006304
0.006910
0.004697
0.006499
0.005143
0.005093
0.007741
0.004986
0.005000
0.004660
0.005636
0.005215
0.005885
0.005850
0.008992
0.004686
0.005015
0.004372
0.004373
0.003980
0.004417
0.004925
0.010301
0.003612
0.004697
0.004692
0.004043
0.005256
0.005083
0.004647
0.006476
0.006025
0.004428
0.004403
0.004364
0.004712
0.005830
0.005235
0.005389
0.004889
0.020648
