0.009760
0.008617
0.005794
0.005601
0.005277
0.005936
0.006073
0.007049
0.006843
0.006633
0.011304
0.012405
0.009548
0.008954
0.007567
0.008310
0.006483
0.008093
0.006180
0.011406
0.006597
0.006172
0.011503
0.006959
0.008186
0.009968
0.006133
0.006959
0.008666
0.006434
0.007399
0.007273
0.005419
0.007560
0.007974
0.008164
0.006340
0.006309
0.006101
0.005807
0.009152
0.012365
0.007167
0.006810
0.005933
0.007122
0.005664
0.005865
0.010811
0.006589
0.006719
0.010992
0.006222
0.007333
0.006541
0.014035
0.005795
0.005855
0.005396
0.006247
0.006166
0.007698
0.006061
0.006293
0.008158
0.012512
0.006891
0.006753
0.006609
0.005673
0.006021
0.006762
0.011197
0.007265
0.006722
0.006941
0.007722
0.005557
0.005047
0.006921
0.008763
0.008465
0.005951
0.005661
0.006003
0.007815
0.008555
0.006545
0.005712
0.008883
0.006116
0.007228
0.005488
0.006477
0.008852
0.006585
0.006528
0.005682
0.005745
0.008209
0.009690
0.010343
0.006909
0.005747
0.007087
0.007065
0.009097
0.007594
0.005380
0.006184
0.007211
0.008036
0.011032
0.005378
0.013865
0.021692
0.008680
0.006708
0.007459
0.009190
0.008315
0.009596
0.009037
0.007947
0.006433
0.010630
0.006295
0.007297
0.007471
0.005274
0.006404
0.006690
0.006347
0.010089
0.006272
0.008323
0.007005
0.010400
0.010890
0.013417
0.008620
0.005834
0.005517
0.005600
0.008033
0.006439
0.005517
0.005660
0.006328
0.010367
0.009230
0.007591
0.008057
0.007211
0.011323
0.004989
0.007099
0.014799
0.010123
0.009921
0.006656
0.012072
0.005756
0.008424
0.008522
0.009429
0.010537
0.009820
0.008997
0.007009
0.006779
0.007683
0.007251
0.009156
0.006927
0.007316
0.007790
0.005732
0.006794
0.011722
0.008772
0.009235
0.008350
0.008954
0.007920
0.006785
0.008555
0.007010
0.011454
0.011506
0.006298
0.026686
0.007058
0.008567
0.011980
0.006713
0.016482
0.008986
0.010738
0.008039
0.008524
0.008110
0.008547
0.006007
0.009052
0.007360
0.010971
0.007475
0.006927
0.007166
0.007849
0.005758
0.008961
0.006703
0.006429
0.007096
0.011541
0.008440
0.006556
0.009484
0.008874
0.008243
0.007510
0.006758
0.009791
0.009782
0.010775
0.008318
0.010411
0.009608
0.007976
0.009386
0.010147
0.008070
0.007774
0.006912
0.006386
0.008904
0.009028
0.010979
0.006777
0.005682
0.007536
0.010351
0.006803
0.008941
0.011498
0.008139
0.007013
0.007951
0.010549
0.009057
0.009020
0.010707
0.006444
0.008274
0.013782
0.008768
0.006737
0.008659
0.007628
0.006316
0.007505
0.005586
0.007090
0.008528
0.006339
0.007420
0.014923
0.004933
0.006268
0.013206
0.007917
0.007462
0.013395
0.010559
0.007811
0.016638
0.006346
0.007820
0.009246
0.009016
0.010292
0.005841
0.006355
0.007540
0.007203
0.008566
0.009491
0.008984
0.007282
0.005950
0.008321
0.007176
0.005660
0.005985
0.007445
0.006291
0.006383
0.007554
0.009483
0.005530
0.006505
0.009181
0.009177
0.007792
0.005361
0.008683
0.005273
0.007285
0.008739
0.009836
0.005427
0.006911
0.008771
0.006257
0.007128
0.006171
0.013066
0.006359
0.009458
0.008937
0.006061
0.005960
0.006701
0.005807
0.005658
0.009452
0.008026
0.008164
0.006549
0.005802
0.005615
0.006322
0.007304
0.005446
0.008656
0.006661
0.010456
0.009390
0.006146
0.014509
0.008775
0.010735
0.006567
0.007508
0.005200
0.005128
0.005853
0.006830
0.018772
0.008565
0.007136
0.008666
0.007900
0.006866
0.006752
0.006218
0.008047
0.007799
0.007851
0.005587
0.007542
0.007395
0.007716
0.006913
0.005330
0.006213
0.007158
0.007861
0.005540
0.005629
0.005908
0.047332
0.005777
0.006774
0.006367
0.007777
0.005691
0.007858
0.009781
0.010175
0.006531
0.005945
0.006717
0.008982
0.008378
0.008068
0.007693
0.008004
0.009086
0.015248
0.008955
0.010736
0.009791
0.005747
0.008442
0.008469
0.008867
0.007299
0.005701
0.006522
0.008617
0.007336
0.005762
0.007962
0.007245
0.007948
0.007826
0.005507
0.009205
0.009682
0.010196
0.008402
0.005332
0.008860
0.006905
0.012944
0.006508
0.005439
0.005730
0.005497
0.007746
0.006419
0.006627
0.005437
0.007030
0.006838
0.007656
0.006945
0.005772
0.005575
0.006701
0.005999
0.007440
0.006607
0.005632
0.007668
0.038078
0.013697
0.006862
0.008923
0.007282
0.005700
0.010024
0.005923
0.007147
0.009039
0.006857
0.006355
0.006837
0.006452
0.007080
0.006673
0.006808
0.006119
0.013102
0.006690
0.007198
0.006350
0.006010
0.005545
0.011602
0.006213
0.006790
0.007478
0.007717
0.008168
0.006641
0.053398
0.011195
0.008642
0.010413
0.010655
0.009835
0.005912
0.008179
0.015310
0.005709
0.014300
0.025195
0.007119
0.008522
0.006352
0.005878
0.005881
0.009434
0.009654
0.009085
0.008790
0.006545
0.010002
0.010065
0.009983
0.008716
0.007285
0.006696
0.005468
0.009341
0.006856
0.009093
0.007197
0.010460
0.006389
0.008838
0.015379
0.008268
0.009973
0.015163
0.008659
0.009370
0.009467
0.010755
0.012429
0.008226
0.008690
0.011688
0.010154
0.009120
0.007012
0.009742
0.011165
0.008008
0.006254
0.007581
0.008694
0.008830
0.007895
0.007223
0.008138
0.011858
0.013412
0.005679
0.008990
0.007804
0.008303
0.006555
0.008136
0.005993
0.011491
0.007004
0.006059
0.005989
0.007979
0.005484
0.007589
0.007519
0.008550
0.005304
0.008532
0.005109
0.007270
0.005676
0.006688
0.008605
0.007881
0.006058
0.007163
0.009197
0.006534
0.007837
0.006338
0.005620
0.005661
0.005717
0.010933
0.006989
0.007340
0.008052
0.007345
0.006123
0.008582
0.009080
0.007501
0.011108
0.007837
0.006260
0.007757
0.005639
0.007325
0.008047
0.006895
0.006268
0.009604
0.011638
0.009359
0.005890
0.010000
0.005259
0.008492
0.007263
0.006200
0.011163
0.005470
0.005989
0.005995
0.009324
0.008635
0.008062
0.012751
0.013063
0.008679
0.007186
0.006721
0.007613
0.009961
0.009393
0.008489
0.008501
0.007754
0.011199
0.011746
0.008844
0.010123
0.013591
0.005760
0.013826
0.011271
0.011672
0.009322
0.008179
0.009104
0.009069
0.010616
0.009336
0.008136
0.006189
0.006615
0.007750
0.012488
0.009746
0.009303
0.006221
0.008217
0.008965
0.010881
0.010065
0.017193
0.007531
0.007620
0.009080
0.015746
0.010063
0.007135
0.009740
0.010879
0.009577
0.009254
0.008996
0.008113
0.010373
0.007890
0.009314
0.007442
0.008992
0.010006
0.007608
0.009147
0.005867
0.006921
0.006089
0.007197
0.007753
0.005203
0.007712
0.008518
0.006473
0.008575
0.018834
0.006342
0.005797
0.007037
0.006156
0.006175
0.009198
0.011836
0.010914
0.006685
0.008005
0.008100
0.006330
0.012361
0.006418
0.010457
0.006204
0.007904
0.005956
0.005187
0.011107
0.006262
0.006237
0.005848
0.005282
0.005888
0.005602
0.005696
0.005911
0.005631
0.011200
0.006182
0.005541
0.006275
0.005896
0.007596
0.009444
0.007316
0.005558
0.006379
0.008737
0.007671
0.010080
0.005611
0.010095
0.005559
0.008812
0.006260
0.005193
0.008565
0.007095
0.005967
0.007867
0.029497
0.021077
0.007097
0.007773
0.006048
0.006147
0.012167
0.007707
0.005532
0.007402
0.006981
0.008314
0.007651
0.006690
0.009115
0.006512
0.006206
0.005955
0.006496
0.005912
0.019396
0.006059
0.006151
0.006353
0.006400
0.005711
0.008039
0.012153
0.008328
0.005565
0.011895
0.005730
0.013086
0.005689
0.006208
0.005531
0.009140
0.004881
0.006957
0.005966
0.005427
0.008725
0.008108
0.005875
0.007422
0.006189
0.005815
0.008685
0.006774
0.008547
0.006433
0.006059
0.006816
0.007181
0.007041
0.008937
0.008753
0.006006
0.005936
0.006872
0.005124
0.009935
0.005428
0.005991
0.008968
0.008575
0.005496
0.006435
0.007062
0.005482
0.005834
0.007904
0.008429
0.005155
0.006371
0.005757
0.005501
0.008158
0.005577
0.005918
0.007220
0.007374
0.007722
0.008309
0.007002
0.008721
0.005814
0.009343
0.007427
0.008049
0.008214
0.005550
0.005510
0.007864
0.006876
0.009229
0.006347
0.007462
0.006735
0.007842
0.007262
0.010575
0.005719
0.007153
0.008177
0.007033
0.007687
0.006699
0.006590
0.007852
0.009605
0.006256
0.005426
0.005786
0.010842
0.007946
0.006801
0.006366
0.008899
0.005325
0.005277
0.007219
0.008745
0.005717
0.006273
0.008534
0.008834
0.006795
0.008955
0.005424
0.006639
0.005347
0.007746
0.005923
0.005174
0.006703
0.007691
0.007974
0.007753
0.008079
0.005704
0.005263
0.005907
0.006900
0.005122
0.007508
0.006593
0.008427
0.007903
0.006977
0.006363
0.008796
0.006398
0.007697
0.007398
0.005923
0.006351
0.010028
0.005797
0.012187
0.007862
0.005810
0.008551
0.007292
0.005682
0.066529
0.008065
0.005739
0.007047
0.008942
0.008966
0.009930
0.007252
0.007658
0.009596
0.007834
0.006640
0.010560
0.006914
0.007862
0.009597
0.008850
0.006425
0.006866
0.005965
0.005731
0.005526
0.010565
0.009088
0.009011
0.005743
0.006371
0.006882
0.008364
0.006931
0.009262
0.009452
0.006622
0.008221
0.007593
0.009088
0.005573
0.005861
0.008373
0.009680
0.005303
0.006397
0.006104
0.006494
0.008279
0.008358
0.007533
0.005450
0.006994
0.005923
0.009383
0.008249
0.007552
0.006822
0.010114
0.005125
0.007006
0.008641
0.007031
0.008534
0.007686
0.006484
0.007675
0.006661
0.008160
0.009437
0.005490
0.005759
0.007331
0.007323
0.010959
0.006770
0.011716
0.008238
0.005743
0.009888
0.005981
0.008903
0.009785
0.006689
0.005422
0.010105
0.006585
0.008373
0.008376
0.005661
0.005902
0.005566
0.005761
0.009553
0.005970
0.008147
0.006411
0.006203
0.005987
0.008544
0.005386
0.007840
0.005887
0.006386
0.005735
0.007488
0.007882
0.007862
0.005760
0.007019
0.006783
0.005801
0.007871
0.005772
0.006665
0.006609
0.008382
0.007723
0.007393
0.006739
0.005801
0.006529
0.006159
0.008476
0.008372
0.005466
0.005941
0.007021
0.005407
0.008469
0.006657
0.005838
0.009004
0.009448
0.006930
0.005261
0.005676
0.006491
0.006281
0.006648
0.005595
0.005712
0.005590
0.007851
0.007859
0.006109
0.007397
0.005681
0.007525
0.006680
0.006307
0.007437
0.007663
0.008143
0.005921
0.008465
0.006946
0.005892
0.006044
0.005959
0.010883
0.008213
0.005852
0.007447
0.005424
0.005408
0.005997
0.008655
0.006034
0.006418
0.006275
0.006848
0.009051
0.010421
0.007625
0.007082
0.007817
0.006179
0.005218
0.009884
0.007012
0.007538
0.006168
0.007805
0.005805
0.005699
0.006154
0.006708
0.007569
0.007948
0.005617
0.006412
0.005487
0.007393
0.006907
0.006482
0.006704
0.005745
0.007439
0.009430
0.006637
0.007602
0.007044
0.008958
0.008112
0.007464
0.008469
0.006909
0.010390
0.006201
0.007390
0.005782
0.006577
0.005337
0.006748
0.006542
0.010531
0.005848
0.005339
0.006219
0.008576
0.006611
0.005706
0.006094
0.005605
0.005520
0.005697
0.006984
0.006458
0.005449
0.008368
0.005839
0.006183
0.008887
0.006425
0.006152
0.005934
0.008464
0.005370
0.008597
0.014688
0.008793
0.006810
0.008968
0.007713
0.007019
0.005562
0.008577
0.006139
0.010173
0.006226
0.007382
0.005952
0.008390
0.006560
0.006754
0.005423
0.006610
0.006172
0.008537
0.007854
0.006784
0.007904
0.010018
0.005736
0.005512
0.006086
0.005673
0.005615
0.008828
0.005737
0.008748
0.008007
0.008844
0.005323
0.005606
0.006820
0.007135
0.006317
0.008396
0.005576
0.006126
0.007268
0.006433
0.005789
0.007436
0.006833
0.005848
0.008435
0.007645
0.007138
0.006268
0.008633
0.008515
0.005867
0.007081
0.006378
0.007297
0.006000
0.008212
0.007132
0.007949
0.007473
0.006547
0.006007
0.008486
0.007154
0.005621
0.007311
0.006440
0.008945
0.006754
0.005995
0.005623
0.005991
0.006684
0.005723
0.006107
0.006427
0.008857
0.008484
0.007006
0.006816
0.005710
0.005827
0.005464
0.007347
0.007137
0.008737
0.006628
0.005207
0.006200
0.005730
0.010298
0.009155
0.006836
0.007365
0.008563
0.007757
0.008847
0.009748
0.008637
0.006427
0.011298
0.009035
0.007822
0.006322
0.006507
0.009192
0.006226
0.011133
0.008411
0.012318
0.007143
0.006787
0.007201
0.008132
0.008828
0.007961
0.012602
0.008183
0.005600
0.006799
0.007868
0.009041
0.006789
0.008009
0.005412
0.009588
0.006214
0.006903
0.005699
0.008269
0.006592
0.005631
0.008008
0.007391
0.007923
0.007005
0.006014
0.007211
0.007813
0.008723
0.006507
0.007635
0.010139
0.009155
0.007816
0.008466
0.005877
0.009439
0.007889
0.007420
0.006218
0.007878
0.008651
0.005876
0.010022
0.005725
0.008184
0.007340
0.005650
0.008423
0.007188
0.006085
0.005548
0.007995
0.006754
0.008574
0.008003
0.007316
0.007417
0.007544
0.007267
0.007969
0.006224
0.005097
0.006917
0.005426
0.008326
0.005479
0.008268
0.008966
0.007261
0.005685
0.006622
0.007473
0.006072
0.005980
0.008725
0.005749
0.008704
0.007289
0.005404
0.007509
0.006248
0.006713
0.006200
0.005653
0.005474
0.009458
0.005887
0.005831
0.005441
0.005413
0.007197
0.005911
0.005221
0.005493
0.007560
0.005445
0.007907
0.006684
0.005856
0.008580
0.005571
0.006792
0.005493
0.005925
0.005742
0.006339
0.006138
0.006822
0.007802
0.014506
0.006433
0.006706
0.006250
0.007230
0.005918
0.012140
0.010104
0.005858
0.008469
0.007374
0.006194
0.007704
0.006266
0.008751
0.006096
0.007101
0.007721
0.005621
0.006953
0.007158
0.010260
0.006711
0.007791
0.005735
0.008438
0.008119
0.005617
0.007845
0.007362
0.008021
0.007840
0.008753
0.006643
0.005957
0.006044
0.008500
0.006831
0.007082
0.006333
0.007374
0.008093
0.008342
0.007515
0.008026
0.006049
0.016057
0.005782
0.006524
0.006516
0.005739
0.008541
0.007923
0.005984
0.009283
0.007641
0.007037
0.005544
0.009370
0.006557
0.006938
0.008425
0.005887
0.008139
0.009135
0.008888
0.009247
0.006724
0.007813
0.009604
0.007368
0.004947
0.006804
0.008834
0.008640
0.008051
0.007250
0.009622
0.008305
0.007399
0.008906
0.006483
0.007521
0.006191
0.006457
0.006821
0.006572
0.011478
0.006418
0.005983
0.006486
0.010949
0.005565
0.005948
0.005509
0.010243
0.006766
0.005966
0.006533
0.010560
0.009144
0.006347
0.006136
0.006996
0.008986
0.006707
0.006894
0.006461
0.008077
0.006301
0.008336
0.005509
0.006748
0.011584
0.006848
0.006285
0.007521
0.005577
0.018149
0.009076
0.006286
0.006573
0.009085
0.007214
0.005979
0.007823
0.007477
0.005505
0.006271
0.005675
0.007901
0.005692
0.005453
0.005273
0.005801
0.005444
0.012983
0.008856
0.006911
0.007836
0.006710
0.005633
0.007101
0.005985
0.011400
0.008067
0.008625
0.007714
0.008008
0.007907
0.005253
0.005808
0.006578
0.006859
0.005108
0.007095
0.007869
0.005098
0.006425
0.005333
0.008105
0.006045
0.008802
0.005660
0.007606
0.010135
0.006959
0.006163
0.008806
0.006152
0.006076
0.007252
0.007265
0.007570
0.007698
0.007229
0.010357
0.006354
0.006036
0.006252
0.008878
0.007790
0.006611
0.006996
0.007164
0.005619
0.006407
0.006715
0.007170
0.010016
0.009026
0.007467
0.007135
0.007268
0.007569
0.008339
0.009524
0.005276
0.007016
0.008387
0.010019
0.007929
0.006388
0.008274
0.006872
0.005867
0.005774
0.005479
0.005402
0.006220
0.005444
0.007680
0.007535
0.011626
0.006235
0.008034
0.007181
0.005356
0.008196
0.007675
0.006320
0.007475
0.005706
0.008372
0.008003
0.006580
0.008965
0.008295
0.007753
0.006909
0.008442
0.007033
0.008413
0.007054
0.006328
0.008662
0.006706
0.008192
0.011185
0.006268
0.006539
0.007163
0.006780
0.006227
0.006678
0.005315
0.005332
0.009415
0.006493
0.008544
0.037677
0.016459
0.008046
0.007538
0.005118
0.012109
0.009798
0.012673
0.007404
0.039310
0.015954
0.010596
0.007989
0.009074
0.006105
0.006251
0.006753
0.008636
0.005846
0.025853
0.009503
0.021785
0.007829
0.009331
0.009670
0.005522
0.008195
0.005134
0.006644
0.006055
0.006920
0.005888
0.007230
0.006933
0.005761
0.005652
0.005774
0.007707
0.010392
0.005231
0.005681
0.006442
0.006480
0.007028
0.012933
0.006813
0.009600
0.006127
0.007018
0.007953
0.007031
0.010545
0.007194
0.007929
0.007326
0.010533
0.008881
0.006363
0.007103
0.005948
0.007519
0.017701
0.009729
0.006549
0.011880
0.007504
0.007101
0.007616
0.005477
0.008679
0.005242
0.011341
0.007566
0.010010
0.006105
0.005306
0.006178
0.007027
0.009484
0.009295
0.010239
0.008255
0.014014
0.010720
0.009789
0.006412
0.009135
0.005146
0.007421
0.008367
0.005189
0.011077
0.005455
0.009035
0.005859
0.006408
0.005402
0.006134
0.006322
0.005952
0.008233
0.011117
0.005774
0.005802
0.008534
0.005468
0.007152
0.006152
0.006954
0.009709
0.009428
0.005880
0.009449
0.005400
0.006550
0.006198
0.011241
0.007546
0.008605
0.006582
0.005487
0.008983
0.005971
0.006456
0.005732
0.006262
0.005931
0.007105
0.007661
0.005498
0.005812
0.010404
0.007476
0.006487
0.005797
0.008038
0.008294
0.009043
0.009329
0.008354
0.010335
0.006003
0.006025
0.009081
0.007818
0.007685
0.009923
0.007517
0.009500
0.006717
0.009055
0.006496
0.005875
0.008501
0.005704
0.011465
0.008624
0.005782
0.009601
0.006510
0.006314
0.008540
0.007561
0.008065
0.005872
0.006589
0.007645
0.005902
0.006260
0.005823
0.006824
0.006241
0.005199
0.005581
0.005364
0.006120
0.005495
0.006823
0.006401
0.007154
0.006734
0.006954
0.005998
0.007205
0.007425
0.006908
0.006275
0.005527
0.009480
0.006417
0.008799
0.005558
0.006224
0.005743
0.005836
0.007045
0.007960
0.007627
0.010525
0.005753
0.006268
0.006048
0.006922
0.005519
0.005310
0.005683
0.007454
0.006832
0.011157
0.006475
0.006714
0.008984
0.006009
0.006696
0.009604
0.007222
0.006193
0.007250
0.005875
0.006746
0.005173
0.006156
0.007479
0.006550
0.005698
0.006990
0.006444
0.008100
0.005675
0.007346
0.007313
0.006403
0.005345
0.005912
0.005904
0.006429
0.007103
0.006741
0.010022
0.005752
0.005161
0.004939
0.007637
0.005732
0.007258
0.005804
0.009472
0.005877
0.006112
0.008346
0.005551
0.007626
0.005812
0.006484
0.006870
0.008116
0.006122
0.006318
0.008496
0.005896
0.005462
0.006414
0.005544
0.005635
0.006857
0.005757
0.005436
0.005991
0.005946
0.010019
0.006034
0.006191
0.006098
0.008903
0.005838
0.006427
0.007783
0.006673
0.005810
0.005773
0.007127
0.006419
0.007126
0.008079
0.005805
0.006695
0.006626
0.005900
0.006128
0.006882
0.005724
0.006107
0.005441
0.006038
0.007066
0.005329
0.005980
0.005606
0.005298
0.005948
0.005905
0.005550
0.007381
0.006820
0.006260
0.006347
0.006653
0.008668
0.006376
0.006169
0.005222
0.006962
0.007869
0.005759
0.006318
0.006039
0.005257
0.005625
0.005517
0.005806
0.005898
0.005566
0.005792
0.005011
0.005910
0.008321
0.009936
0.007331
0.010930
0.007807
0.006285
0.005879
0.008515
0.007118
0.005611
0.005376
0.006143
0.008051
0.005486
0.008976
0.005590
0.005296
0.006067
0.010526
0.011227
0.009585
0.005726
0.005912
0.009210
0.007657
0.009779
0.008746
0.007509
0.006280
0.006128
0.006076
0.006619
0.006490
0.007143
0.004982
0.005077
0.006137
0.009298
0.008150
0.005188
0.008872
0.005355
0.006781
0.008358
0.006789
0.006656
0.006545
0.005554
0.006740
0.007037
0.005813
0.006822
0.005584
0.006893
0.005435
0.009934
0.005471
0.010035
0.005269
0.006318
0.006386
0.005930
0.007397
0.009563
0.005676
0.008341
0.010264
0.006737
0.010016
0.008861
0.009483
0.007974
0.006419
0.005813
0.006884
0.007327
0.007602
0.007536
0.010368
0.007753
0.009114
0.008647
0.009794
0.009658
0.008840
0.007188
0.006941
0.007151
0.010132
0.009045
0.016362
0.019219
0.015547
0.011703
0.008396
0.012586
0.008863
0.011401
0.009630
0.012200
0.010095
0.006216
0.005693
0.005632
0.007482
0.006098
0.011605
0.013312
0.018186
0.009671
0.005706
0.008149
0.008267
0.008754
0.007249
0.008915
0.010612
0.013702
0.006196
0.006285
0.007311
0.007577
0.006251
0.005905
0.009640
0.006619
0.006818
0.013358
0.008569
0.010170
0.006578
0.005382
0.008521
0.009058
0.006569
0.005890
0.012889
0.009566
0.005589
0.009671
0.011288
0.007606
0.006858
0.005735
0.005587
0.008505
0.006333
0.005737
0.006433
0.005755
0.006647
0.006404
0.007693
0.006045
0.005792
0.005357
0.005917
0.005787
0.008149
0.005680
0.005603
0.005690
0.008112
0.007865
0.006602
0.006314
0.006538
0.006973
0.005614
0.007599
0.005710
0.005960
0.006461
0.005890
0.005530
0.008612
0.005708
0.005634
0.007118
0.005838
0.006087
0.006080
0.008976
0.005380
0.006787
0.005616
0.007604
0.005949
0.007474
0.005576
0.005707
0.006101
0.006951
0.007129
0.010935
0.005666
0.004998
0.005436
0.006148
0.007744
0.005627
0.005807
0.006933
0.005328
0.005889
0.008086
0.005869
0.006846
0.009355
0.006254
0.005859
0.006017
0.005659
0.005830
0.005352
0.005652
0.010613
0.006398
0.007636
0.009455
0.006034
0.007604
0.008497
0.008391
0.007217
0.010572
0.010426
0.005812
0.005274
0.008517
0.006539
0.006271
0.008348
0.006408
0.006091
0.007704
0.006601
0.005901
0.006134
0.007727
0.006754
0.005744
0.008484
0.005811
0.005634
0.006166
0.009735
0.007350
0.007826
0.007364
0.005761
0.008451
0.007686
0.006010
0.005659
0.006015
0.010901
0.007647
0.008704
0.006526
0.007560
0.006249
0.007013
0.006420
0.006769
0.005527
0.007567
0.007284
0.006334
0.008989
0.007539
0.006297
0.007686
0.009173
0.008272
0.008037
0.009593
0.008999
0.006222
0.006373
0.008501
0.005269
0.006648
0.006544
0.007555
0.006832
0.009683
0.007749
0.005814
0.006462
0.006404
0.007130
0.008925
0.007461
0.006398
0.006878
0.009794
0.008588
0.007340
0.008764
0.007791
0.008203
0.008326
0.007248
0.008442
0.006754
0.012740
0.008926
0.007921
0.005869
0.009353
0.008332
0.009149
0.010213
0.007939
0.008111
0.009084
0.008856
0.008554
0.008056
0.008442
0.007015
0.008262
0.008136
0.007130
0.005131
0.005676
0.007893
0.007206
0.007415
0.007766
0.008288
0.006126
0.009593
0.008476
0.007138
0.009065
0.008527
0.006115
0.006209
0.011417
0.008693
0.007147
0.006993
0.007033
0.008717
0.005186
0.007241
0.009270
0.005595
0.008648
0.009669
0.008156
0.009709
0.007203
0.007434
0.007482
0.007003
0.006739
0.005849
0.005781
0.005502
0.005863
0.006809
0.008623
0.008458
0.006581
0.007560
0.007598
0.005513
0.008350
0.007853
0.005601
0.008002
0.010343
0.022567
0.032651
0.021516
0.005614
0.007087
0.005920
0.007170
0.006409
0.005620
0.006516
0.005710
0.007919
0.009153
0.008191
0.006571
0.006450
0.007615
0.008911
0.009430
0.008110
0.008897
0.008167
0.019110
0.006264
0.007263
0.006350
0.007842
0.005500
0.005660
0.006664
0.006025
0.006193
0.007560
0.006175
0.006394
0.007614
0.007423
0.007692
0.007405
0.006659
0.005912
0.007243
0.006884
0.011424
0.006765
0.006201
0.006723
0.006611
0.006243
0.006295
0.007397
0.007118
0.007392
0.006220
0.009217
0.007147
0.006024
0.007109
0.007724
0.005219
0.007037
0.007424
0.005354
0.005989
0.005458
0.009519
0.005629
0.006332
0.006330
0.012791
0.007404
0.005735
0.007371
0.008970
0.006756
0.007005
0.009804
0.007371
0.009479
0.006697
0.009801
0.008280
0.008857
0.005472
0.013695
0.007084
0.007106
0.007844
0.005881
0.006974
0.007496
0.006208
0.006585
0.009073
0.005530
0.010195
0.008500
0.009236
0.008824
0.006466
0.006089
0.005625
0.007342
0.006286
0.005489
0.008620
0.007836
0.006531
0.005597
0.009519
0.005162
0.007708
0.006303
0.006245
0.005549
0.005809
0.006639
0.005301
0.005412
0.005704
0.010531
0.005378
0.023393
0.009669
0.006589
0.006481
0.011915
0.008393
0.006856
0.006271
0.008234
0.006239
0.008011
0.009314
