0.022046
0.022660
0.022201
0.022163
0.022669
0.021878
0.022207
0.022425
0.022377
0.022233
0.022292
0.024536
0.023825
0.022823
0.022789
0.022279
0.021720
0.022269
0.022439
0.022908
0.022063
0.022372
0.023689
0.025479
0.022129
0.021877
0.022385
0.022156
0.021737
0.021826
0.023588
0.021843
0.023239
0.022060
0.022558
0.024247
0.022533
0.022359
0.022257
0.024207
0.021910
0.022033
0.022423
0.021879
0.022172
0.021690
0.022902
0.022651
0.022885
0.022292
0.022176
0.021988
0.022006
0.022355
0.022348
0.022076
0.022022
0.022382
0.021988
0.022095
0.022497
0.022358
0.021861
0.022541
0.022085
0.022115
0.021895
0.023970
0.022643
0.021998
0.021817
0.022213
0.022606
0.022225
0.022380
0.022248
0.021990
0.022411
0.022227
0.021839
0.021695
0.022267
0.022334
0.022265
0.022282
0.021827
0.002106
0.022277
0.022535
0.021878
0.021829
0.001600
0.022116
0.022330
0.027403
0.022656
0.022017
0.021939
0.022153
0.022528
0.022163
0.022813
0.021841
0.022195
0.022038
0.022331
0.025138
0.022223
0.022161
0.022002
0.022248
0.022301
0.022180
0.023683
0.022832
0.021724
0.021715
0.022310
0.023521
0.023816
0.022393
0.022181
0.021678
0.022025
0.022171
0.021914
0.022403
0.022139
0.022129
0.021802
0.021832
0.022232
0.022642
0.022502
0.022213
0.022411
0.022171
0.021847
0.022814
0.022279
0.022241
0.021915
0.022284
0.021804
0.022575
0.021887
0.022994
0.022232
0.021799
0.022149
0.022444
0.022073
0.022397
0.022167
0.022278
0.022014
0.023225
0.022267
0.021703
0.022178
0.021890
0.022042
0.021798
0.022242
0.022121
0.021964
0.022293
0.022149
0.022498
0.022364
0.022028
0.022045
0.024036
0.021765
0.001658
0.022735
0.022163
0.022689
0.022770
0.023202
0.024258
0.022151
0.022123
0.022058
0.022905
0.026613
0.022072
0.027934
0.003168
0.021909
0.022606
0.028535
0.002870
0.022091
0.022921
0.022285
0.021773
0.022097
0.025703
0.022823
0.022434
0.022684
0.023467
0.022716
0.022312
0.021877
0.023175
0.022474
0.021786
0.022833
0.021938
0.023241
0.021756
0.024726
0.022194
0.022514
0.022397
0.022752
0.022044
0.025291
0.026607
0.021983
0.021728
0.022057
0.021756
0.021730
0.023456
0.021812
0.023933
0.022244
0.022137
0.022432
0.022685
0.021645
0.022780
0.022201
0.022514
0.022306
0.024028
0.022838
0.022145
0.022522
0.022320
0.022747
0.024481
0.024516
0.021916
0.021807
0.021637
0.022542
0.023052
0.023116
0.022866
0.021636
0.022388
0.023145
0.022957
0.022106
0.021885
0.022148
0.022656
0.021737
0.021910
0.022027
0.022748
0.022136
0.021759
0.023245
0.024926
0.022086
0.022731
0.022337
0.025091
0.022745
0.024039
0.023283
0.022651
0.022336
0.023229
0.023438
0.022717
0.023760
0.022614
0.022204
0.022058
0.022517
0.022543
0.022213
0.030760
0.022068
0.022475
0.053202
0.023671
0.022127
0.022087
0.021995
0.022107
0.021878
0.022359
0.002759
0.021828
0.022707
0.022500
0.022889
0.022089
0.022256
0.022216
0.022038
0.022262
0.023252
0.022112
0.022053
0.022691
0.022546
0.022342
0.022696
0.022861
0.022798
0.022111
0.022443
0.021680
0.023192
0.022056
0.022165
0.022250
0.022515
0.022220
0.022768
0.022006
0.021947
0.022233
0.022439
0.024046
0.023973
0.021988
0.022175
0.021740
0.023353
0.022476
0.022004
0.022197
0.024471
0.024369
0.022697
0.022156
0.022187
0.022142
0.021768
0.021976
0.022381
0.022096
0.022850
0.022956
0.022860
0.022163
0.022806
0.023552
0.024818
0.021975
0.022142
0.022464
0.023367
0.022706
0.022922
0.022271
0.022706
0.022305
0.022615
0.023124
0.022854
0.022358
0.022146
0.022188
0.023618
0.022395
0.022021
0.022984
0.025228
0.022539
0.021998
0.022780
0.021917
0.022202
0.021957
0.022161
0.021933
0.024434
0.022052
0.022203
0.022553
0.023760
0.021973
0.022244
0.022426
0.024477
0.022273
0.021761
0.022493
0.022026
0.022198
0.022304
0.021807
0.022648
0.022714
0.024086
0.022328
0.022061
0.022250
0.022099
0.022068
0.022127
0.022298
0.022592
0.022367
0.022104
0.022354
0.022279
0.022105
0.022027
0.022793
0.022497
0.022124
0.022344
0.022841
0.023997
0.022006
0.021937
0.021770
0.022183
0.023412
0.012126
0.023127
0.023049
0.021860
0.021958
0.022308
0.022142
0.022398
0.023475
0.022347
0.022068
0.003239
0.023892
0.022659
0.024180
0.021869
0.003287
0.025311
0.022284
0.021910
0.023558
0.002120
0.022604
0.022026
0.022803
0.022099
0.023728
0.022333
0.023361
0.022785
0.022270
0.022128
0.023476
0.023408
0.023748
0.022227
0.023405
0.022199
0.022548
0.035211
0.026181
0.022356
0.021838
0.023544
0.023659
0.026871
0.022660
0.022836
0.027848
0.033076
0.023061
0.022202
0.022076
0.022132
0.022705
0.022167
0.022032
0.022550
0.022468
0.022670
0.022762
0.021791
0.022283
0.022231
0.023797
0.022067
0.022095
0.022619
0.022550
0.021713
0.025272
0.022258
0.023445
0.023095
0.022256
0.022334
0.056658
0.022289
0.022404
0.024290
0.021968
0.023053
0.022777
0.022377
0.022979
0.022314
0.023440
0.022627
0.022106
0.021875
0.023458
0.021989
0.021900
0.021915
0.022243
0.022103
0.022486
0.022575
0.022799
0.022114
0.022766
0.022236
0.022341
0.022047
0.023471
0.022475
0.023546
0.022471
0.022168
0.023576
0.024740
0.022584
0.003418
0.022008
0.022312
0.022882
0.022636
0.025403
0.023343
0.021869
0.021855
0.022074
0.022173
0.022353
0.023756
0.022313
0.023158
0.022011
0.022064
0.024357
0.022500
0.022146
0.022125
0.021897
0.021816
0.022111
0.022754
0.022425
0.023740
0.022215
0.022220
0.023810
0.022428
0.023513
0.022642
0.022746
0.021972
0.022029
0.023076
0.023857
0.022644
0.022280
0.022450
0.021980
0.021693
0.023149
0.022460
0.021925
0.021915
0.022104
0.022359
0.022203
0.022263
0.022041
0.022061
0.022304
0.022237
0.024311
0.022228
0.022109
0.022130
0.022360
0.022403
0.022328
0.021593
0.026916
0.022246
0.021721
0.022441
0.022219
0.022062
0.024271
0.021968
0.022577
0.021783
0.023340
0.065463
0.022552
0.022214
0.024527
0.022772
0.024367
0.022176
0.025379
0.022824
0.021800
0.022432
0.022174
0.021717
0.023208
0.022599
0.023655
0.022443
0.022313
0.134475
0.025361
0.021815
0.023206
0.026179
0.022513
0.022375
0.023369
0.022985
0.022877
0.022322
0.022712
0.022111
0.022270
0.022373
0.049100
0.022072
0.022130
0.021926
0.021879
0.022083
0.022168
0.022259
0.022014
0.023973
0.022228
0.022239
0.022023
0.021931
0.021860
0.022061
0.021933
0.022262
0.023594
0.025175
0.022207
0.022402
0.022125
0.022986
0.022741
0.024543
0.021843
0.024622
0.022003
0.021698
0.022155
0.022998
0.022554
0.021757
0.024734
0.022823
0.022179
0.021912
0.024870
0.022287
0.022890
0.021860
0.021814
0.021887
0.022447
0.022459
0.022571
0.022247
0.022056
0.022201
0.022121
0.022180
0.023364
0.022040
0.021881
0.021945
0.021748
0.022231
0.022831
0.022380
0.021970
0.022299
0.022255
0.024313
0.024710
0.023288
0.022625
0.022031
0.022363
0.021644
0.027465
0.029790
0.037322
0.022168
0.023438
0.022123
0.022069
0.023814
0.023892
0.021640
0.022522
0.022931
0.022312
0.021789
0.022008
0.022073
0.021903
0.022486
0.022188
0.022426
0.022489
0.022019
0.022447
0.021932
0.021825
0.022219
0.022038
0.021929
0.022379
0.024224
0.022505
0.022101
0.021730
0.023745
0.023248
0.022118
0.021792
0.024008
0.022006
0.022610
0.021723
0.023695
0.022280
0.021970
0.023519
0.022329
0.021866
0.022270
0.022454
0.022054
0.025078
0.025146
0.022092
0.022368
0.022325
0.021686
0.023055
0.024546
0.022508
0.022246
0.022341
0.023458
0.022425
0.022264
0.022555
0.022908
0.023616
0.001720
0.021786
0.022644
0.023231
0.028724
0.022429
0.022614
0.022134
0.021931
0.022822
0.023397
0.022438
0.022232
0.023229
0.022710
0.022324
0.022275
0.022188
0.022650
0.021985
0.022251
0.021905
0.022315
0.022264
0.022206
0.021915
0.026731
0.022145
0.022130
0.022752
0.022187
0.022122
0.023099
0.022122
0.021946
0.022193
0.025874
0.022862
0.022216
0.022908
0.022286
0.024129
0.023037
0.022164
0.022691
0.022033
0.021948
0.022778
0.021744
0.022825
0.024195
0.022124
0.021934
0.022209
0.022792
0.021992
0.022108
0.021812
0.022119
0.022559
0.022139
0.022396
0.022916
0.024988
0.023353
0.022058
0.022167
0.022242
0.022640
0.021914
0.022274
0.021785
0.024554
0.023787
0.022267
0.022534
0.022350
0.023191
0.022909
0.021861
0.022076
0.022018
0.022636
0.022332
0.051952
0.021821
0.022251
0.021729
0.021739
0.022356
0.022276
0.021926
0.022058
0.022121
0.023947
0.021799
0.021939
0.022125
0.023663
0.022970
0.021938
0.022201
0.021840
0.023653
0.022039
0.021921
0.024303
0.060268
0.023432
0.023471
0.021850
0.022947
0.023021
0.022285
0.021996
0.022008
0.022258
0.022150
0.021934
0.022450
0.021786
0.022119
0.022452
0.001793
0.022125
0.022442
0.021868
0.022125
0.024292
0.030158
0.023678
0.022062
0.022587
0.023286
0.022426
0.022146
0.022246
0.002047
0.021872
0.021884
0.022285
0.022282
0.022320
0.022465
0.022227
0.022141
0.066813
0.022078
0.023358
0.021904
0.022202
0.021984
0.023537
0.022283
0.022165
0.022225
0.021914
0.022033
0.021726
0.021859
0.025484
0.022452
0.022306
0.022643
0.022332
0.021858
0.021874
0.022068
0.022164
0.023880
0.024304
0.026144
0.021876
0.022072
0.022354
0.021975
0.022147
0.023977
0.023108
0.022193
0.022168
0.022268
0.022046
0.022188
0.023313
0.022084
0.022699
0.022627
0.021851
0.022830
0.021965
0.021864
0.021746
0.021883
0.022435
0.022194
0.022163
0.024256
0.022186
0.022547
0.065605
0.022765
0.022810
0.021911
0.031150
0.022668
0.022599
0.022869
0.021837
0.022057
0.022061
0.022356
0.022225
0.022158
0.022257
0.021955
0.021831
0.022339
0.021740
0.022068
0.022900
0.022013
0.022050
0.022222
0.022235
0.022367
0.022743
0.022154
0.021898
0.022180
0.022214
0.022213
0.022377
0.022201
0.022508
0.022173
0.022299
0.022342
0.022170
0.022276
0.022638
0.022362
0.022095
0.022258
0.021929
0.022050
0.022176
0.022753
0.022459
0.022102
0.022315
0.022795
0.022004
0.023176
0.022036
0.022046
0.021912
0.022101
0.024372
0.021797
0.022215
0.021913
0.023126
0.023060
0.021760
0.021875
0.022542
0.021819
0.022050
0.023281
0.022121
0.021820
0.022211
0.021755
0.022208
0.022101
0.021843
0.022206
0.022418
0.021835
0.023060
0.022519
0.022226
0.022189
0.022201
0.022156
0.021814
0.023398
0.001548
0.021931
0.022132
0.022115
0.022279
0.024271
0.024900
0.022033
0.022150
0.022048
0.021886
0.023486
0.022323
0.022205
0.022269
0.022133
0.022294
0.022158
0.022084
0.022386
0.022522
0.022126
0.022053
0.023598
0.022861
0.022637
0.021912
0.022211
0.022080
0.022155
0.022776
0.021866
0.022799
0.022325
0.022174
0.024190
0.022093
0.022141
0.021831
0.022187
0.022322
0.022055
0.022052
0.021858
0.022185
0.021965
0.022565
0.022758
0.022515
0.022684
0.022073
0.022088
0.021760
0.022245
0.021973
0.022106
0.022096
0.024089
0.021833
0.022272
0.022371
0.022916
0.022866
0.022101
0.022258
0.022480
0.022475
0.022846
0.025115
0.022196
0.021864
0.022193
0.022538
0.022215
0.022142
0.022498
0.022991
0.022352
0.022470
0.022910
0.022156
0.024270
0.022468
0.022228
0.022213
0.022403
0.022233
0.022309
0.022630
0.022916
0.021929
0.022675
0.023016
0.031372
0.022087
0.022611
0.022587
0.022027
0.021911
0.021830
0.022818
0.022005
0.022072
0.022252
0.022001
0.021708
0.021913
0.052876
0.023913
0.023935
0.022886
0.022140
0.022205
0.022140
0.022010
0.022538
0.022301
0.022280
0.022019
0.022127
0.022151
0.022302
0.022104
0.022203
0.022141
0.022683
0.022218
0.022437
0.023294
0.023029
0.022743
0.022686
0.022236
0.023138
0.022511
0.022056
0.022288
0.022372
0.022203
0.022417
0.021808
0.022388
0.022409
0.021880
0.022164
0.021990
0.022545
0.022145
0.021779
0.022262
0.021798
0.022310
0.022107
0.021726
0.022558
0.022600
0.022082
0.024278
0.022830
0.022601
0.022090
0.036966
0.022016
0.022744
0.021946
0.022101
0.021723
0.022201
0.021879
0.022609
0.022191
0.022132
0.022166
0.022213
0.021793
0.023238
0.021981
0.022098
0.022730
0.022186
0.023737
0.022281
0.022323
0.022350
0.021988
0.022161
0.022187
0.024045
0.022082
0.021832
0.021752
0.022702
0.022974
0.022512
0.024621
0.022038
0.021830
0.022102
0.021824
0.021965
0.022200
0.021846
0.022242
0.024030
0.022907
0.021805
0.022231
0.022351
0.022184
0.022211
0.023013
0.022927
0.022148
0.022170
0.022195
0.022124
0.022338
0.057374
0.022119
0.021980
0.024197
0.022253
0.022176
0.021963
0.022309
0.021783
0.021806
0.001879
0.022470
0.022323
0.001940
0.022067
0.022154
0.023625
0.021805
0.022042
0.022502
0.023933
0.022003
0.022868
0.022669
0.021965
0.022085
0.022631
0.022277
0.022371
0.023550
0.022094
0.021850
0.022089
0.022035
0.022730
0.022174
0.022002
0.022065
0.022463
0.022337
0.022433
0.022896
0.023700
0.022126
0.021894
0.022391
0.022581
0.022001
0.022441
0.022257
0.023749
0.021921
0.022227
0.022133
0.023312
0.023257
0.022159
0.022094
0.021840
0.021980
0.021755
0.022560
0.022118
0.022271
0.022143
0.022409
0.022448
0.022711
0.022105
0.022046
0.022480
0.021870
0.022132
0.022254
0.024642
0.022366
0.059438
0.023968
0.022107
0.022788
0.022017
0.021883
0.022570
0.021827
0.022385
0.022091
0.023610
0.021908
0.022331
0.021950
0.022371
0.022206
0.024677
0.021839
0.022279
0.023757
0.024987
0.022442
0.023440
0.025988
0.022298
0.022324
0.022241
0.021848
0.021903
0.022375
0.022247
0.022071
0.023999
0.022544
0.022855
0.024156
0.022052
0.022370
0.022247
0.023118
0.022388
0.021985
0.022110
0.023044
0.059744
0.024340
0.022873
0.022206
0.022092
0.022173
0.021817
0.022326
0.022287
0.021707
0.022194
0.021860
0.022396
0.021779
0.024815
0.022455
0.022076
0.021920
0.045986
0.022543
0.022494
0.023175
0.022139
0.023396
0.022624
0.022238
0.022079
0.023279
0.024041
0.022673
0.021954
0.021947
0.022276
0.022455
0.021810
0.022341
0.022420
0.022715
0.021850
0.021912
0.022693
0.022810
0.022408
0.021853
0.021871
0.022133
0.021781
0.023295
0.022706
0.022181
0.022129
0.022974
0.022148
0.022716
0.022320
0.022215
0.022263
0.022171
0.022256
0.022960
0.023224
0.022325
0.021821
0.021835
0.022265
0.023355
0.022224
0.021760
0.022240
0.022131
0.021892
0.022525
0.022173
0.022162
0.021984
0.022164
0.021977
0.022116
0.021981
0.022710
0.021727
0.021836
0.022340
0.021704
0.023727
0.021973
0.025652
0.022905
0.021618
0.022149
0.021856
0.022281
0.022443
0.022018
0.021791
0.022710
0.022145
0.022357
0.022200
0.021977
0.022466
0.022181
0.021767
0.022430
0.021702
0.022447
0.022646
0.022958
0.022429
0.023897
0.022261
0.022715
0.022737
0.022348
0.022282
0.023106
0.022006
0.021776
0.021919
0.022022
0.021712
0.021894
0.021872
0.022086
0.022104
0.021900
0.022346
0.021890
0.022009
0.022162
0.022400
0.022226
0.021828
0.022039
0.021703
0.022278
0.026478
0.022297
0.022723
0.022175
0.021971
0.022352
0.022157
0.024604
0.026459
0.022076
0.022726
0.021785
0.022001
0.022378
0.021971
0.022109
0.025705
0.022194
0.021933
0.023368
0.022130
0.021794
0.023220
0.022177
0.022272
0.022613
0.022087
0.022309
0.024307
0.024032
0.022357
0.021816
0.022131
0.022217
0.022228
0.022223
0.022376
0.022453
0.021829
0.022090
0.022023
0.022042
0.022014
0.022228
0.022457
0.021932
0.022211
0.022186
0.024053
0.022550
0.022723
0.021977
0.022163
0.022174
0.022017
0.023313
0.022162
0.022207
0.021954
0.022582
0.022772
0.021823
0.022205
0.021952
0.022264
0.022193
0.022042
0.023071
0.022241
0.022363
0.022764
0.022108
0.022770
0.022118
0.022218
0.022255
0.021881
0.022045
0.021828
0.022205
0.021946
0.021892
0.022186
0.022128
0.021714
0.022036
0.022318
0.022326
0.022420
0.022202
0.022219
0.021919
0.022262
0.024299
0.021909
0.022288
0.022022
0.022256
0.022303
0.022442
0.021711
0.022268
0.022190
0.022393
0.022299
0.022278
0.022367
0.021777
0.022149
0.022053
0.022378
0.023023
0.022132
0.024303
0.022050
0.022035
0.022073
0.022086
0.022453
0.022205
0.022175
0.021989
0.022150
0.023255
0.021667
0.022272
0.022064
0.021733
0.023949
0.022377
0.022574
0.021719
0.022973
0.021980
0.024287
0.023273
0.022353
0.021996
0.022331
0.022080
0.021728
0.022489
0.021824
0.022272
0.021779
0.022163
0.021565
0.022705
0.021992
0.023646
0.021792
0.021766
0.022411
0.022080
0.021843
0.022036
0.022143
0.021734
0.021622
0.022139
0.023692
0.022013
0.023696
0.022184
0.022149
0.022114
0.021828
0.022042
0.021962
0.022482
0.022183
0.022189
0.021704
0.025938
0.059773
0.022575
0.022062
0.022060
0.022023
0.023250
0.022441
0.022637
0.022083
0.021907
0.022052
0.022126
0.022198
0.021984
0.022105
0.022199
0.022119
0.022800
0.022201
0.023311
0.022108
0.022654
0.021858
0.023645
0.022014
0.022572
0.022121
0.023663
0.022060
0.023029
0.022212
0.023748
0.022075
0.022636
0.021589
0.021817
0.024106
0.022462
0.021618
0.022202
0.022205
0.022187
0.022457
0.023179
0.021704
0.022055
0.022122
0.022163
0.021714
0.023045
0.022225
0.022058
0.022187
0.021693
0.022160
0.022495
0.022355
0.022124
0.021772
0.021978
0.022210
0.022112
0.022197
0.023265
0.021936
0.022455
0.021990
0.022111
0.021992
0.025034
0.022599
0.022553
0.022014
0.021959
0.022155
0.021994
0.022378
0.022247
0.022041
0.022116
0.022022
0.022526
0.022661
0.023590
0.022172
0.022661
0.022588
0.022089
0.021860
0.022438
0.022176
0.022542
0.021967
0.022354
0.022033
0.023472
0.022174
0.022665
0.022170
0.022370
0.023906
0.022244
0.021895
0.022436
0.023746
0.022227
0.022294
0.022269
0.022075
0.021760
0.022530
0.022294
0.022760
0.022675
0.022230
0.021719
0.021866
0.022720
0.022672
0.022099
0.022362
0.021791
0.022726
0.022297
0.022013
0.022644
0.022063
0.021878
0.022449
0.023883
0.023915
0.022180
0.022153
0.022068
0.022174
0.022186
0.022883
0.021922
0.021897
0.022255
0.022499
0.021797
0.022498
0.022176
0.022898
0.021988
0.021897
0.022328
0.023222
0.022600
0.021849
0.022297
0.022521
0.021817
0.023206
0.022481
0.087086
0.021956
0.022553
0.022130
0.023295
0.022305
0.022855
0.021771
0.022138
0.023063
0.022375
0.022439
0.022290
0.021709
0.022310
0.022896
0.022219
0.022195
0.022347
0.022077
0.021678
0.022106
0.021747
0.022249
0.022276
0.022366
0.022306
0.022190
0.022238
0.021776
0.021737
0.022515
0.022070
0.022435
0.022333
0.022130
0.022045
0.022291
0.022176
0.022572
0.022448
0.022437
0.022519
0.022096
0.023099
0.023977
0.024260
0.022643
0.022607
0.021808
0.002171
0.023424
0.021858
0.022241
0.023509
0.022055
0.022236
0.022026
0.001971
0.022136
0.021978
0.022139
0.035930
0.025576
0.022003
0.022135
0.021883
0.023766
0.022213
0.022157
0.022358
0.021729
0.022186
0.023009
0.023319
0.022092
0.021794
0.021694
0.021833
0.023393
0.022701
0.026119
0.022181
0.022223
0.022089
0.022068
0.022428
0.022759
0.022339
0.021891
0.021676
0.021730
0.022396
0.022260
0.022017
0.022220
0.022328
0.021831
0.022649
0.022067
0.022119
0.021660
0.021904
0.022085
0.023385
0.022223
0.022356
0.021816
0.021743
0.060802
0.022208
0.022074
0.021956
0.021745
0.021939
0.022339
0.022471
0.022333
0.022892
0.023090
0.022143
0.022110
0.022211
0.022122
0.022113
0.026135
0.022117
0.022168
0.022205
0.021781
0.024266
0.022648
0.023608
0.022311
0.022166
0.021722
0.023469
0.051432
0.021860
0.022691
0.023433
0.031632
0.028053
0.023020
0.022297
0.022380
0.021927
0.022236
0.022080
0.022115
0.022335
0.024247
0.022420
0.021711
0.022193
0.022625
0.022453
0.022145
0.022114
0.023947
0.022444
0.022435
0.022424
0.022571
0.022158
0.022114
0.022104
0.022170
0.023841
0.024202
0.022757
0.024068
0.022347
0.022613
0.022565
0.022118
0.022114
0.022163
0.022129
0.022742
0.022072
0.022189
0.022139
0.022274
0.022329
0.022224
0.022319
0.022047
0.023179
0.021786
0.021700
0.022929
0.022506
0.087094
0.065363
0.086581
0.022162
0.022083
0.022980
0.022242
0.022292
0.022616
0.022232
0.022253
0.022625
0.022214
0.022796
0.022172
0.022256
0.022042
0.021984
0.022112
0.024571
0.022032
0.025466
0.022274
0.022911
0.022192
0.022118
0.022251
0.022112
0.022078
0.022192
0.022211
0.022030
0.022411
0.023112
0.022231
0.021690
0.021565
0.025254
0.022244
0.022991
0.022396
0.022845
0.022205
0.022161
0.021916
0.022059
0.022131
0.022402
0.023744
0.022398
0.022153
0.023841
0.022354
0.021856
0.022177
0.022102
0.022088
0.022618
0.022555
0.022034
0.022111
0.021960
0.022666
0.022129
0.022181
0.022181
0.022160
0.022412
0.022393
0.022397
0.022658
0.022085
0.022293
0.022116
0.022102
0.023045
0.022809
0.021693
0.021899
0.002116
0.022394
0.055215
0.024353
0.024024
0.022467
0.022295
0.022328
0.022447
0.024133
0.021805
0.021822
0.022276
0.022605
0.022140
0.022004
0.022306
0.021906
0.022060
0.023084
0.023929
0.022508
0.021955
0.022149
0.022205
0.022524
0.021926
0.022205
0.022793
0.022584
0.025405
0.022116
0.022188
0.022355
0.022037
0.021872
0.022258
0.022424
0.022934
0.023171
0.022059
0.021844
0.022180
0.022157
0.022237
0.022020
0.022066
0.022014
0.022164
0.022612
0.021810
0.022295
0.025093
0.023656
0.021860
0.022069
0.022036
0.022115
0.022413
0.021968
0.021648
0.022135
0.022650
0.021940
0.022672
0.023491
0.022753
0.021727
0.022315
0.021864
0.022544
0.022173
0.022374
0.021858
0.022085
0.022194
0.022256
0.022398
0.022546
0.022066
0.022169
0.022161
0.023733
0.022118
0.022711
0.021728
0.023745
0.090041
0.022027
0.021922
0.022692
0.022064
0.021920
0.024366
0.023109
0.022113
0.022710
0.022029
0.022078
0.022788
0.022187
0.001837
0.021657
0.022731
0.022210
0.022194
0.021771
0.021956
0.022068
0.022009
0.022156
0.022135
0.021698
0.022504
0.022712
0.023063
0.024208
0.022079
0.022484
0.022129
0.021912
0.022316
0.022099
0.022184
0.022642
0.021996
0.022034
0.021888
0.022754
0.022602
0.022165
0.022160
0.022168
0.022454
0.021897
0.022157
0.022367
0.022042
0.025227
0.021868
0.021914
0.021848
0.022265
0.022501
0.021891
0.022203
0.026189
0.049342
0.023484
0.053647
0.024000
0.021925
0.022761
0.022015
0.022568
0.022545
0.022487
0.021922
0.022365
0.022420
0.022427
0.022716
0.021891
0.022035
0.021952
0.022138
0.022919
0.022751
0.022486
0.022562
0.022602
0.022203
0.023113
0.021881
0.022590
0.022806
0.022680
0.021750
0.023638
0.021869
0.022333
0.022854
0.021822
0.021963
0.021805
0.022362
0.022130
0.021735
0.021878
0.021788
0.023937
0.022534
0.022108
0.021796
0.066801
0.021933
0.024132
0.022742
0.022900
0.021779
0.022834
0.021803
0.022292
0.022147
0.023828
0.022238
0.022166
0.021710
0.022478
0.021750
0.022180
0.022431
0.022137
0.021858
0.022650
0.022720
0.022114
0.022180
0.021684
0.022021
0.022788
0.022524
0.022207
0.024241
0.022338
0.022947
0.022206
0.021988
0.022078
0.022231
0.022234
0.021841
0.022057
0.022101
0.022258
0.021983
0.021844
0.024147
0.023906
0.022150
0.021916
0.021762
0.021712
0.022374
0.022266
0.022549
0.022643
0.022394
0.022224
0.021700
0.022375
0.022550
0.001594
0.022557
0.021809
0.022266
0.022165
0.023269
0.021891
0.021827
0.022151
0.022182
0.022265
0.022287
0.022184
0.021947
0.022067
0.022328
0.022138
0.021950
0.027602
0.022200
0.022390
0.023161
0.022260
0.023518
0.022289
0.022893
0.024268
0.022057
