0.001502
0.001164
0.000559
0.001784
0.001235
0.001764
0.000409
0.001154
0.000989
0.000565
0.001946
0.001362
0.001045
0.001076
0.001252
0.001376
0.001192
0.000542
0.001086
0.000897
0.001131
0.000991
0.001042
0.001177
0.001146
0.001947
0.001670
0.000961
0.001333
0.001020
0.000964
0.001065
0.000494
0.002101
0.000846
0.000412
0.000331
0.001369
0.001501
0.001091
0.002408
0.000335
0.002021
0.000990
0.000432
0.000495
0.001023
0.001068
0.000974
0.001153
0.000675
0.000994
0.001123
0.002215
0.000737
0.001865
0.001155
0.000910
0.000722
0.000866
0.000511
0.001984
0.000738
0.000858
0.000951
0.002266
0.001138
0.001160
0.002139
0.001159
0.001140
0.000410
0.001096
0.001244
0.000640
0.001190
0.001081
0.001096
0.001082
0.001058
0.001130
0.000358
0.001923
0.001250
0.000914
0.001470
0.000518
0.001107
0.001125
0.001155
0.001205
0.001082
0.001148
0.002275
0.001709
0.000681
0.001197
0.002505
0.002151
0.001095
0.001186
0.002211
0.000453
0.001099
0.000792
0.001205
0.001130
0.001269
0.001498
0.001057
0.002234
0.001180
0.001225
0.001318
0.000529
0.000550
0.001184
0.001065
0.000897
0.001181
0.001138
0.000698
0.000938
0.001941
0.001193
0.001170
0.001140
0.001956
0.001242
0.002235
0.001134
0.002315
0.001206
0.001906
0.001120
0.001530
0.001192
0.000368
0.001108
0.000603
0.000565
0.001176
0.001111
0.001101
0.001292
0.000916
0.000969
0.002152
0.001328
0.000954
0.001096
0.001024
0.001548
0.001073
0.001228
0.002068
0.001587
0.002163
0.001094
0.001872
0.001087
0.001258
0.001099
0.001060
0.000910
0.001255
0.001168
0.001208
0.000457
0.002277
0.001898
0.001161
0.001172
0.001167
0.001193
0.001019
0.002275
0.001197
0.001267
0.001245
0.002506
0.001584
0.001195
0.001034
0.001092
0.001123
0.002078
0.001350
0.002064
0.000487
0.001002
0.002035
0.000960
0.001008
0.001207
0.001032
0.001051
0.001221
0.001170
0.000653
0.000524
0.000977
0.001219
0.001176
0.001032
0.001044
0.000685
0.000585
0.002363
0.001176
0.001174
0.001134
0.001852
0.001133
0.001208
0.002949
0.001071
0.001254
0.001060
0.001467
0.001201
0.001148
0.001096
0.001402
0.001215
0.001130
0.000660
0.001184
0.000520
0.001177
0.001149
0.000858
0.001167
0.001289
0.000970
0.002025
0.001144
0.000574
0.000801
0.001025
0.000449
0.001057
0.000997
0.002326
0.001170
0.000356
0.001068
0.000914
0.000896
0.001171
0.001004
0.001101
0.001230
0.002248
0.000910
0.001139
0.002103
0.001058
0.001139
0.002212
0.001216
0.000912
0.001209
0.000531
0.001159
0.002014
0.000973
0.001106
0.001926
0.001200
0.001019
0.001095
0.001033
0.002333
0.001457
0.001171
0.002174
0.001247
0.001057
0.002038
0.001676
0.000728
0.001086
0.001327
0.000950
0.001197
0.001199
0.000896
0.001111
0.001100
0.001037
0.000989
0.001047
0.001177
0.000998
0.000987
0.001349
0.001274
0.000941
0.002336
0.001249
0.001056
0.000440
0.001136
0.000957
0.001033
0.001074
0.001139
0.001182
0.001039
0.001288
0.001226
0.001110
0.001126
0.001245
0.001126
0.001144
0.001127
0.002023
0.001048
0.001984
0.001239
0.001243
0.001224
0.001042
0.002054
0.001148
0.002017
0.000388
0.001057
0.001235
0.001126
0.001722
0.001118
0.000504
0.000966
0.000914
0.000440
0.001232
0.001863
0.002272
0.001254
0.001217
0.000578
0.001511
0.000945
0.002121
0.001520
0.001512
0.001024
0.000868
0.000508
0.001136
0.000907
0.001603
0.001203
0.001563
0.001230
0.000444
0.001223
0.001208
0.001164
0.001065
0.001072
0.001148
0.000932
0.001110
0.001201
0.000903
0.000991
0.000820
0.001181
0.001100
0.001080
0.001594
0.001207
0.001560
0.001005
0.001222
0.001157
0.001927
0.001210
0.002467
0.001158
0.002368
0.001827
0.001224
0.001008
0.001180
0.001039
0.001096
0.001220
0.001883
0.000906
0.000823
0.001174
0.001804
0.001215
0.001221
0.001180
0.000501
0.001093
0.001304
0.001288
0.001112
0.001189
0.001236
0.001036
0.001100
0.001182
0.000910
0.001126
0.001183
0.001035
0.001269
0.001144
0.000382
0.001265
0.000933
0.001104
0.001074
0.001119
0.000999
0.000687
0.001187
0.001214
0.001426
0.000597
0.000890
0.001127
0.001062
0.000907
0.000477
0.000928
0.001113
0.000928
0.001136
0.000925
0.001151
0.000921
0.001214
0.001160
0.002109
0.000590
0.001054
0.001708
0.001119
0.002373
0.001110
0.001305
0.001073
0.001138
0.001134
0.000962
0.001585
0.001222
0.002043
0.001019
0.001869
0.000668
0.001093
0.000913
0.000999
0.001117
0.002224
0.001805
0.000908
0.001122
0.001121
0.001096
0.001017
0.001047
0.001809
0.000930
0.002006
0.001196
0.000577
0.001541
0.000941
0.001996
0.000897
0.001709
0.001117
0.001020
0.001802
0.001206
0.001994
0.000948
0.000762
0.002104
0.001180
0.001134
0.000682
0.000781
0.001233
0.001227
0.001412
0.001936
0.001105
0.002274
0.001999
0.001294
0.001138
0.001121
0.001108
0.000470
0.001113
0.001025
0.001732
0.000504
0.001425
0.001218
0.000854
0.001633
0.001472
0.001166
0.001451
0.002216
0.000994
0.001114
0.001168
0.001467
0.002233
0.001019
0.001170
0.001180
0.001079
