0.000304
0.000982
0.000254
0.000379
0.000362
0.000369
0.000307
0.000291
0.000339
0.000339
0.000937
0.000472
0.000532
0.002224
0.000776
0.000229
0.000332
0.001143
0.000284
0.001609
0.000435
0.000271
0.000326
0.000336
0.000327
0.000300
0.000363
0.000320
0.002950
0.002459
0.001550
0.001094
0.000420
0.000600
0.000370
0.000283
0.000333
0.000974
0.000372
0.000294
0.000654
0.000447
0.001093
0.000658
0.000382
0.000405
0.000393
0.000275
0.000687
0.000577
0.000341
0.000465
0.000686
0.000421
0.000305
0.000335
0.000490
0.000370
0.000365
0.000986
0.000312
0.000332
0.001335
0.000609
0.001100
0.003450
0.000297
0.000295
0.000310
0.000553
0.000633
0.000550
0.001335
0.000369
0.000409
0.000418
0.000533
0.000664
0.000753
0.000469
0.001159
0.000389
0.000534
0.002400
0.000509
0.000512
0.000373
0.000308
0.000493
0.000508
0.000233
0.000345
0.000517
0.000394
0.000319
0.000337
0.000293
0.000318
0.000440
0.000543
0.000756
0.000531
0.000339
0.000470
0.000496
0.000369
0.000354
0.005613
0.000350
0.000332
0.000302
0.000551
0.001071
0.001259
0.003437
0.000537
0.000909
0.000252
0.001030
0.000326
0.000425
0.000512
0.000464
0.000314
0.000383
0.001190
0.000354
0.000332
0.000506
0.000315
0.001458
0.000374
0.000299
0.002113
0.000293
0.000286
0.000273
0.000448
0.000299
0.000438
0.000529
0.000329
0.000441
0.000313
0.000490
0.000268
0.000391
0.000341
0.000314
0.000477
0.000285
0.000287
0.000369
0.000278
0.001513
0.000361
0.000398
0.000441
0.000458
0.000303
0.000459
0.000574
0.000409
0.000319
0.000324
0.000536
0.000748
0.002139
0.000415
0.000772
0.000316
0.000326
0.000382
0.000354
0.000437
0.000388
0.000303
0.000354
0.000280
0.001265
0.000378
0.000719
0.000396
0.000522
0.000819
0.000429
0.000489
0.000722
0.002062
0.000362
0.000363
0.004991
0.005484
0.000310
0.002139
0.000431
0.005074
0.000727
0.000285
0.000340
0.000332
0.000367
0.000512
0.000230
0.000623
0.000447
0.000316
0.000380
0.000281
0.000384
0.000400
0.000590
0.000373
0.000561
0.000359
0.000277
0.000418
0.000322
0.000408
0.000730
0.000769
0.000406
0.000454
0.000488
0.000572
0.000559
0.000455
0.000561
0.001096
0.000482
0.000365
0.000351
0.000377
0.000327
0.000367
0.000427
0.000314
0.000396
0.000387
0.000304
0.001710
0.000327
0.000521
0.000539
0.000355
0.000240
0.000303
0.000347
0.000509
0.000680
0.000350
0.021430
0.000397
0.000410
0.000324
0.000386
0.000938
0.001003
0.000322
0.000415
0.000521
0.000369
0.000325
0.000412
0.000421
0.000854
0.000522
0.000312
0.000803
0.000413
0.000280
0.000758
0.001080
0.001493
0.000490
0.000360
0.000320
0.001084
0.000542
0.000466
0.000516
0.000301
0.000536
0.000450
0.000372
0.000358
0.000285
0.000350
0.000573
0.000287
0.000262
0.000329
0.000577
0.000319
0.000358
0.000483
0.000481
0.000343
0.000241
0.000435
0.000818
0.000379
0.000413
0.001022
0.000356
0.000907
0.000587
0.000259
0.000308
0.000351
0.000464
0.000529
0.000451
0.000280
0.000296
0.000328
0.000279
0.000289
0.000519
0.000316
0.000551
0.000297
0.001372
0.000291
0.000573
0.000499
0.000298
0.000350
0.000398
0.000290
0.000284
0.000344
0.000334
0.000432
0.000379
0.000349
0.000413
0.000480
0.000294
0.000278
0.000403
0.000356
0.000565
0.000324
0.000330
0.000301
0.000540
0.000365
0.000347
0.001268
0.003497
0.000633
0.000322
0.000713
0.000339
0.000435
0.000257
0.000365
0.000707
0.000379
0.000289
0.000345
0.000247
0.000326
0.000340
0.000255
0.000248
0.000329
0.000244
0.000275
0.000243
0.000493
0.000343
0.000285
0.000336
0.000313
0.000324
0.000447
0.000232
0.000404
0.000521
0.000559
0.000475
0.000248
0.001946
0.000341
0.000360
0.000314
0.000422
0.000507
0.000465
0.000337
0.000558
0.000399
0.000324
0.000315
0.000354
0.000525
0.000371
0.000338
0.000268
0.000331
0.000447
0.000247
0.000307
0.000255
0.000275
0.000293
0.000326
0.000308
0.000221
0.000309
0.000250
0.000358
0.000306
0.000776
0.000365
0.000354
0.000538
0.000556
0.000269
0.000336
0.000270
0.000370
0.000242
0.000348
0.000472
0.000250
0.000305
0.000728
0.000268
0.000255
0.000524
0.000491
0.000243
0.000382
0.000274
0.000320
0.000643
0.000247
0.000317
0.001097
0.000274
0.000322
0.000391
0.000393
0.000443
0.000337
0.000730
0.000366
0.000459
0.000327
0.000411
0.000293
0.000292
0.000656
0.000489
0.000363
0.000347
0.000376
0.000470
0.000439
0.004356
0.000298
0.000304
0.000842
0.000507
0.001869
0.000363
0.000339
0.000333
0.000336
0.001124
0.000360
0.000556
0.000528
0.000400
0.001636
0.000357
0.000296
0.000421
0.000817
0.000415
0.001385
0.000341
0.000330
0.001826
0.001600
0.002635
0.000362
0.000676
0.000476
0.001484
0.000546
0.000588
0.000358
0.002202
0.000558
0.001183
0.000490
0.000340
0.000276
0.000397
0.000303
0.000286
0.000966
0.000342
0.000414
0.000474
0.001311
0.000259
0.001113
0.000597
0.000417
0.002280
0.000437
0.000931
0.000320
0.000997
0.001051
0.000502
0.000692
0.000401
0.000655
0.000306
0.000330
0.000372
0.000629
0.000395
0.000523
0.001817
0.000400
0.000516
0.001312
0.000323
0.000331
0.000316
0.000349
0.000304
0.000428
0.000431
0.000291
0.000278
0.000565
0.000519
0.000405
0.000317
0.000291
0.000314
0.000308
0.000687
0.000287
0.001383
0.000522
0.000320
0.000643
0.000404
0.000292
0.001051
0.000302
0.000673
0.000774
0.000365
0.000450
0.000387
0.000598
0.000379
0.000598
0.000728
0.000409
0.000555
0.000357
0.000364
0.000281
0.000340
0.000333
0.000342
0.000860
0.000288
0.000287
0.000504
0.000671
0.000444
0.000351
0.000486
0.000479
0.000338
0.000522
0.000391
0.000437
0.000332
0.000501
0.001082
0.000338
0.001103
0.000392
0.000328
0.000290
0.000746
0.000478
0.002821
0.000546
0.000664
0.000458
0.000324
0.000471
0.001848
0.000570
0.000536
0.000351
0.000957
0.000336
0.000317
0.000723
0.001688
0.000488
0.000604
0.000511
0.000481
0.001063
0.000312
0.000437
0.000322
0.000455
0.000403
0.000423
0.000362
0.000743
0.000467
0.000480
0.000521
0.000420
0.000424
0.000364
0.000516
0.000387
0.000362
0.000427
0.000406
0.000663
0.000406
0.000555
0.000314
0.000448
0.000649
0.000449
0.000461
0.000608
0.000408
0.000982
0.000424
0.000892
0.000414
0.000302
0.000414
0.001307
0.000331
0.000383
0.000225
0.000299
0.000258
0.000689
0.000241
0.000300
0.000401
0.000338
0.000231
0.000288
0.000332
0.000216
0.000226
0.000277
0.000223
0.000417
0.000420
0.001589
0.000419
0.000349
0.000431
0.000360
0.000282
0.000368
0.000265
0.000449
0.000434
0.000518
0.000290
0.000330
0.000754
0.000318
0.000259
0.000301
0.000330
0.000328
0.000260
0.000284
0.000302
0.000301
0.000346
0.000305
0.000360
0.000340
0.000261
0.000260
0.000262
0.000263
0.000532
0.000293
0.000615
0.000417
0.000227
0.000210
0.000397
0.000369
0.000258
0.000227
0.000357
0.000360
0.000534
0.000456
0.000283
0.000261
0.000348
0.000241
0.000304
0.000299
0.000370
0.001391
0.000366
0.000246
0.000364
0.000348
0.000413
0.000323
0.000321
0.000409
0.000297
0.000323
0.000358
0.000249
0.000276
0.000329
0.000323
0.000258
0.000248
0.000339
0.001030
0.000285
0.000496
0.000293
0.000243
0.000336
0.000284
0.000408
0.000241
0.000720
0.000316
0.000285
0.000275
0.000332
0.000261
0.000243
0.000570
0.000310
0.000264
0.000540
0.000247
0.000269
0.000365
0.000285
0.000319
0.000274
0.000213
0.000366
0.000300
0.000301
0.000331
0.000281
0.000226
0.000346
0.000281
0.000352
0.000316
0.000374
0.000240
0.000411
0.000298
0.000325
0.000308
0.000297
0.000345
0.000382
0.000353
0.002643
0.000289
0.000305
0.000293
0.000380
0.000391
0.000375
0.000303
0.000445
0.000318
0.000341
0.000757
0.000346
0.000696
0.000396
0.000323
0.000318
0.000375
0.001172
0.000261
0.000438
0.000305
0.000237
0.000264
0.000346
0.000332
0.000269
0.000244
0.000223
0.000311
0.000324
0.000304
0.000252
0.000375
0.000331
0.000214
0.000313
0.000393
0.000371
0.000236
0.000271
0.000324
0.000487
0.000229
0.000385
0.000299
0.000333
0.000232
0.000288
0.000282
0.000393
0.000330
0.000437
0.000456
0.000293
0.000310
0.000395
0.000251
0.000388
0.000257
0.000397
0.000309
0.000520
0.000555
0.000380
0.000293
0.000324
0.000418
0.000366
0.000320
0.000249
0.000246
0.000318
0.000249
0.000348
0.000409
0.000326
0.000312
0.000343
0.000317
0.000496
0.000299
0.000369
0.000277
0.000362
0.000411
0.000257
0.000481
0.000290
0.000541
0.000343
0.000254
0.001952
0.000330
0.000304
0.000341
0.000376
0.000965
0.000398
0.000375
0.000279
0.000465
0.000813
0.002779
0.000363
0.000242
0.000334
0.000687
0.000522
0.000339
0.000361
0.000303
0.000268
0.000359
0.000361
0.000300
0.000614
0.001102
0.000298
0.000344
0.000355
0.000454
0.000316
0.000325
0.000332
0.000365
0.000428
0.000277
0.000371
0.000256
0.000371
0.000537
0.000327
0.000296
0.000249
0.000323
0.000308
0.000471
0.000281
0.000339
0.000267
0.000360
0.000278
0.000362
0.000395
0.000283
0.000233
0.000287
0.000357
0.000318
0.001473
0.000247
0.000340
0.000274
0.000820
0.000278
0.000311
0.000333
0.000782
0.000468
0.000267
0.000380
0.000253
0.000642
0.000282
0.000296
0.000335
0.000254
0.000259
0.000282
0.000386
0.000271
0.000295
0.000263
0.000309
0.000257
0.002541
0.000297
0.000335
0.000336
0.000292
0.000333
0.000348
0.000278
0.000325
0.000276
0.002525
0.000265
0.000739
0.000303
0.000316
0.000357
0.000217
0.000450
0.000449
0.000264
0.000225
0.000266
0.000301
0.000327
0.000547
0.000345
0.000276
0.000532
0.000429
0.000357
0.000332
0.000242
0.000226
0.000408
0.000317
0.000285
0.000380
0.000910
0.000309
0.000305
0.000409
0.000365
0.000323
0.000301
0.000324
0.000460
0.001762
0.000575
0.000339
0.000351
0.000554
0.000268
0.000370
0.000708
0.000274
0.000438
0.000376
0.000346
0.000242
0.000237
0.000682
0.000508
0.000368
0.000221
0.000388
0.000501
0.000355
0.000287
0.000242
0.000292
0.000404
0.000333
0.000284
0.000410
0.000467
0.000283
0.000249
0.000487
0.000437
0.000260
0.000534
0.000235
0.000389
0.000296
0.000301
0.000427
0.000399
0.000279
0.000269
0.000320
0.000268
0.000344
0.000716
0.000326
0.000431
0.000320
0.000436
0.000299
0.000422
0.000297
0.000257
0.000268
0.000317
0.000217
0.000284
0.000228
0.000444
0.000456
0.000301
0.001155
0.000328
0.000590
0.000348
0.000376
0.000406
0.000310
0.000730
0.000338
0.000476
0.000292
0.000331
0.000317
0.000279
0.000295
0.000242
0.000249
0.000287
0.000419
0.000303
0.000604
0.000257
0.000400
0.000358
0.000252
0.000280
0.000660
0.000333
0.000253
0.000230
0.000213
0.000357
0.000271
0.000284
0.000356
0.000414
0.000251
0.000307
0.000249
0.000316
0.000291
0.000305
0.000296
0.000313
0.000278
0.001707
0.000366
0.000307
0.000430
0.000301
0.000265
0.000279
0.000384
0.000261
0.000206
0.000425
0.000284
0.000430
0.000227
0.000235
0.000286
0.000294
0.000368
0.000412
0.000292
0.000362
0.000262
0.000249
0.000519
0.000402
0.000297
0.000569
0.000338
0.000287
0.000241
0.000308
0.000217
0.000265
0.000247
0.000229
0.000320
0.000243
0.000224
0.000303
0.000347
0.000240
0.001215
0.000246
0.000227
0.000386
0.000268
0.000315
0.000389
0.000220
0.000213
0.000298
0.000305
0.000273
0.000307
0.000249
0.000394
0.000367
0.000279
0.000258
0.000254
0.000322
0.000396
0.000223
0.000238
0.000292
0.000295
0.000395
0.000217
0.000251
0.000402
0.000399
0.000243
0.000267
0.000346
0.000350
0.000375
0.000253
0.000312
0.000273
0.000298
0.000254
0.000330
0.000459
0.000383
0.000391
0.000270
0.000399
0.000287
0.000383
0.000417
0.000420
0.000428
0.003803
0.000314
0.000408
0.002202
0.000301
0.000305
0.000470
0.000345
0.000432
0.000250
0.000763
0.000326
0.000338
0.000273
0.000335
0.000424
0.000491
0.000286
0.000439
0.000945
0.000316
0.000345
0.000524
0.000264
0.000319
0.000531
0.000311
0.000581
0.000225
0.000531
0.000264
0.000766
0.000363
0.000561
0.000628
0.000899
0.000304
0.000282
0.000458
0.000476
0.000327
0.000495
0.000499
0.000485
0.000343
0.000234
0.000412
0.000321
0.000301
0.000854
0.000314
0.001197
0.000345
0.000356
0.000285
0.000363
0.000551
0.003041
0.000334
0.000635
0.000289
0.000306
0.000412
0.000356
0.000299
0.000451
0.000264
0.001701
0.000357
0.000373
0.000256
0.000315
0.000245
0.000336
0.000425
0.000331
0.000478
0.000320
0.000288
0.000274
0.000320
0.000253
0.000228
0.000263
0.000239
0.000253
0.000253
0.000351
0.000670
0.000356
0.000260
0.000266
0.000270
0.000327
0.000275
0.000325
0.000254
0.000486
0.000322
0.000290
0.000415
0.000368
0.000246
0.000204
0.000349
0.000279
0.000251
0.000257
0.000317
0.000328
0.000247
0.000296
0.000246
0.000227
0.000374
0.000335
0.000367
0.000375
0.000284
0.000246
0.000335
0.000271
0.000228
0.000798
0.000324
0.000273
0.000322
0.000362
0.000252
0.000257
0.000912
0.000425
0.000347
0.000453
0.000244
0.000390
0.000375
0.000485
0.000706
0.000265
0.000416
0.000273
0.000274
0.000365
0.000257
0.000321
0.000244
0.000458
0.000388
0.000223
0.000258
0.000270
0.000470
0.000292
0.000504
0.000308
0.000382
0.000413
0.000499
0.000283
0.000251
0.000227
0.000295
0.000349
0.000299
0.000356
0.000285
0.002863
0.000369
0.000378
0.000227
0.000464
0.005941
0.000362
0.000480
0.000621
0.000685
0.001482
0.000397
0.000295
0.000243
0.000694
0.000273
0.000388
0.000321
0.000354
0.000349
0.000349
0.000350
0.000271
0.000345
0.000230
0.000293
0.000286
0.000290
0.000463
0.000334
0.000271
0.000260
0.000286
0.000886
0.000252
0.000283
0.000256
0.000302
0.000314
0.000274
0.000348
0.002292
0.000315
0.000859
0.000259
0.000216
0.000518
0.000463
0.000402
0.000276
0.000282
0.000268
0.000596
0.000241
0.000933
0.000250
0.000242
0.000232
0.000339
0.000936
0.000300
0.000283
0.000382
0.000391
0.000316
0.000268
0.000230
0.000237
0.000258
0.000407
0.000279
0.000276
0.000419
0.000213
0.000372
0.001067
0.000269
0.000328
0.000446
0.000367
0.000310
0.000311
0.003274
0.000333
0.000403
0.000224
0.000420
0.000310
0.000373
0.000291
0.000797
0.000380
0.000245
0.000342
0.000226
0.000291
0.000350
0.000254
0.000284
0.000333
0.000382
0.000286
0.000437
0.000310
0.000508
0.000326
0.000294
0.000284
0.000790
0.000242
0.000309
0.000337
0.000353
0.000468
0.000267
0.000220
0.000418
0.000361
0.000342
0.000285
0.000392
0.000433
0.000255
0.000244
0.000287
0.000514
0.000266
0.000222
0.000249
0.000379
0.000323
0.000435
0.000284
0.000330
0.000281
0.000306
0.000330
0.000422
0.000339
0.000347
0.001983
0.000388
0.000311
0.000340
0.000296
0.000292
0.000294
0.000389
0.000225
0.000456
0.000419
0.000300
0.000242
0.000529
0.001166
0.000265
0.000342
0.000491
0.203039
0.000313
0.000392
0.000402
0.001081
0.001241
0.001437
0.000292
0.000254
0.000280
0.000364
0.000237
0.000320
0.000476
0.000230
0.000399
0.000231
0.000318
0.000415
0.000393
0.000499
0.000333
0.000254
0.000276
0.000363
0.000236
0.000397
0.000317
0.000321
0.000384
0.000221
0.000239
0.000265
0.000321
0.000303
0.000272
0.000331
0.000434
0.000324
0.000271
0.000233
0.024688
0.000285
0.000902
0.000423
0.000343
0.000258
0.000215
0.000280
0.000246
0.000210
0.000322
0.000360
0.000311
0.000469
0.000436
0.000820
0.002492
0.000629
0.000391
0.000508
0.000400
0.000354
0.001977
0.000325
0.003990
0.001551
0.002579
0.000949
0.000783
0.000335
0.000650
0.000355
0.001818
0.000492
0.000394
0.000350
0.001315
0.000403
0.000347
0.000247
0.000498
0.000397
0.000445
0.001473
0.000261
0.000307
0.000511
0.000333
0.000309
0.004695
0.000511
0.000372
0.000372
0.000447
0.000793
0.000486
0.000696
0.001337
0.000323
0.000290
0.000339
0.000334
0.000283
0.000408
0.000502
0.000298
0.000416
0.000595
0.000388
0.000392
0.000337
0.000325
0.000414
0.000489
0.000467
0.000518
0.002182
0.000408
0.000299
0.000633
0.000353
0.000390
0.000336
0.000337
0.000324
0.000627
0.000389
0.000294
0.000372
0.000359
0.000390
0.000454
0.003715
0.000348
0.000308
0.000360
0.000737
0.000407
0.000452
0.000462
0.000528
0.000610
0.000539
0.000383
0.000385
0.000487
0.000402
0.000566
0.000784
0.000325
0.000451
0.000619
0.000281
0.000510
0.000347
0.000284
0.000678
0.000302
0.000289
0.000508
0.000404
0.000504
0.000346
0.000541
0.000332
0.000588
0.000300
0.000296
0.000375
0.000417
0.000573
0.000933
0.000255
0.000344
0.000346
0.000372
0.000309
0.000447
0.000310
0.000525
0.000289
0.000289
0.000274
0.000433
0.004263
0.001158
0.001775
0.000347
0.000260
0.000311
0.000631
0.000664
0.000288
0.000422
0.000611
0.000792
0.000343
0.000434
0.000541
0.001235
0.001384
0.000711
0.001067
0.000371
0.000686
0.000338
0.002160
0.000744
0.000276
0.000277
0.000388
0.000291
0.000414
0.000715
0.000326
0.000315
0.000275
0.000252
0.000283
0.000233
0.000302
0.000389
0.000298
0.000290
0.000302
0.000279
0.000338
0.000544
0.000307
0.000317
0.000594
0.000297
0.000259
0.000453
0.000395
0.000241
0.000482
0.000312
0.000337
0.000284
0.000341
0.000279
0.000230
0.000323
0.000239
0.000242
0.000225
0.000322
0.000221
0.001597
0.000247
0.000248
0.000432
0.000304
0.000365
0.000244
0.000257
0.000281
0.000448
0.000287
0.000218
0.000315
0.000284
0.000364
0.000242
0.000253
0.000434
0.000341
0.000433
0.000262
0.000320
0.000337
0.000479
0.000253
0.000347
0.000221
0.000236
0.000310
0.000242
0.000216
0.000281
0.000359
0.000347
0.000365
0.000299
0.000230
0.000408
0.000294
0.000357
0.000453
0.000239
0.000271
0.000274
0.000390
0.000275
0.000339
0.000462
0.000341
0.000246
0.000331
0.000260
0.000322
0.000294
0.000315
0.001787
0.000321
0.000255
0.000287
0.000296
0.000259
0.000314
0.000215
0.000319
0.000384
0.000323
0.000311
0.000364
0.000223
0.000274
0.000238
0.000277
0.000409
0.000450
0.000278
0.000287
0.000218
0.000359
0.000259
0.000301
0.000246
0.000342
0.000347
0.000298
0.000221
0.000455
0.000416
0.000313
0.000328
0.000358
0.000278
0.000562
0.000224
0.000340
0.000352
0.000376
0.000242
0.000244
0.000359
0.000261
0.000263
0.000217
0.000308
0.000351
0.000371
0.000273
0.000334
0.000440
0.000345
0.000291
0.000224
0.000396
0.000545
0.000367
0.000287
0.000373
0.000392
0.000584
0.000377
0.000729
0.000300
0.000273
0.000680
0.000308
0.000227
0.000678
0.000389
0.000281
0.000411
0.000264
0.000301
0.000383
0.000266
0.000281
0.000471
0.001322
0.000246
0.000286
0.000438
0.000462
0.000369
0.000532
0.000415
0.000328
0.000340
0.000257
0.000283
0.000407
0.000325
0.000792
0.000313
0.000593
0.000481
0.000249
0.000468
0.000327
0.000526
0.000398
0.000371
0.000547
0.000294
0.000342
0.000614
0.000456
0.000351
0.000465
0.000351
0.000326
0.000391
0.000331
0.000348
0.000561
0.000516
0.000694
0.000357
0.000414
0.000299
0.000465
0.000389
0.000383
0.000350
0.000372
0.000302
0.000339
0.000308
0.000731
0.000452
0.000335
0.000585
0.000671
0.003020
0.000391
0.000370
0.000310
0.000356
0.000414
0.000629
0.000417
0.000398
0.000311
0.000371
0.000501
0.000412
0.000331
0.000663
0.000305
0.000381
0.000327
0.000390
0.000302
0.001883
0.000387
0.000346
0.000390
0.000331
0.000454
0.000699
0.000532
0.000320
0.000337
0.000788
0.000592
0.000389
0.000268
0.001003
0.000335
0.000417
0.000343
0.000944
0.000418
0.000359
0.000324
0.000520
0.000341
0.000336
0.000563
0.000310
0.004222
0.000658
0.000609
0.000452
0.000401
0.000396
0.000738
0.000997
0.000340
0.000393
0.001303
0.001760
0.000533
0.000243
0.000586
0.000334
0.000375
0.000251
0.005530
0.000738
0.000347
0.000620
0.001631
0.001735
0.000396
0.000383
0.000827
0.000784
0.000311
0.000334
0.000607
0.000946
0.000361
0.001164
0.000900
0.000288
0.000296
0.000287
0.000298
0.000464
0.000328
0.002544
0.000350
0.000356
0.000475
0.000335
0.000345
0.000467
0.000297
0.000282
0.000220
0.000306
0.000276
0.000294
0.000269
0.000913
0.000251
0.000266
0.000329
0.000386
0.000321
0.000282
0.000240
0.000365
0.000264
0.000231
0.000263
0.000362
0.000268
0.000299
0.000309
0.000311
0.000310
0.000261
0.000368
0.000254
0.000249
0.000238
0.000313
0.000259
0.000259
0.000242
0.000542
0.000325
0.000388
0.000331
0.000282
0.000268
0.000323
0.000379
0.000358
0.000221
0.000282
0.000273
0.000248
0.000260
0.000626
0.000226
0.000462
0.000361
0.000316
0.000365
0.000390
0.000273
0.000259
0.000245
0.000266
0.000277
0.000277
0.000278
0.000218
0.000218
0.000233
0.000387
0.000286
0.000253
0.000373
0.000327
0.000256
0.000410
0.001299
0.000525
0.000296
0.000451
0.000347
0.000289
0.000399
0.000391
0.001299
0.000335
0.000334
0.000265
0.000373
0.000352
0.000366
0.000405
0.000432
0.000238
0.000861
0.000267
0.000363
0.000459
0.000348
0.000313
0.000246
0.000405
0.000455
0.000244
0.000264
0.000470
0.000265
0.000279
0.000507
0.000610
0.000393
0.000321
0.000307
0.001209
0.000298
0.000320
0.000258
0.000249
0.000313
0.000833
0.000312
0.000312
0.000420
0.000281
0.000614
0.000529
0.000348
0.000296
0.000375
0.000516
0.000742
0.000367
0.000511
0.000286
0.000397
0.000366
0.000331
0.000312
0.000306
0.000355
0.000406
0.000265
0.000933
0.000356
0.000245
0.000290
0.000360
0.000475
0.000261
0.000252
0.000438
0.000232
0.000323
0.000307
0.000375
0.000259
0.001606
0.000320
0.000326
0.000423
0.000401
0.000312
0.000368
0.000424
0.000300
0.000316
0.000281
0.127888
0.000293
0.000389
0.000356
0.000281
0.000415
0.000280
0.000306
0.000286
0.000321
0.000416
0.000367
0.000230
0.000385
0.057216
0.000319
0.000343
0.000322
0.000382
0.000421
0.000277
0.000226
0.000361
0.000449
0.000293
0.000278
0.000222
0.000745
0.000301
0.000402
0.000308
0.000289
0.000363
0.000685
0.000826
0.001202
0.000284
0.000277
0.000331
0.000335
0.000224
0.000365
0.000367
0.000545
0.000255
0.000234
0.000303
0.000339
0.000272
0.000305
0.000418
0.000352
0.000267
0.000356
0.000363
0.000297
0.000529
0.000310
0.000470
0.000306
0.000422
0.000280
0.000240
0.000386
0.000313
0.001457
0.000314
0.000248
0.000379
0.000338
0.054829
0.000279
0.000241
0.000237
0.000291
0.000260
0.000359
0.000428
0.000278
0.000308
0.000719
0.000258
0.000260
0.000223
0.000280
0.000487
0.000272
0.000323
0.000363
0.000325
0.000296
0.000481
0.000347
0.000307
0.000524
0.000286
0.000276
0.000319
0.000249
0.000338
0.000246
0.000332
0.000279
0.000290
0.000400
0.000335
0.000502
0.000361
0.000258
0.000224
0.000276
0.000441
0.000317
0.000261
0.000343
0.000258
0.000305
0.000262
0.000496
0.000313
0.000297
0.000422
0.000336
0.002367
0.000273
0.000495
0.000418
0.000428
0.000363
0.000246
0.000256
0.000289
0.000336
0.000289
0.000500
0.000312
0.001051
0.000323
0.000321
0.000339
0.000402
0.000326
0.002613
0.000310
0.000322
0.000813
0.000330
0.000414
0.000269
0.000416
0.001040
0.000427
0.000281
0.000351
0.000380
0.000352
0.001023
0.000318
0.000269
0.000677
0.000300
0.000366
0.000258
0.000348
0.000488
0.000263
0.000236
0.000531
0.000428
0.000277
0.000391
0.000310
0.000361
0.000249
0.000281
0.000291
0.000228
0.000260
0.000351
0.000270
0.000382
0.000329
0.000612
0.000300
0.002446
0.000501
0.000500
0.000309
0.000394
0.000310
0.000455
0.000428
