0.001186
0.001218
0.001093
0.001213
0.000910
0.001021
0.000526
0.001219
0.000666
0.001182
0.000488
0.000929
0.001110
0.001013
0.001188
0.001165
0.000975
0.001186
0.000906
0.000829
0.001082
0.000860
0.001249
0.002418
0.001306
0.002343
0.001121
0.001118
0.002313
0.001003
0.001035
0.001175
0.001155
0.002265
0.002443
0.001016
0.000751
0.001042
0.002198
0.001283
0.000847
0.001506
0.001127
0.000771
0.001182
0.001016
0.001064
0.000890
0.000935
0.000949
0.000388
0.000760
0.001192
0.001159
0.001147
0.000683
0.001127
0.001986
0.001006
0.001859
0.001014
0.000821
0.001940
0.000887
0.000881
0.001068
0.001023
0.000950
0.001165
0.001160
0.001698
0.001101
0.001127
0.001040
0.000548
0.000972
0.001052
0.000949
0.001117
0.001113
0.001026
0.001173
0.000883
0.001233
0.001636
0.001116
0.001125
0.001101
0.001189
0.001075
0.000935
0.001214
0.001018
0.000872
0.001142
0.001070
0.001090
0.001121
0.001167
0.001109
0.000935
0.000930
0.000742
0.000858
0.000882
0.001089
0.001361
0.001044
0.001178
0.001199
0.000928
0.001005
0.001090
0.001068
0.000484
0.000408
0.001174
0.001220
0.001051
0.002414
0.001154
0.000364
0.000978
0.001026
0.001108
0.001198
0.001137
0.001326
0.001587
0.000990
0.001044
0.001194
0.001037
0.000499
0.000963
0.000545
0.001246
0.001855
0.001199
0.000458
0.001169
0.001047
0.001096
0.001086
0.001242
0.000529
0.000932
0.001195
0.002362
0.001661
0.000978
0.000744
0.001093
0.002140
0.001012
0.001137
0.000993
0.001215
0.001230
0.001120
0.001210
0.001220
0.001036
0.000930
0.001132
0.001178
0.001220
0.001163
0.002452
0.001123
0.001120
0.001110
0.001235
0.001153
0.000939
0.001102
0.000958
0.001222
0.001206
0.001118
0.000889
0.001122
0.001223
0.002320
0.001140
0.000972
0.001233
0.001164
0.001158
0.001124
0.001051
0.001079
0.001186
0.001186
0.000981
0.001179
0.001111
0.001090
0.000981
0.000676
0.000995
0.001109
0.001181
0.001167
0.001083
0.001207
0.001812
0.001402
0.001182
0.000983
0.001071
0.001185
0.000660
0.001198
0.001035
0.001147
0.001138
0.001124
0.002229
0.001165
0.001081
0.001053
0.001204
0.000893
0.001014
0.000957
0.001710
0.001165
0.001865
0.001127
0.001131
0.001061
0.001101
0.001232
0.001262
0.000748
0.001249
0.000615
0.001008
0.001103
0.002008
0.001891
0.001020
0.000964
0.001181
0.000413
0.000678
0.000858
0.001000
0.001188
0.001133
0.001177
0.001185
0.001141
0.001240
0.000982
0.001473
0.001015
0.001012
0.001143
0.001077
0.001180
0.001110
0.000499
0.001035
0.000977
0.000951
0.000983
0.000979
0.001080
0.001095
0.001189
0.001173
0.001171
0.001139
0.001260
0.000942
0.001237
0.001136
0.001229
0.000677
0.000976
0.000996
0.001338
0.001554
0.001071
0.001071
0.002225
0.000973
0.000930
0.001159
0.001053
0.000947
0.001060
0.001167
0.001117
0.001174
0.001095
0.001288
0.001138
0.001053
0.001155
0.000557
0.000850
0.000836
0.001027
0.000973
0.001081
0.001195
0.000952
0.001108
0.001148
0.001071
0.001071
0.001315
0.001088
0.001053
0.001097
0.000998
0.001054
0.000970
0.001032
0.002029
0.001219
0.000540
0.001146
0.001195
0.001089
0.001177
0.001263
0.000918
0.000853
0.001312
0.001088
0.000904
0.002226
0.001127
0.001244
0.001172
0.001002
0.001017
0.000907
0.001092
0.001229
0.001114
0.001169
0.001178
0.001223
0.001475
0.001190
0.001145
0.000477
0.001353
0.000838
0.000980
0.001090
0.001095
0.000960
0.000473
0.001053
0.000955
0.001161
0.000971
0.000918
0.001175
0.000812
0.001090
0.000801
0.001037
0.001036
0.000706
0.001232
0.001034
0.001095
0.001636
0.000982
0.001213
0.001034
0.001205
0.000982
0.001136
0.000959
0.001114
0.001047
0.001150
0.000976
0.001389
0.000913
0.001157
0.001093
0.001128
0.000971
0.001039
0.001149
0.002248
0.001035
0.000863
0.001077
0.001095
0.001065
0.000586
0.001446
0.000904
0.000867
0.001101
0.002367
0.001015
0.001101
0.001190
0.001130
0.001132
0.000865
0.000946
0.001034
0.000479
0.000985
0.001242
0.000975
0.001242
0.000868
0.001009
0.001237
0.001070
0.000966
0.001042
0.001091
0.000966
0.000725
0.001135
0.001248
0.001002
0.000986
0.001153
0.000909
0.000971
0.001170
0.000890
0.001091
0.001226
0.001185
0.001075
0.001193
0.001179
0.000548
0.001173
0.001113
0.000765
0.000895
0.001144
0.001322
0.000967
0.001186
0.001167
0.001073
0.001016
0.001084
0.001151
0.001154
0.001177
0.000807
0.000903
0.001144
0.001255
0.001048
0.001262
0.000876
0.001155
0.000951
0.001030
0.001070
0.000958
0.000919
0.000711
0.000916
0.001136
0.001124
0.000586
0.001135
0.001187
0.000548
0.001237
0.001169
0.000989
0.000830
0.001060
0.001280
0.000674
0.000790
0.000818
0.001152
0.001730
0.000830
0.000837
0.001100
0.001907
0.000952
0.001186
0.001144
0.001168
0.000903
0.000889
0.001067
0.001131
0.001041
0.001087
0.001795
0.001293
0.000502
0.001090
0.000974
0.001210
0.001215
0.001161
0.000940
0.001297
0.000948
0.001009
0.001491
0.002476
0.000925
0.001661
0.000998
0.000900
0.001124
0.001222
0.001192
0.001370
