0.579189
0.197280
0.241322
0.240331
0.219349
0.238861
0.236553
0.316598
0.200716
0.178551
0.187735
0.234402
0.975512
0.228121
0.193796
0.221040
0.239249
0.249493
0.959401
0.278856
0.226462
0.228092
0.224681
0.207069
0.281111
0.185232
0.295150
0.169904
0.538781
0.173172
0.231759
0.233313
0.251376
0.229185
0.236199
0.239724
0.190020
0.190526
0.215665
0.252234
0.219541
0.197568
0.197550
0.317506
0.192201
0.170713
0.936913
0.216629
0.215764
0.194630
0.436936
0.183563
0.256595
0.244834
0.238911
0.192539
0.171874
0.219242
0.206123
0.192870
0.230675
0.207976
0.518401
0.219552
0.267982
0.200698
0.466732
0.189661
0.216705
0.203614
0.231194
0.220721
0.249031
0.288282
0.187813
0.225671
0.177921
0.207585
0.238768
0.283438
0.178121
0.978230
0.194326
0.171511
0.196939
0.208686
0.205391
0.186436
0.206462
0.687128
0.179598
0.164448
0.247537
0.246080
0.229793
0.209340
0.221691
0.226875
0.208195
0.283506
0.171160
0.237946
0.233912
0.191302
0.189709
0.205514
0.243047
0.180846
0.181322
0.186828
0.211478
0.212460
0.199515
0.721274
0.193602
0.210898
0.187320
0.177486
0.189488
0.210606
0.194209
0.194234
0.191603
0.227820
0.224812
0.199924
0.207509
0.234972
0.201429
0.253371
0.295006
0.304866
0.325019
0.446653
0.324556
0.298897
0.319093
0.328718
0.293244
0.351337
0.370760
0.331766
0.442161
0.311963
0.421650
0.458297
0.256145
0.215783
0.191930
0.220216
0.205661
0.214775
0.224700
0.345841
0.250095
0.204323
0.204924
0.206265
0.171244
0.200155
0.217856
0.384815
0.339158
0.215967
0.174613
0.224133
0.198881
0.207173
0.225272
0.192537
0.199692
0.194733
0.203878
0.182138
0.176004
0.191763
0.164424
0.462124
0.186456
0.550471
0.226493
0.174068
0.173523
0.248389
0.225931
0.317956
0.223791
0.198196
0.187407
1.208925
0.179110
0.215809
0.226862
0.225609
0.190120
0.194048
0.209443
0.222130
0.275412
0.225854
0.208203
0.198661
0.285505
0.193752
0.189908
0.183558
0.233781
0.194667
0.219712
0.205973
0.221844
0.187829
0.188711
0.204255
0.197086
0.241621
0.180839
0.191236
0.246688
0.242063
0.205074
0.189596
0.210143
0.182026
0.603854
0.237045
0.232327
0.199019
0.211043
1.085321
0.196165
0.193462
0.228798
0.211826
0.190130
0.235622
0.236810
0.208048
0.228720
0.469983
0.211808
0.242626
0.241243
0.172096
0.526406
0.198031
0.176630
0.290137
0.221341
0.202166
0.191986
0.184594
0.221000
0.268364
0.755337
0.228588
0.395714
0.508586
0.220864
0.193370
0.238907
0.179801
0.204876
0.194241
0.194692
0.178411
0.238118
0.234357
0.612316
0.174150
0.192939
0.219619
0.443909
0.179720
0.254007
0.209780
0.236767
0.200490
0.299306
0.171948
0.185193
0.211117
0.732717
0.234977
0.215582
0.222874
0.205163
0.208240
0.214207
0.223227
0.202096
0.746724
0.180971
0.200125
0.203564
0.182104
0.181818
0.221241
0.172190
0.225172
0.191297
0.218877
0.208871
0.171979
0.194910
0.214579
0.176341
0.201933
0.649479
0.217896
0.190919
0.214087
0.196541
0.196430
0.208791
0.191698
0.208221
0.206345
0.205569
0.186107
0.198089
0.365153
0.254282
0.245509
0.162448
0.187134
0.196745
0.164395
0.214895
0.347616
0.254571
0.178548
0.233984
0.188825
0.206472
0.220326
0.214033
0.189262
0.187032
0.214671
0.627447
0.165393
0.167004
0.498180
0.211148
0.217217
0.193213
0.200243
0.177594
0.234457
0.223764
0.200572
0.205320
0.602702
0.233154
0.268361
0.268234
0.291247
0.224312
0.294303
0.209393
0.273453
0.256259
0.227764
0.188881
0.278778
0.506555
0.338809
0.389965
0.181579
0.190070
0.323096
0.283776
0.791312
0.187620
0.168923
0.196972
0.206543
0.149564
0.178054
0.182141
0.189932
0.449070
0.187552
0.214154
0.215531
0.187205
0.402804
0.231864
0.253039
0.210946
0.181435
0.221478
0.211040
0.218361
0.221329
0.187954
0.203374
0.234938
0.210089
0.174225
0.196663
0.261877
0.190636
0.204502
0.314985
0.182230
0.343959
0.216107
0.191474
0.233571
0.200873
0.186487
0.229935
0.218465
0.201071
0.186598
0.254655
0.672278
0.241694
0.216857
0.189393
0.239907
0.210298
0.237617
0.211346
0.189754
0.267376
0.219768
0.227726
0.198879
0.249420
0.187250
0.337787
0.224311
0.519209
0.227110
0.485896
0.167510
0.244168
0.228906
0.226741
0.215397
0.207874
0.203578
0.189404
0.691940
0.173502
1.176918
0.241503
0.245828
0.254842
0.179524
0.207973
0.225535
0.241422
0.205645
0.184454
0.202816
0.203025
0.216092
0.201664
0.205223
0.824880
0.211285
0.211240
0.227276
0.217987
0.187810
0.228901
0.192279
0.227130
0.187033
0.205669
0.243918
0.201739
0.199023
0.213206
0.209555
0.224787
0.209669
0.234794
0.184079
0.349994
0.248902
0.270463
0.642242
0.199397
0.220509
0.193905
0.245378
0.205217
0.219784
0.170015
0.336479
0.219937
0.217325
0.252395
0.196993
0.178947
0.237546
0.190579
0.195077
0.207512
0.294539
0.183889
0.254435
0.199466
0.164739
0.258805
0.197844
0.215546
0.347388
0.214104
0.235991
0.251733
0.189296
0.185598
0.224647
0.581466
0.218854
0.199777
0.242106
0.243299
0.663060
0.223116
0.188329
0.169989
0.221069
0.196561
0.196637
0.183494
0.196047
0.195320
0.192281
0.691327
0.219492
0.475197
0.188974
0.190074
0.178549
0.235119
0.183186
0.296094
0.209181
0.204327
0.222759
0.419104
0.187050
0.208353
0.472801
0.193716
0.205174
0.500856
0.186122
0.197451
0.212764
0.195382
0.215587
0.203589
0.226942
0.210636
0.242350
0.233418
0.178204
0.227645
0.184557
0.836870
0.247518
0.191716
0.211980
0.192491
0.216595
0.232952
0.259324
0.235020
0.221363
0.586950
0.183460
0.201188
0.214545
0.186845
0.204540
0.251690
0.512655
0.191193
0.187469
0.197311
0.197223
0.180220
0.495603
0.181682
0.184150
0.234368
0.191725
0.206523
0.223844
0.294567
0.236451
0.201357
0.208450
0.176354
0.231535
0.220645
0.305035
0.188481
0.172071
0.191945
0.188351
0.205680
0.222306
0.250402
0.171789
0.199271
0.213697
0.188858
0.190485
0.225930
0.196182
0.266680
0.676499
0.230639
0.193615
0.773873
0.185514
0.165263
0.198977
0.179798
0.204835
0.222269
0.204574
0.217221
0.259606
0.192074
1.393011
0.192179
0.194273
0.222954
0.552312
0.189738
0.267613
0.175553
0.199527
0.195618
0.184226
0.195420
0.618930
0.187504
0.276058
0.205197
0.210920
0.210235
0.224513
0.166375
0.259517
0.217908
0.188015
0.611909
0.207121
0.811236
0.199113
0.185387
0.227299
0.703117
0.246421
0.193165
0.207955
0.173190
0.171854
0.311305
0.172995
0.205079
0.202833
0.164418
0.201233
0.229094
0.198883
0.204644
0.221857
0.217259
0.260822
0.226824
0.183015
0.219447
0.309304
0.203416
0.205517
0.256036
0.254715
0.228009
0.219678
0.194517
0.172445
0.501828
0.215344
0.276732
0.194981
0.199786
0.217859
0.187372
0.182424
0.193172
0.267343
0.189535
0.214406
0.195596
0.194857
0.230683
0.186972
0.179044
0.219048
0.271626
0.158175
0.204117
0.190635
0.180581
0.209999
0.224347
0.195171
0.462076
0.172747
0.217308
0.197393
0.202173
0.231007
0.229636
0.174117
0.520431
0.206320
0.519692
0.254020
0.303436
0.405025
0.203660
0.202570
0.208360
0.229765
0.229460
0.213289
0.297479
0.265947
0.222988
0.207453
0.279636
0.171492
0.184100
0.209017
0.191231
0.185009
0.338386
0.188494
0.221694
0.177866
0.190536
0.235853
0.310407
0.169671
0.212304
0.226164
0.182529
0.246695
0.185730
0.237600
0.179290
0.194061
0.179034
0.590682
0.208705
0.206546
0.190547
0.469135
0.198806
0.192963
0.196112
0.184950
0.200005
0.229896
0.210481
0.212439
0.235388
0.201948
0.166604
0.183356
0.189029
0.222271
0.906343
0.304175
0.213140
0.172286
0.205658
0.224153
0.177024
0.216188
0.231903
0.227354
0.203839
0.244488
0.199201
0.637623
0.225722
0.189898
0.201030
0.684048
0.213831
0.224469
0.183147
0.250583
0.211068
0.268884
0.197119
0.191902
0.203534
0.220034
0.168946
0.205735
0.215445
0.576498
0.199242
0.432771
0.205015
0.159322
0.199058
0.216892
0.203584
0.181330
0.260644
0.232992
0.270233
0.703427
0.332651
0.527716
0.522925
0.201259
0.173976
0.230321
0.217545
0.202092
0.414014
0.172661
0.227329
0.189675
0.189324
0.220586
0.233823
0.206310
0.716787
0.213184
0.217492
0.219096
0.270880
0.184086
0.233904
0.186071
0.216075
0.169396
0.235999
0.192088
0.230681
0.202573
0.186679
0.232448
0.471671
0.987074
0.827624
0.201971
0.164661
0.186719
0.195357
0.194965
0.251961
0.214213
0.219012
0.225738
0.281821
0.340120
0.255783
0.208329
0.262992
0.211532
0.362097
0.205336
0.213511
0.209297
0.226188
0.205895
0.207876
0.188699
0.181056
0.179945
0.177441
0.232428
0.225893
0.266314
0.536715
0.197363
0.159181
0.178175
0.549616
0.203426
0.184269
0.215944
0.221239
0.224442
0.254225
0.222866
0.200031
0.194491
0.171982
0.213968
0.208773
0.246331
0.175318
0.227721
0.241365
0.215355
0.199300
0.223320
0.236724
0.226660
0.282144
0.201570
0.260486
0.184470
0.246922
0.185149
0.204126
0.232131
1.170258
0.222446
0.198866
0.198727
0.236079
0.210966
0.207097
0.191472
0.247996
0.186984
0.223220
0.280176
0.211173
0.195271
0.213458
0.224763
0.188033
0.246798
0.262417
0.311634
0.646848
0.221611
0.228106
0.211474
0.195100
0.174178
0.190345
0.234884
0.173555
0.685949
0.198801
0.228384
0.212186
0.207340
0.700048
0.177595
0.208969
0.192990
0.258500
0.199644
0.211572
0.193577
0.222185
0.192473
0.200248
0.252246
0.232137
0.190448
0.198632
0.252179
0.240972
0.178855
0.226479
0.249673
0.212079
0.185745
0.720200
0.243197
0.176273
0.201845
0.227379
0.168987
0.197294
0.195366
0.332710
0.428255
0.218938
0.204276
0.247951
0.202730
0.899895
0.224335
0.216859
0.234246
0.238983
0.215972
0.172112
0.189379
0.302760
0.220135
0.239593
0.254661
0.211568
0.191593
0.233152
0.561511
0.193649
0.261633
0.530079
0.191989
0.203492
0.437755
0.237172
0.179373
0.251245
0.962000
0.398687
0.197458
0.192737
0.266700
0.204824
0.193363
0.202830
0.268943
0.511859
0.188550
0.219810
0.206929
0.327753
0.861374
0.229993
0.212553
0.218894
0.220831
0.208905
0.207929
0.206623
0.243699
0.213541
0.211892
0.499455
0.220476
0.585670
0.823515
0.189395
0.199209
0.253981
0.240129
0.193423
0.215665
0.177839
0.200796
0.196658
0.428018
0.204371
0.184206
0.414725
0.220731
0.174960
0.222077
0.199290
0.255957
0.192877
0.181998
0.201270
0.231914
0.205247
0.211920
0.216761
0.214535
0.191652
0.836138
0.205871
0.182388
0.209051
0.201305
0.170977
0.685483
0.200511
0.218266
0.198968
0.218561
0.219324
0.220023
0.202771
0.559577
0.374303
0.174538
0.483667
0.371959
0.193068
0.229002
0.199045
0.179642
0.250622
0.232393
0.179491
0.207536
0.223864
0.174608
0.207591
0.221331
0.208519
0.259731
0.221338
0.214444
0.193775
0.223270
0.244749
0.662607
0.202495
0.356838
0.217509
0.171256
0.239120
0.226607
0.213288
0.202382
0.179837
0.210947
0.225916
0.198810
0.205459
0.212342
0.209181
0.156668
0.217550
0.202572
0.262254
0.199766
0.217536
0.218978
0.314131
0.235606
0.200830
0.218917
0.224619
0.189589
0.185691
0.198319
0.197468
0.204049
0.190127
0.218941
0.224229
0.237377
0.205896
0.192924
0.182096
0.214066
0.173144
0.210063
0.203176
0.220917
0.277789
0.195756
0.241788
0.219960
0.206842
0.227262
0.812369
0.199834
0.320696
0.240463
0.207366
0.203194
0.219720
0.197693
0.241112
0.208885
0.183772
0.202345
0.203516
0.200991
0.277608
0.237537
0.223217
0.738847
0.230596
0.388561
0.263218
0.217460
0.231622
0.208975
0.229900
0.245868
0.179438
0.218916
0.193286
0.202681
0.170302
0.190482
0.224045
0.219611
0.666002
0.169916
0.240336
0.512001
0.210654
0.258699
0.359996
0.200725
0.194070
0.206384
0.337996
0.658853
0.277798
0.202859
0.225612
0.206097
0.230863
0.578079
0.214093
0.181935
0.481584
0.621258
0.236797
0.199675
0.249458
0.187972
0.242988
0.203494
0.188051
0.225493
0.205078
0.225888
0.214494
0.225734
0.190067
0.228501
0.175538
0.180609
0.205012
0.177653
0.825193
0.218635
0.186925
0.186312
0.202997
0.207547
0.225632
0.176681
0.218608
0.187782
0.220256
0.169241
0.961799
0.213696
0.216335
0.210941
0.208066
0.193835
0.534455
0.222981
0.167516
0.204488
0.276496
0.236335
0.452543
0.225403
0.231182
0.207425
0.191880
0.208227
0.176888
0.233689
0.163261
0.239050
0.210579
0.310567
0.193936
0.222211
0.227283
0.252677
0.214944
0.210342
0.261903
0.249304
0.295012
0.311247
0.179345
0.180665
0.200000
0.195414
0.268180
0.202677
0.172259
0.241905
0.206481
0.201818
0.205827
0.204288
0.221857
0.235841
0.226484
0.191652
0.337971
0.175224
0.203588
0.457156
0.242402
0.224628
0.215601
0.212816
0.215691
0.160695
0.205915
0.198929
0.221875
0.375886
0.181426
0.281062
0.338328
0.207354
0.197048
0.219092
0.205961
0.233026
0.175444
0.215120
0.205347
0.238509
0.205881
0.196271
0.217963
0.511087
0.434557
0.221918
0.224452
0.225534
0.194350
0.322747
0.178667
0.223690
0.268038
0.774664
0.234766
0.254830
0.205130
0.196092
0.224677
0.649789
0.228432
0.194549
0.207393
0.286080
0.226805
0.170573
0.169725
0.173018
0.193220
0.531817
0.219449
0.648801
0.203990
0.264551
0.224238
0.242096
0.170431
0.230692
0.216965
0.207699
0.205969
0.272995
0.226836
0.185762
0.185178
0.239782
0.221317
0.175227
0.240702
0.609460
0.236787
0.261427
0.260603
0.197367
0.221142
0.188346
0.258773
0.229919
0.227889
0.244175
0.210553
0.206868
0.207432
0.207894
0.203218
0.635102
0.193559
0.280399
0.177924
0.230162
0.190532
0.202128
0.230637
0.198368
0.180114
0.197004
0.219507
0.188591
0.190833
0.222604
0.219599
0.212361
0.208578
0.243375
0.209169
0.219228
0.232746
0.209244
0.191515
0.227974
0.513736
0.440641
0.181710
0.168211
0.212931
0.220158
0.171298
0.663664
0.240176
0.192294
0.217073
0.191117
0.201239
0.241947
0.237012
0.191476
0.206134
0.840141
0.243095
0.217777
0.193500
0.217101
0.247374
0.240474
0.298680
0.195052
0.256262
0.221089
0.215289
0.218388
0.202748
0.291617
0.218827
0.314917
0.210125
0.255899
0.249556
0.176694
0.192916
0.243602
0.212546
0.179472
0.210729
0.221017
0.194426
1.213295
0.195278
0.350793
0.209974
0.297047
0.273364
0.214863
0.189557
0.238651
0.173988
0.201347
0.158385
0.186352
0.169474
0.235778
0.209175
0.357319
0.238460
0.247570
0.194364
0.218718
0.228484
0.231146
0.205531
0.195122
0.215823
0.208887
0.196970
0.224502
0.223691
0.221997
0.233232
0.223394
0.211571
0.532399
0.352144
0.222844
0.223234
0.182801
0.432457
0.273476
0.209683
0.216615
0.228456
0.231285
0.210609
0.204809
0.193026
0.190175
0.670685
0.229681
0.727598
0.193607
0.204946
0.176297
0.213713
0.250125
0.234980
0.232080
0.232331
0.549118
0.265711
0.273401
0.309675
0.213356
0.777907
0.188519
0.201502
0.285853
0.219967
0.280191
0.209388
0.223851
0.208086
0.221558
0.209980
0.188439
0.174191
0.237822
0.212188
0.207448
0.244296
0.175306
0.222505
0.266973
0.221853
0.233646
0.237517
0.728657
0.199914
0.231868
0.235713
0.254838
0.213717
0.202984
0.223912
0.210177
0.400690
0.175603
0.196237
0.204355
0.201957
0.566504
0.216177
0.209401
0.195802
0.205177
0.240255
0.296415
0.185454
0.174521
0.499838
0.212315
0.196657
0.190754
0.259233
0.218864
0.184742
0.731348
0.227753
0.192131
0.220651
0.200213
0.189996
0.194239
0.183317
0.235147
0.748940
0.169054
0.238324
0.203699
0.196175
0.210020
0.225966
0.257978
0.197886
0.213365
0.208100
0.188294
0.221145
0.167467
0.257764
0.237473
0.464799
0.215300
0.293238
0.225729
0.221028
0.409147
0.222757
0.205804
0.355260
0.219632
0.225619
0.212325
0.209078
0.218879
0.320716
0.249570
0.226310
0.200717
0.192326
0.791768
0.189610
0.202288
0.225658
0.246465
0.214251
0.180149
0.218503
0.228742
0.213956
0.386847
0.245237
0.196468
0.324124
0.223068
0.205035
0.262001
0.203701
0.239923
0.238063
0.206117
0.202954
0.198147
0.269042
0.207809
0.186667
0.395546
0.203744
0.189555
0.225700
0.228812
0.222214
0.281107
0.194965
0.178684
0.192944
0.206187
0.214255
0.597570
0.172680
0.246020
0.235970
0.204848
0.195766
0.210718
0.411258
0.252080
0.211079
0.229508
0.206335
0.193440
0.213368
0.179156
0.198776
0.204033
0.322050
0.192546
0.223809
1.399530
0.204356
0.414031
0.201919
0.197339
0.220074
0.173928
0.210701
0.193176
0.173424
0.191736
0.255455
0.214966
0.190854
0.173230
0.245779
0.174119
0.194434
0.190583
0.173219
0.641578
0.205598
0.223472
0.220459
0.198655
0.207262
0.177305
0.195176
0.205830
0.219041
0.426909
0.212026
0.221763
0.187383
0.165008
0.263158
0.211471
0.223162
0.179665
0.197541
0.512142
0.208464
0.202345
0.257099
0.195288
0.259225
0.158882
0.602772
0.190598
0.204961
0.252550
0.220039
0.157129
0.206135
0.200993
0.194138
0.210380
0.176485
0.182975
0.191436
0.203944
0.192238
0.253466
0.249412
0.206379
0.527258
0.245644
0.187360
0.208740
0.613014
0.184568
0.425429
0.189421
0.504335
0.191598
0.208413
0.188847
0.207246
0.213788
0.196576
0.236033
0.627720
0.178985
0.297511
0.202564
0.483752
0.200605
0.205489
0.213744
0.167262
0.208857
0.219345
0.185575
0.196367
0.156695
0.254737
0.234633
0.238703
0.233943
0.233018
0.195718
0.419041
0.148261
0.284066
0.365774
0.359470
0.235029
0.213407
0.293785
0.188239
0.189753
0.461505
0.207997
0.204407
0.220438
0.173622
0.216266
0.189605
0.193041
0.195797
0.247926
0.203723
1.019739
0.224091
0.432695
0.175543
0.160779
0.215816
0.177734
0.227854
0.176739
0.192603
0.234324
0.203535
0.195735
0.181947
0.504954
0.197661
0.220312
0.712867
0.188046
0.172714
0.209900
0.184902
0.170567
0.219543
0.189134
0.253622
0.198189
0.186309
0.175022
0.194931
0.217278
0.238153
0.210385
0.235900
0.351298
0.340644
0.225560
0.196511
0.184583
0.200984
0.193099
0.272177
0.213011
0.211937
0.206282
0.265175
0.251920
0.236173
0.213380
0.192885
0.222338
0.202647
0.214011
0.599860
0.195446
0.250441
0.212584
0.211246
0.218520
0.209817
0.655687
0.298454
0.195757
0.204699
0.215144
0.235506
0.216201
0.214014
0.198598
0.201275
0.187909
0.184353
0.200349
0.208072
0.167900
0.256309
0.199640
0.206638
0.338948
0.231334
0.288711
0.213242
0.210922
0.225643
0.268944
0.211968
0.211345
0.198961
0.494716
0.193051
0.218437
0.215000
0.533945
0.225638
0.537284
0.464514
0.219165
0.234571
0.208170
0.501889
0.169442
0.212035
0.314870
0.211096
0.202606
0.416974
0.199708
0.217022
0.205606
0.398983
0.241316
0.548399
0.254442
0.218621
0.405853
0.210277
0.198705
0.253673
0.609152
0.207751
0.274624
0.565176
0.194023
0.271388
0.197351
0.255595
0.203594
0.195669
0.312009
0.239867
0.196091
0.199445
0.231255
0.198071
0.215100
0.232151
0.243603
0.217802
0.189148
0.207741
0.466319
0.433342
0.229174
0.196227
0.173014
0.213801
0.216284
0.204912
0.206885
0.164507
0.265510
0.198482
0.304731
0.215071
0.333753
0.727975
0.484225
0.193217
0.208468
0.179329
0.238288
0.202598
0.178706
0.185249
0.284305
0.201374
0.176581
0.237453
0.244301
0.162384
0.251544
0.187267
0.228235
0.191832
0.176959
0.201925
0.202684
0.172028
0.301550
0.181195
0.205897
0.191742
0.190535
0.386159
0.221652
0.177636
0.203323
0.222202
0.165847
0.226302
0.193691
0.281254
0.185029
0.346578
0.214499
0.187334
0.209143
0.736245
0.191731
0.185997
0.227809
0.458534
0.212244
0.202931
0.194725
0.399125
0.608426
0.184807
0.202227
0.259655
0.201204
0.247402
0.186247
0.247242
0.177523
0.197782
0.197799
0.209160
0.228232
0.232741
0.668785
0.233958
0.227080
0.204942
0.245456
0.170036
0.764838
0.226069
0.234306
0.181238
0.166168
0.229214
0.195043
0.235227
0.200333
0.219105
0.210134
0.357308
0.264650
0.215537
0.228087
0.194213
0.202780
0.220698
0.187219
0.187960
0.257074
0.337483
0.173898
0.337866
0.213140
0.214721
0.217821
0.202692
0.219808
0.197680
0.260581
0.371726
1.166410
0.510505
0.223377
1.599256
0.193164
0.210570
0.198183
0.209658
0.215179
0.191612
0.242827
0.186395
0.292202
0.205773
0.210141
0.239966
0.197447
0.176888
1.132764
0.506626
0.182573
0.226474
0.279869
0.233193
0.232636
0.204537
0.230899
0.192488
0.210587
0.203607
0.234739
0.205003
0.198301
0.235436
0.216469
0.253878
0.249008
0.197457
0.198147
0.194393
0.210630
0.604784
0.229929
0.205147
0.242851
0.189517
0.215109
0.197563
0.243933
0.211793
0.220321
0.198527
0.192431
0.220829
0.166631
0.343348
0.237645
0.205741
0.435328
0.215008
0.401777
0.236426
0.215830
0.234209
0.199204
0.235521
0.275148
0.358892
0.203956
0.197625
0.230198
0.186310
0.221822
0.174754
0.205531
0.203036
0.225585
0.168481
0.228621
0.195574
0.265484
0.213167
0.207367
0.220274
0.399249
0.249672
0.209696
0.395922
0.696912
0.215421
0.167584
0.694441
0.279632
0.178591
0.240443
0.210870
0.409447
0.198532
0.217826
0.286323
0.188634
0.239828
0.240343
0.245609
0.627187
0.200777
0.202362
0.223517
0.299420
0.197413
0.229231
0.205895
0.170413
0.226955
0.218044
0.207746
0.182408
0.209203
0.197099
0.185027
0.531418
0.180272
0.215816
0.182973
0.172805
0.708990
0.220080
0.196214
0.216472
0.189269
0.200193
0.175554
0.669019
0.194164
0.194572
0.912308
0.233499
0.258254
0.187512
0.181357
0.259358
0.165334
0.214573
0.266016
0.221882
0.221878
0.468329
0.186249
0.209519
0.209655
0.182711
0.221213
0.241603
0.243732
0.241586
0.300192
0.175454
0.199384
0.262050
0.171828
0.181329
0.225670
0.186626
0.513260
0.256636
0.195416
0.196305
0.215636
0.606550
0.536021
0.278739
0.164210
0.241728
0.186151
0.226650
0.179089
0.179095
0.630360
0.212448
0.231284
0.220193
0.224701
0.201434
0.238623
0.235795
0.189907
0.242835
0.174379
0.202280
0.215764
0.260656
0.214674
0.178503
0.215354
0.218847
0.190032
0.248884
0.691626
0.198194
0.204155
0.217824
0.179915
0.479459
0.168044
0.224316
0.214721
0.193924
0.199223
0.181567
1.048051
0.190948
0.204083
0.201081
0.193753
0.285001
0.203260
0.208513
0.696095
0.197525
0.203091
0.194224
0.237246
0.205704
0.275005
0.202103
0.168896
0.185915
0.192556
0.223706
0.203850
0.236931
0.164486
0.200535
0.266298
0.191117
0.229618
0.262164
0.202304
0.191970
0.561375
0.233522
0.236211
0.196653
0.192025
0.194518
0.247423
0.197473
0.178651
0.185752
0.219358
0.402055
0.214273
0.246454
0.230323
0.345077
0.213440
0.533666
0.211402
0.197495
0.289736
0.282912
0.207791
0.197382
0.210097
0.208929
0.231635
0.230462
0.590288
0.190343
0.240331
0.223049
0.219557
0.508911
0.179223
0.238067
0.194773
0.177451
0.527067
1.166401
0.212866
0.227558
0.219624
0.220010
0.310066
0.238735
0.212888
0.218902
0.194639
0.216742
0.213799
0.194023
0.190758
0.169266
0.173873
1.047593
0.199732
0.177021
0.237402
0.234138
0.221089
0.241618
0.206184
0.211412
0.200219
0.220172
0.261719
0.193524
0.184789
0.246438
0.478177
0.207726
0.218411
0.204381
0.194177
0.244732
0.229939
0.187407
0.234573
0.184568
0.234933
0.179470
0.230804
0.206793
0.251570
0.421587
0.340221
0.342208
0.209073
0.211855
0.183512
0.174593
0.193314
0.202424
0.159522
0.204296
0.199241
0.230879
0.178256
0.713463
0.206991
0.185485
0.427173
0.739151
0.399050
0.201884
0.193709
0.224304
0.214747
0.218997
0.217050
0.213900
0.197274
0.223163
0.205507
0.232972
0.201965
0.204014
0.198142
0.192198
0.202711
0.431913
0.272485
0.202498
0.175708
0.186976
0.203462
0.215801
0.200610
0.218728
0.223624
0.219471
0.240116
0.191145
0.209550
0.231429
0.179346
0.300602
0.195222
0.248003
0.184976
0.197444
0.192767
0.192220
0.205789
0.216168
0.177658
0.188896
0.197613
0.674568
0.235419
0.186829
0.198462
0.198448
0.235523
0.596090
0.205494
0.221270
0.208750
0.203875
0.350255
0.230186
0.182410
0.194953
0.186606
0.361172
0.224967
0.207692
0.211767
0.266231
0.197920
0.190650
0.212198
0.204042
0.199542
0.316430
0.177424
0.219694
0.271512
0.233191
0.233251
0.609227
0.170159
0.216901
0.210728
0.380809
0.210408
0.237414
0.369805
0.181121
0.270063
0.188135
0.199068
0.249259
0.222279
0.228033
0.202585
0.193394
0.218352
0.172401
0.212261
0.183007
0.227419
0.222227
0.279614
0.180538
0.208889
0.177335
0.205301
0.202444
0.218499
0.708605
0.151609
0.179029
0.225118
0.233885
0.215110
0.209240
0.216225
0.207304
0.259648
0.166920
0.173346
0.202237
0.247211
0.194411
0.194489
0.220823
0.843277
0.297265
0.194855
0.218086
0.214306
0.365363
0.231445
0.202942
0.203537
0.170423
0.207947
0.202900
0.299650
0.244356
0.199390
0.361947
0.230752
0.180172
0.232276
0.185703
0.161203
0.267448
0.194782
0.202131
0.285010
0.167182
0.481763
0.262767
0.769279
0.208472
0.229083
0.202174
0.176753
0.336009
0.198842
0.199022
0.497872
0.210721
0.201827
0.233446
0.202622
0.213776
0.259468
0.222353
0.224947
0.207421
0.215166
0.218157
0.206452
0.584271
0.722191
0.184220
0.235199
0.262089
1.228289
0.192638
0.201107
0.217912
0.202869
0.716725
0.214891
0.221074
0.204185
0.200348
0.221159
0.237460
0.226668
0.171061
0.207901
0.216171
0.211955
0.197879
0.185408
0.206646
0.174564
0.203142
0.178855
0.189144
0.191231
0.194679
0.243119
0.188611
0.225691
0.204599
0.195398
0.213451
0.161986
0.240727
0.228647
0.240222
0.217287
0.214134
0.170847
0.205739
0.199006
0.206491
0.220475
0.218983
0.180912
0.212925
0.194652
0.180395
0.246510
0.180721
0.160307
0.190355
0.177024
0.223168
0.208908
0.232696
0.218596
0.239975
0.209594
0.207288
0.196237
0.183424
0.181061
0.257568
0.224660
0.309082
0.236919
0.857404
0.504034
0.205596
0.211887
0.203792
0.187948
0.201719
0.199950
0.217792
0.182093
0.172068
0.166385
0.176297
0.221288
0.195172
0.222091
0.223649
0.238343
0.197340
0.184571
0.216958
0.193720
0.233686
0.187371
0.195148
0.221748
0.302980
0.202298
0.176961
0.241590
0.170073
0.240287
0.406190
0.210205
0.179545
0.155214
0.171278
0.176482
0.216485
0.164261
0.227262
0.240650
0.237346
0.217755
0.195199
0.213991
0.179676
0.191960
0.371787
0.209708
0.187731
0.226364
0.203916
0.205817
0.194073
0.209586
0.185607
0.229078
0.232479
0.209350
0.165272
0.207019
0.213279
0.658814
0.237852
0.174686
0.257819
0.222403
0.185451
0.200130
0.219493
0.558383
0.215894
0.856461
0.227282
0.182678
0.189984
0.248850
1.194456
0.972748
0.199511
0.177236
0.192643
0.199374
0.248343
0.176839
0.827580
0.178884
0.224357
0.226569
0.191913
0.218318
0.198626
0.235943
0.199284
0.294076
0.169859
0.172260
0.150979
0.218805
0.245263
0.182244
0.222173
0.360648
0.177165
0.197538
0.221360
0.485410
0.170502
0.155835
0.204099
0.205500
0.228440
0.187547
0.206959
0.212076
0.227547
0.240320
0.189628
0.228428
0.178932
0.253552
0.212361
0.221840
0.545648
0.277339
0.185048
0.237026
0.192648
0.239693
0.228144
0.216708
0.195355
0.207028
0.222920
0.218632
0.175126
0.154938
0.231523
0.190986
0.177825
0.192508
0.189586
0.246502
0.336243
1.107676
0.226123
0.211342
0.204925
0.240788
0.166390
0.212386
0.226507
0.189844
0.224819
0.239726
0.332407
0.231289
0.213636
0.174066
0.417324
0.602098
0.750457
0.157662
0.243257
0.218748
0.193479
0.217199
0.205382
0.236745
0.181523
0.731860
0.182307
0.181421
0.184097
0.220021
0.227586
0.185882
0.223315
0.215089
0.228721
0.191664
0.220840
0.204442
0.745525
0.221558
0.206607
0.182951
0.240152
0.404922
0.184736
0.213594
0.184685
0.212629
0.215403
0.237934
0.218350
0.199157
0.200651
0.212339
0.285760
0.210907
0.189154
0.204317
0.223047
0.417236
0.195553
0.242357
0.186895
0.204652
0.181071
0.245168
0.206832
0.537587
0.241101
0.613995
0.743599
0.171089
0.184138
0.333545
0.185208
0.184011
0.213173
0.190500
0.173533
0.308089
0.221591
0.196811
0.250927
0.172596
0.156540
0.223159
0.196979
0.268493
0.213903
0.204101
0.212669
0.221934
0.250391
0.215763
0.203806
0.206239
0.194098
0.211911
0.183021
0.198278
0.367903
0.192110
0.201157
0.250062
0.223084
0.218537
0.167731
0.217500
0.200868
0.214382
0.213837
0.223267
0.271144
0.193978
0.616428
0.183420
0.210227
0.231256
0.226468
0.185036
0.262638
0.176711
0.192061
0.211433
0.232673
0.209820
0.246262
0.200241
0.177928
0.205781
0.180725
0.167266
0.213739
0.214440
0.382372
0.216507
0.204248
0.530680
0.193374
0.178419
0.229643
0.206483
0.202049
0.204636
0.238383
0.172566
0.207986
0.199290
0.224158
0.204719
0.164611
0.224641
0.186127
0.204127
0.190913
0.226848
0.251730
0.191524
0.181060
0.217592
0.311770
0.182886
0.220756
0.209192
0.251551
0.184995
0.199462
0.187535
0.188938
0.201460
0.216975
0.713831
0.219852
0.231873
0.191174
0.202284
0.230063
0.303829
0.229925
0.184859
0.245950
0.181193
0.218722
0.189828
0.229925
0.269133
0.204506
0.204100
0.233872
0.653424
0.227181
0.240614
0.204007
0.212233
0.204232
0.236633
0.239823
0.208751
0.219589
0.175742
0.327271
0.184649
0.197124
0.215032
0.211586
0.224947
0.631798
0.623165
0.207052
0.359289
0.243799
0.188351
0.190926
0.219978
0.201880
0.413714
0.190581
0.187320
0.194486
0.576826
0.233156
0.207989
0.219963
0.185771
0.175411
0.192981
0.246306
0.187394
0.202794
0.238683
0.185297
0.217396
0.214098
0.166990
0.179151
0.190728
0.205947
0.205550
0.230433
0.204157
0.801705
0.160089
0.182814
0.175552
0.176339
0.477334
0.219192
0.190468
0.188146
0.171078
0.217742
0.215932
0.221445
0.198822
0.231844
0.475868
0.184075
0.505043
0.204901
0.213531
0.187612
0.191094
0.221167
0.239492
0.191024
0.203259
0.220557
0.184736
0.187464
0.184140
0.476316
0.191207
0.182532
0.206053
0.209865
0.204561
0.225694
0.210639
0.250334
0.178573
0.193047
0.186416
0.226096
0.770965
0.202661
0.252569
0.198912
0.557591
0.200139
0.486056
0.225354
0.224649
0.187137
0.196338
0.196090
0.227938
0.197099
0.201384
0.172288
0.197928
0.204091
0.349580
0.162487
0.174167
1.022562
0.218576
0.321889
0.240434
0.229736
0.221185
0.219044
0.231796
0.226908
0.265692
0.327069
0.210717
0.242470
0.244482
0.279499
0.193578
0.267801
0.341645
0.329777
0.226399
0.166039
0.183207
0.213502
0.236908
0.331892
0.226219
0.219633
0.178996
0.199765
0.284935
0.199475
0.216304
0.214717
0.168156
0.187072
0.754182
0.223602
0.393214
0.239183
0.170790
0.182639
0.220151
0.179190
0.258539
0.188678
0.257753
0.229711
0.240781
0.225336
0.205517
0.253675
0.221911
0.178635
0.236445
0.177196
0.192167
0.210277
0.218930
0.213914
0.231391
0.189935
0.228083
0.175468
0.231872
0.211664
0.166659
0.170129
0.287679
0.221861
0.183943
0.206579
0.190176
0.245165
0.204946
0.177758
0.213959
0.504176
0.794344
0.239102
0.202549
0.199623
0.331435
0.200312
0.202515
0.184564
0.173939
0.186772
0.213121
0.177802
0.190139
0.198307
0.170519
0.184628
0.197024
0.220865
0.668184
1.547010
0.194945
0.186216
0.400236
0.222581
0.309015
0.211634
0.186500
0.217348
0.191134
0.154712
0.205163
0.190543
0.227753
0.239519
0.189602
0.261164
0.223339
0.225030
0.205521
0.177880
0.212135
0.185856
0.193412
0.229157
0.190336
0.252754
0.205283
0.216617
0.582560
0.205973
0.186797
0.545468
0.206383
0.220927
0.207531
0.223303
0.339577
0.171529
0.158094
0.172157
0.184417
0.210678
0.181861
0.197365
0.261636
0.195857
0.200231
0.286637
0.194833
0.222194
0.224181
0.225182
0.516500
0.208549
0.251501
0.189649
0.227638
0.237445
0.227684
0.471073
0.220184
0.189726
0.290029
0.181439
0.227486
0.198125
0.277348
0.191087
0.255981
0.222622
0.232868
0.208982
0.282224
0.214715
0.187472
0.206133
0.545332
0.165599
0.455906
0.194289
0.263855
0.227201
0.210954
0.187193
0.221417
0.214475
0.588681
0.214414
0.207695
0.186361
0.224145
0.218926
0.218106
0.254370
0.222558
0.218497
0.228758
0.197150
0.207564
0.197968
0.425679
0.194785
0.224288
0.211402
0.229736
0.173473
0.201497
0.227713
