0.087982
0.075292
0.081130
0.081220
0.076559
0.084263
0.081550
0.085214
0.070255
0.069068
0.081751
0.073798
0.081372
0.075698
0.081664
0.081603
0.087133
0.080247
0.081023
0.076130
0.075077
0.086350
0.072470
0.079239
0.083060
0.081753
0.077312
0.074227
0.073884
0.074612
0.078546
0.074613
0.080297
0.090718
0.089860
0.087574
0.075755
0.072687
0.077387
0.085854
0.075920
0.073507
0.072924
0.081051
0.078589
0.074438
0.073281
0.080477
0.073345
0.071958
0.072607
0.080088
0.079678
0.092482
0.084089
0.070761
0.075197
0.088989
0.091715
0.086486
0.079633
0.078052
0.086115
0.090100
0.074865
0.086887
0.083402
0.082551
0.079216
0.083232
0.089761
0.085186
0.079847
0.079656
0.079840
0.083331
0.073340
0.074202
0.075261
0.075099
0.067018
0.073883
0.079662
0.074269
0.073906
0.086987
0.083545
0.081810
0.081857
0.075457
0.067776
0.066367
0.088751
0.072491
0.083134
0.074013
0.082208
0.076078
0.075503
0.077992
0.072321
0.095640
0.092631
0.082930
0.083515
0.079784
0.079570
0.074392
0.068710
0.073334
0.074245
0.080578
0.079940
0.083564
0.081068
0.074427
0.073142
0.072347
0.075113
0.084033
0.070701
0.082375
0.079234
0.074500
0.073287
0.074991
0.088116
0.087046
0.070201
0.103211
0.124417
0.124903
0.129983
0.163858
0.137371
0.130231
0.137411
0.146593
0.131088
0.160560
0.173780
0.138761
0.193319
0.137270
0.192868
0.120206
0.108797
0.091077
0.081930
0.073114
0.083052
0.077396
0.086935
0.092646
0.072917
0.073561
0.074191
0.075853
0.072753
0.086350
0.094126
0.090503
0.079728
0.085413
0.074607
0.078068
0.072752
0.081386
0.078348
0.074269
0.073795
0.070403
0.081438
0.074865
0.074607
0.070760
0.070390
0.081629
0.076923
0.074334
0.089880
0.077162
0.069219
0.098057
0.082262
0.088940
0.094847
0.079633
0.078727
0.085674
0.079534
0.078942
0.077831
0.083324
0.073610
0.078084
0.081052
0.075098
0.080074
0.078059
0.075039
0.086746
0.087746
0.080492
0.074956
0.078862
0.082608
0.071779
0.084058
0.068631
0.079053
0.073613
0.074212
0.072099
0.077330
0.087673
0.069030
0.074229
0.090470
0.081735
0.079564
0.078519
0.074936
0.077138
0.084988
0.080343
0.081971
0.079362
0.084440
0.084143
0.076836
0.076527
0.085252
0.079775
0.073763
0.081532
0.080493
0.081182
0.070825
0.079311
0.087461
0.090879
0.079269
0.074718
0.084465
0.076210
0.068098
0.074022
0.081859
0.077330
0.073933
0.076535
0.081836
0.094585
0.073197
0.074418
0.074287
0.077931
0.078201
0.081046
0.080770
0.077968
0.081004
0.077500
0.074999
0.071410
0.076664
0.078134
0.072747
0.076668
0.082878
0.083459
0.079814
0.071763
0.087565
0.080642
0.080022
0.067844
0.085795
0.067481
0.074922
0.074901
0.083240
0.080209
0.085649
0.072136
0.080470
0.087282
0.078270
0.083782
0.069729
0.079132
0.080800
0.075327
0.073984
0.079234
0.078001
0.089875
0.071037
0.087680
0.068038
0.074612
0.085065
0.065770
0.073463
0.086934
0.071536
0.084634
0.072453
0.072116
0.083598
0.076305
0.080188
0.079664
0.078116
0.079155
0.072958
0.082885
0.079424
0.077471
0.085110
0.073594
0.090073
0.083437
0.068233
0.073910
0.085613
0.068423
0.078794
0.085152
0.086279
0.074806
0.085385
0.080541
0.075447
0.074841
0.085169
0.067769
0.079139
0.066036
0.097866
0.069299
0.068606
0.077009
0.083608
0.079585
0.078449
0.075567
0.073854
0.077852
0.077522
0.078460
0.082911
0.082631
0.081300
0.085109
0.079522
0.072625
0.076718
0.082794
0.091204
0.089688
0.080874
0.080186
0.078396
0.078565
0.240344
0.138116
0.168152
0.079502
0.078830
0.131110
0.124353
0.145211
0.080215
0.070820
0.073631
0.069273
0.064307
0.072203
0.073453
0.080691
0.079628
0.076958
0.094278
0.073847
0.080159
0.078922
0.089313
0.099223
0.079938
0.077874
0.080623
0.087475
0.084718
0.082631
0.071260
0.086040
0.096876
0.083356
0.076296
0.078476
0.097167
0.074514
0.077588
0.093370
0.076780
0.076193
0.093135
0.080433
0.085586
0.073411
0.074069
0.081768
0.080279
0.087391
0.066298
0.087652
0.077762
0.085577
0.078975
0.070902
0.081556
0.083624
0.091434
0.085722
0.078313
0.120889
0.084055
0.085983
0.077457
0.085532
0.081186
0.081165
0.084863
0.077300
0.085387
0.073836
0.071727
0.085652
0.078019
0.079706
0.079580
0.081541
0.073911
0.074489
0.088704
0.075891
0.070602
0.090925
0.082295
0.101291
0.064890
0.073824
0.078176
0.090505
0.075594
0.080327
0.080048
0.077315
0.082045
0.075933
0.079558
0.074702
0.080389
0.082562
0.072651
0.082667
0.077915
0.085997
0.081751
0.081519
0.071912
0.076491
0.090890
0.080708
0.078197
0.075727
0.081677
0.087210
0.092460
0.086551
0.077049
0.076066
0.082756
0.088104
0.077341
0.072467
0.076027
0.079932
0.080154
0.077283
0.084405
0.071858
0.079765
0.074941
0.076698
0.073315
0.086318
0.075861
0.073642
0.073892
0.072836
0.087342
0.069869
0.079584
0.080308
0.074160
0.072140
0.093954
0.072877
0.079368
0.076560
0.082825
0.077208
0.098652
0.077457
0.082822
0.082898
0.080700
0.082622
0.086596
0.083525
0.086575
0.089849
0.072010
0.068852
0.070432
0.079933
0.074954
0.082104
0.074833
0.074966
0.076362
0.076614
0.073289
0.075766
0.065950
0.075490
0.082846
0.075541
0.088875
0.075782
0.102296
0.088010
0.084326
0.081531
0.084556
0.068683
0.083575
0.067488
0.066748
0.078152
0.079916
0.081239
0.073550
0.087885
0.072611
0.073119
0.088365
0.076696
0.095819
0.101863
0.085062
0.068957
0.079593
0.073646
0.086123
0.094873
0.075019
0.073867
0.082818
0.076899
0.080196
0.087526
0.086954
0.087952
0.083047
0.073237
0.083108
0.086392
0.067766
0.073932
0.093810
0.069330
0.079907
0.071365
0.071332
0.076722
0.076258
0.075527
0.071383
0.069527
0.082453
0.084894
0.084528
0.095918
0.077957
0.075795
0.072807
0.092504
0.074252
0.083911
0.085813
0.084184
0.070631
0.075738
0.074232
0.067386
0.084426
0.084219
0.086851
0.067366
0.081654
0.077754
0.079573
0.075485
0.081115
0.067805
0.097917
0.079731
0.083540
0.077548
0.076329
0.081079
0.069637
0.078329
0.071870
0.072829
0.081801
0.086516
0.083194
0.081441
0.078415
0.083428
0.080971
0.079126
0.088114
0.090757
0.074115
0.081608
0.071228
0.076274
0.072410
0.078920
0.068264
0.089439
0.083968
0.100039
0.085359
0.091864
0.072263
0.078301
0.066296
0.100631
0.073173
0.082017
0.083754
0.084461
0.075667
0.077153
0.077617
0.088323
0.081277
0.084091
0.071919
0.074156
0.075115
0.070992
0.077442
0.070419
0.080869
0.086820
0.069188
0.066309
0.086335
0.074881
0.087672
0.075944
0.078705
0.083495
0.080552
0.077992
0.079316
0.079581
0.066790
0.071400
0.081878
0.071980
0.074777
0.077829
0.069263
0.075549
0.085359
0.085345
0.088280
0.067360
0.076086
0.081545
0.076357
0.067555
0.077926
0.079023
0.074629
0.083645
0.080979
0.079783
0.075477
0.072106
0.076647
0.071087
0.083223
0.068748
0.075623
0.076683
0.072903
0.070809
0.090003
0.081291
0.082059
0.068973
0.081143
0.073857
0.080888
0.087839
0.075723
0.069743
0.069036
0.082810
0.085230
0.078797
0.136889
0.086133
0.086431
0.078822
0.081922
0.080319
0.082451
0.078282
0.077057
0.078666
0.080536
0.082805
0.074540
0.070604
0.077174
0.075881
0.073934
0.081988
0.077416
0.072952
0.080384
0.073968
0.083002
0.086424
0.075932
0.064742
0.083385
0.098595
0.076771
0.082556
0.079556
0.091436
0.073239
0.072652
0.076447
0.073020
0.076835
0.073170
0.083103
0.078211
0.082875
0.070847
0.068543
0.075602
0.074690
0.088558
0.084080
0.085501
0.086420
0.079448
0.066725
0.078091
0.065472
0.079448
0.081561
0.080475
0.071748
0.072154
0.081865
0.085930
0.076289
0.085832
0.075800
0.086424
0.079018
0.074202
0.079638
0.078751
0.083067
0.073117
0.078456
0.072129
0.074847
0.090101
0.076809
0.083344
0.082265
0.070701
0.080865
0.084555
0.077031
0.083396
0.074323
0.085391
0.082098
0.078936
0.077030
0.089850
0.075001
0.068679
0.080647
0.083642
0.067585
0.079691
0.080247
0.085696
0.084034
0.075370
0.085707
0.076594
0.087934
0.084183
0.073547
0.086970
0.088627
0.088614
0.101007
0.074398
0.083153
0.079089
0.074132
0.078717
0.087798
0.089555
0.079045
0.081756
0.078887
0.079204
0.118311
0.076545
0.091026
0.075576
0.088960
0.070532
0.079546
0.083534
0.083065
0.079761
0.081000
0.080173
0.077438
0.076917
0.082625
0.081210
0.067099
0.073363
0.076949
0.067482
0.096180
0.079500
0.069582
0.089701
0.119991
0.112333
0.083093
0.086169
0.066543
0.072686
0.086397
0.076614
0.081813
0.087458
0.073098
0.082179
0.079532
0.075052
0.076071
0.068925
0.074789
0.087981
0.082975
0.080315
0.071502
0.080510
0.068058
0.075004
0.082895
0.084356
0.078217
0.076080
0.088717
0.076753
0.087097
0.080559
0.080124
0.069650
0.070511
0.078176
0.074170
0.092408
0.075983
0.079544
0.081315
0.077417
0.083687
0.086943
0.080468
0.077109
0.069338
0.077438
0.089048
0.080758
0.068677
0.075199
0.073647
0.088325
0.078510
0.078893
0.081221
0.072386
0.075581
0.086655
0.087717
0.074288
0.074912
0.080710
0.096354
0.086782
0.084835
0.078615
0.077996
0.097288
0.076981
0.070756
0.116819
0.078995
0.087067
0.085655
0.080180
0.073926
0.073758
0.076595
0.077681
0.086339
0.076382
0.076232
0.073734
0.095336
0.079173
0.067132
0.079511
0.078457
0.085731
0.078312
0.088982
0.081148
0.094704
0.069749
0.082690
0.082928
0.076856
0.093532
0.067873
0.068013
0.077558
0.116073
0.084194
0.071047
0.074939
0.073247
0.074616
0.079286
0.073975
0.081524
0.075589
0.087884
0.088310
0.074732
0.074547
0.080332
0.081514
0.076015
0.081837
0.081916
0.091838
0.090832
0.088090
0.086834
0.088409
0.088943
0.089853
0.087970
0.069489
0.079639
0.084784
0.094835
0.084587
0.080827
0.082540
0.081241
0.082616
0.089508
0.084849
0.098287
0.085153
0.077432
0.085768
0.099676
0.079299
0.070147
0.086709
0.078647
0.161766
0.069850
0.075981
0.072993
0.074328
0.076555
0.079187
0.093033
0.097026
0.075076
0.073945
0.073151
0.081113
0.086456
0.074920
0.080141
0.089730
0.077680
0.082071
0.081878
0.081449
0.070336
0.078902
0.080822
0.080881
0.088323
0.080144
0.081731
0.079541
0.080090
0.079458
0.086930
0.079130
0.087197
0.070724
0.076436
0.075824
0.072682
0.075517
0.077307
0.092799
0.092530
0.067959
0.078775
0.079340
0.084226
0.071700
0.076219
0.075069
0.082555
0.079791
0.076357
0.072649
0.082975
0.086125
0.084900
0.081656
0.077701
0.071944
0.080053
0.066044
0.098859
0.076687
0.088853
0.074291
0.081081
0.078061
0.084865
0.082770
0.079531
0.077066
0.070900
0.078147
0.150846
0.072570
0.081074
0.081098
0.067519
0.089736
0.095463
0.075328
0.076723
0.082224
0.066641
0.071272
0.080640
0.076821
0.087575
0.084950
0.077702
0.079240
0.078730
0.082253
0.072057
0.084613
0.135901
0.087555
0.067694
0.078067
0.098119
0.078136
0.070593
0.072603
0.087906
0.085846
0.088181
0.076882
0.079136
0.079755
0.067379
0.083017
0.074365
0.080195
0.083046
0.076015
0.078627
0.091643
0.093938
0.073114
0.081387
0.082586
0.081320
0.077009
0.076612
0.071364
0.074727
0.080378
0.079355
0.100451
0.088399
0.086649
0.082633
0.070589
0.080785
0.066123
0.078901
0.073973
0.079435
0.089415
0.076123
0.082097
0.082083
0.079906
0.077283
0.080767
0.066042
0.076878
0.078734
0.070903
0.078570
0.098256
0.072875
0.081638
0.081896
0.081917
0.067163
0.077973
0.085625
0.090783
0.080940
0.082033
0.075124
0.088384
0.078870
0.089546
0.086965
0.073596
0.083319
0.075265
0.077157
0.077356
0.095399
0.071741
0.075339
0.073734
0.079387
0.079904
0.080134
0.073197
0.071741
0.080246
0.068509
0.080552
0.081248
0.075502
0.073652
0.078074
0.070391
0.074249
0.078955
0.086053
0.084017
0.082873
0.077046
0.081828
0.069751
0.080309
0.071690
0.080215
0.084802
0.082726
0.075925
0.088092
0.075026
0.084689
0.077629
0.076100
0.086311
0.078625
0.079559
0.088257
0.076959
0.082577
0.075059
0.069074
0.075850
0.075289
0.077809
0.079291
0.078266
0.075122
0.066817
0.073855
0.073535
0.084661
0.072137
0.074171
0.074187
0.073628
0.066542
0.073726
0.080550
0.086289
0.082457
0.081245
0.074731
0.076743
0.083013
0.071924
0.067267
0.098948
0.080915
0.075656
0.080575
0.083191
0.081999
0.080771
0.075789
0.076263
0.080969
0.071926
0.089384
0.077357
0.072368
0.079292
0.085873
0.085275
0.089406
0.074309
0.085781
0.091397
0.077503
0.073215
0.077051
0.070920
0.080457
0.076090
0.083551
0.074733
0.076329
0.068310
0.086138
0.074402
0.080852
0.085472
0.085791
0.085197
0.088471
0.084181
0.079204
0.085753
0.077511
0.076454
0.090864
0.077934
0.093924
0.086736
0.074407
0.080849
0.070407
0.078686
0.070468
0.085606
0.081683
0.077563
0.100559
0.085825
0.087178
0.080571
0.084899
0.078261
0.080463
0.073686
0.080804
0.079632
0.091438
0.073823
0.075142
0.076886
0.076481
0.093752
0.083792
0.081312
0.089632
0.084931
0.073588
0.076753
0.075436
0.096574
0.083286
0.074278
0.083733
0.079930
0.080467
0.077364
0.077759
0.083480
0.074567
0.073962
0.079458
0.075696
0.066485
0.074248
0.069323
0.068723
0.075378
0.068593
0.079135
0.079923
0.078417
0.081283
0.077983
0.075081
0.086199
0.076431
0.088097
0.081164
0.074060
0.082668
0.078487
0.079068
0.073421
0.078827
0.071615
0.079268
0.071292
0.088052
0.089251
0.083435
0.072652
0.079322
0.083038
0.079145
0.078398
0.090044
0.086149
0.073288
0.077699
0.086079
0.081682
0.071368
0.089585
0.075925
0.073338
0.078781
0.080953
0.079524
0.074726
0.083266
0.078102
0.076511
0.080290
0.096029
0.080671
0.081840
0.090588
0.078894
0.075022
0.090864
0.085838
0.083907
0.091471
0.084512
0.080497
0.083823
0.075006
0.075205
0.078858
0.075088
0.073803
0.077918
0.080136
0.075126
0.075879
0.087844
0.083207
0.087881
0.077771
0.072316
0.080897
0.090960
0.075424
0.089008
0.077247
0.077707
0.083248
0.077810
0.069883
0.090398
0.082107
0.081945
0.081804
0.082048
0.076978
0.072789
0.092997
0.081721
0.087027
0.083174
0.072713
0.077223
0.083852
0.081793
0.072646
0.080350
0.090311
0.072802
0.078314
0.072753
0.077708
0.080230
0.072380
0.081704
0.072402
0.083370
0.129405
0.064897
0.080228
0.081153
0.098885
0.066146
0.070687
0.066100
0.074261
0.065937
0.088954
0.085885
0.084582
0.082343
0.082159
0.082933
0.087784
0.085150
0.089024
0.076086
0.070153
0.076829
0.081107
0.082472
0.088516
0.078961
0.077282
0.086007
0.090440
0.088938
0.081284
0.092832
0.078763
0.074790
0.072167
0.075500
0.076085
0.080819
0.078528
0.085015
0.085556
0.079021
0.067906
0.074068
0.069474
0.075635
0.075224
0.080189
0.074161
0.068814
0.078623
0.077139
0.087448
0.083560
0.074086
0.082046
0.081338
0.079812
0.087575
0.078328
0.085602
0.074625
0.074096
0.072462
0.092988
0.070965
0.088537
0.082497
0.083617
0.080803
0.079187
0.085875
0.084007
0.073431
0.087089
0.079019
0.074629
0.096785
0.072427
0.087812
0.090658
0.077779
0.095241
0.089834
0.085704
0.077325
0.093919
0.072658
0.073907
0.083067
0.067193
0.081144
0.075390
0.107325
0.071318
0.076943
0.076997
0.083926
0.076375
0.084369
0.083315
0.069629
0.073192
0.081565
0.073907
0.072127
0.074457
0.073370
0.079407
0.076616
0.072158
0.094745
0.082439
0.078084
0.080349
0.081067
0.079866
0.076612
0.069895
0.072860
0.081240
0.078664
0.087085
0.087074
0.070344
0.091100
0.072271
0.071449
0.081759
0.084501
0.079902
0.080928
0.082093
0.080711
0.075356
0.084390
0.070019
0.097696
0.086110
0.088117
0.085914
0.089871
0.081652
0.084574
0.103862
0.079529
0.086006
0.085238
0.091005
0.071925
0.079935
0.072767
0.082543
0.085897
0.088604
0.099669
0.081302
0.079221
0.092027
0.071668
0.081312
0.084354
0.095054
0.081107
0.068186
0.080837
0.078583
0.083098
0.081576
0.087101
0.076241
0.070284
0.084756
0.072712
0.085517
0.072111
0.091736
0.082817
0.083312
0.073170
0.082042
0.088235
0.084580
0.075574
0.081353
0.081038
0.078828
0.088317
0.077028
0.074235
0.080716
0.078016
0.078079
0.079991
0.079841
0.080730
0.077488
0.073710
0.073191
0.090391
0.074648
0.086083
0.079556
0.086050
0.080469
0.078844
0.089635
0.071580
0.075815
0.086016
0.075853
0.079704
0.072702
0.077729
0.077983
0.098940
0.088587
0.081335
0.079837
0.089241
0.087041
0.087662
0.075527
0.085596
0.081302
0.065963
0.085835
0.093822
0.082384
0.080278
0.071440
0.082055
0.073546
0.075452
0.072753
0.072632
0.071673
0.079773
0.081233
0.082456
0.074272
0.071576
0.070575
0.079264
0.072193
0.071470
0.070156
0.076068
0.080741
0.080102
0.070625
0.079074
0.080132
0.083091
0.077638
0.080127
0.074282
0.080904
0.082152
0.093674
0.080252
0.079460
0.065359
0.080212
0.071939
0.081436
0.072917
0.073317
0.066700
0.088514
0.073188
0.083201
0.074644
0.069498
0.079443
0.075359
0.076528
0.073562
0.089616
0.091339
0.077422
0.073800
0.074501
0.075676
0.085920
0.071851
0.081005
0.082692
0.083359
0.074184
0.084600
0.080650
0.072943
0.079057
0.083710
0.076441
0.090206
0.073985
0.076699
0.112164
0.084423
0.068805
0.074338
0.067754
0.074072
0.071491
0.080286
0.081997
0.071852
0.086761
0.068412
0.091644
0.095564
0.079795
0.080973
0.087293
0.082768
0.085804
0.056597
0.110507
0.074401
0.067340
0.086490
0.078763
0.115702
0.082013
0.073706
0.072152
0.083468
0.072608
0.078957
0.069248
0.074957
0.072389
0.079710
0.074125
0.074562
0.074527
0.075274
0.077431
0.081121
0.071533
0.069399
0.086249
0.075583
0.079124
0.065751
0.071212
0.080364
0.072869
0.077460
0.064990
0.065185
0.079637
0.080529
0.067751
0.081360
0.071443
0.078348
0.082020
0.072499
0.077049
0.082722
0.080205
0.081558
0.081067
0.071589
0.073271
0.077751
0.079750
0.079779
0.075997
0.074324
0.086286
0.082154
0.084612
0.065823
0.080449
0.068293
0.079935
0.074818
0.079045
0.088073
0.065415
0.098133
0.077088
0.073839
0.079005
0.079767
0.078814
0.080087
0.066484
0.080191
0.083962
0.072992
0.076889
0.070882
0.085303
0.072134
0.074993
0.086107
0.084555
0.078763
0.098420
0.094870
0.081625
0.084668
0.072543
0.081849
0.073688
0.075222
0.080561
0.068496
0.078467
0.089512
0.090519
0.133912
0.082369
0.089377
0.078082
0.091898
0.095203
0.115319
0.076727
0.082630
0.083887
0.081541
0.078051
0.078532
0.087212
0.079991
0.086533
0.066761
0.068978
0.067538
0.084742
0.078531
0.082237
0.072955
0.085576
0.089295
0.085399
0.078824
0.139029
0.086006
0.086973
0.074967
0.074769
0.084218
0.086613
0.075912
0.087127
0.074409
0.083075
0.075736
0.086451
0.089495
0.081428
0.086462
0.082107
0.066422
0.088216
0.077401
0.101508
0.078637
0.083908
0.077672
0.085477
0.079301
0.077014
0.071539
0.065352
0.079345
0.077767
0.074992
0.071590
0.069370
0.074500
0.089746
0.085323
0.082102
0.072944
0.068256
0.078466
0.074056
0.078983
0.075040
0.069690
0.089929
0.088787
0.087658
0.080638
0.082631
0.094079
0.086608
0.078864
0.081347
0.071802
0.079163
0.072566
0.072382
0.072971
0.093153
0.086599
0.076598
0.076679
0.071741
0.068585
0.067638
0.074942
0.075136
0.077293
0.078966
0.070269
0.073035
0.067128
0.079567
0.075693
0.076065
0.068617
0.074857
0.079814
0.087146
0.071588
0.079277
0.084322
0.069870
0.083471
0.078067
0.086497
0.082218
0.089096
0.078111
0.078327
0.084464
0.093709
0.073021
0.081474
0.078867
0.092025
0.084733
0.088182
0.078019
0.074941
0.087370
0.080229
0.082647
0.075535
0.078971
0.094030
0.077521
0.086601
0.066669
0.073084
0.082744
0.072313
0.082452
0.087812
0.080920
0.081412
0.081998
0.071543
0.068768
0.073009
0.080212
0.068437
0.071772
0.068091
0.066481
0.086089
0.076191
0.083846
0.078933
0.086254
0.079388
0.086727
0.085214
0.087757
0.080151
0.072955
0.084317
0.089855
0.072965
0.078341
0.089669
0.081668
0.073966
0.122120
0.086325
0.075135
0.069069
0.085993
0.082983
0.071410
0.085922
0.145427
0.190211
0.084366
0.080201
0.078374
0.083479
0.072988
0.077436
0.075110
0.078905
0.074256
0.071536
0.073784
0.088534
0.074479
0.082025
0.086446
0.085181
0.073323
0.079251
0.088910
0.080365
0.082374
0.127226
0.083203
0.096193
0.080751
0.088224
0.078260
0.072702
0.068282
0.079147
0.077078
0.067072
0.084321
0.083868
0.080368
0.073968
0.078337
0.081631
0.067304
0.073655
0.078164
0.086506
0.085598
0.064378
0.077340
0.093823
0.078585
0.075517
0.089182
0.081714
0.085941
0.081837
0.092132
0.071857
0.079458
0.085302
0.082686
0.086880
0.082995
0.079371
0.071494
0.085613
0.080743
0.076069
0.088482
0.111144
0.084404
0.085397
0.082232
0.090743
0.070951
0.082782
0.077271
0.086301
0.089051
0.083615
0.074574
0.081180
0.087619
0.079764
0.068918
0.088521
0.082675
0.080896
0.081878
0.077350
0.136062
0.079882
0.084084
0.067531
0.077180
0.098219
0.079063
0.085764
0.076582
0.087901
0.074331
0.076669
0.078769
0.079951
0.082835
0.096494
0.091110
0.098977
0.086665
0.075824
0.076873
0.112141
0.083269
0.081622
0.078441
0.075235
0.074375
0.084799
0.087500
0.072575
0.078864
0.088147
0.076847
0.092613
0.080146
0.075135
0.068536
0.073137
0.082731
0.082948
0.073718
0.075395
0.080201
0.075055
0.076949
0.088555
0.076074
0.070603
0.091973
0.076054
0.072337
0.067234
0.075351
0.065681
0.066578
0.075531
0.100082
0.069741
0.081598
0.080875
0.072136
0.084197
0.077212
0.076021
0.086025
0.085388
0.084226
0.088404
0.106490
0.074636
0.079522
0.079109
0.074530
0.075594
0.084841
0.075925
0.072708
0.078029
0.076894
0.076235
0.081520
0.084677
0.070510
0.083625
0.066593
0.085267
0.078714
0.093437
0.074900
0.077693
0.078319
0.086001
0.079832
0.078364
0.084604
0.087600
0.070152
0.084997
0.077961
0.083179
0.073754
0.083575
0.087073
0.091267
0.079665
0.074313
0.064428
0.088406
0.075497
0.085800
0.075819
0.080112
0.089489
0.083771
0.078134
0.074961
0.072536
0.087518
0.071958
0.074604
0.075579
0.072804
0.082043
0.080886
0.075792
0.084166
0.066656
0.086820
0.080677
0.091761
0.079234
0.071830
0.079832
0.077177
0.082001
0.090307
0.071457
0.087667
0.068571
0.078573
0.067465
0.080303
0.071548
0.100583
0.066738
0.084550
0.084732
0.075112
0.083503
0.074917
0.074149
0.079993
0.072876
0.071415
0.083793
0.081666
0.076302
0.081168
0.083277
0.080252
0.077180
0.072128
0.083944
0.079702
0.082943
0.074970
0.082900
0.074972
0.080853
0.094288
0.082502
0.078871
0.082763
0.105144
0.078843
0.087588
0.092967
0.093931
0.074557
0.073573
0.080083
0.076561
0.095733
0.081928
0.083492
0.080285
0.076734
0.077629
0.083934
0.073164
0.081067
0.079321
0.081202
0.087650
0.079291
0.088529
0.070495
0.074064
0.083730
0.083179
0.079090
0.077589
0.082529
0.079514
0.073469
0.071314
0.075877
0.086273
0.078072
0.070138
0.084753
0.079342
0.093639
0.075999
0.069336
0.076328
0.078032
0.093055
0.075844
0.072769
0.078330
0.085543
0.079010
0.085533
0.094856
0.075989
0.082929
0.081533
0.098463
0.081519
0.085281
0.075075
0.087838
0.069996
0.081262
0.075193
0.087906
0.084563
0.093323
0.091004
0.075094
0.077427
0.079684
0.067065
0.079130
0.079571
0.067024
0.089974
0.079422
0.075772
0.075130
0.079150
0.080164
0.075934
0.076874
0.088477
0.082327
0.078961
0.072844
0.090177
0.082673
0.077148
0.075935
0.088165
0.087224
0.077734
0.067658
0.098847
0.075672
0.080917
0.076611
0.069908
0.088393
0.086832
0.076841
0.082574
0.072274
0.071893
0.074663
0.075866
0.079224
0.075984
0.086488
0.084487
0.084891
0.075741
0.084243
0.086464
0.066289
0.085599
0.075671
0.078956
0.080164
0.073606
0.077084
0.078832
0.075756
0.086661
0.070331
0.077014
0.078531
0.067162
0.093920
0.078547
0.078237
0.086205
0.090513
0.075098
0.077441
0.074285
0.088114
0.073787
0.075359
0.090769
0.074029
0.075289
0.081521
0.080779
0.077116
0.081713
0.069156
0.086725
0.085347
0.075529
0.079659
0.080347
0.082117
0.082056
0.074889
0.084876
0.096172
0.088593
0.087865
0.080016
0.069871
0.081169
0.084748
0.088350
0.091825
0.083094
0.086587
0.066544
0.084424
0.081036
0.074676
0.091969
0.070555
0.077115
0.073253
0.067592
0.080064
0.073139
0.070880
0.080703
0.090836
0.078655
0.070262
0.078367
0.080214
0.073918
0.085229
0.081610
0.083180
0.081044
0.065671
0.078447
0.080704
0.083966
0.092350
0.089648
0.092822
0.083478
0.083550
0.071813
0.067618
0.081796
0.080414
0.084941
0.076852
0.082962
0.084004
0.081820
0.080978
0.073328
0.085800
0.072169
0.078305
0.073232
0.079937
0.071464
0.088544
0.081997
0.083685
0.081863
0.068756
0.080147
0.083849
0.076557
0.089051
0.073255
0.063330
0.085570
0.082417
0.069938
0.086913
0.070220
0.085429
0.080608
0.073579
0.074061
0.074365
0.082753
0.077280
0.082798
0.078506
0.082160
0.079503
0.074602
0.089419
0.089501
0.079875
0.082210
0.081069
0.085847
0.075328
0.082107
0.087216
0.085132
0.078332
0.077731
0.088161
0.079007
0.084017
0.082290
0.074775
0.086369
0.083977
0.086010
0.077339
0.096010
0.076292
0.092746
0.088759
0.076639
0.074933
0.087814
0.078490
0.072349
0.075850
0.077422
0.081097
0.079045
0.074926
0.075246
0.076472
0.078292
0.072009
0.079248
0.079283
0.076212
0.074067
0.075504
0.081285
0.080290
0.080600
0.080458
0.068583
0.106980
0.083043
0.089331
0.078601
0.076454
0.066741
0.078300
0.073004
0.083053
0.073070
0.084851
0.080436
0.092515
0.076060
0.075975
0.089775
0.078247
0.066450
0.080995
0.067545
0.075053
0.084459
0.085073
0.088053
0.096501
0.072296
0.074476
0.076787
0.072996
0.077924
0.098701
0.081558
0.077663
0.074664
0.091748
0.067347
0.086958
0.079591
0.070976
0.082330
0.084595
0.076294
0.068188
0.077119
0.072277
0.071030
0.073586
0.079438
0.071550
0.080568
0.082830
0.096421
0.072809
0.081941
0.076897
0.086599
0.091885
0.077390
0.081025
0.072945
0.081051
0.080361
0.073716
0.078652
0.074534
0.081816
0.080867
0.081234
0.078290
0.065769
0.068649
0.072235
0.078957
0.065316
0.090530
0.087361
0.081110
0.077352
0.075250
0.087058
0.073999
0.084926
0.087293
0.085815
0.076228
0.080456
0.087095
0.074861
0.070237
0.080346
0.076477
0.086688
0.082379
0.077077
0.066289
0.080195
0.078640
0.078559
0.086350
0.070437
0.084642
0.078694
0.074135
0.073712
0.071106
0.083233
0.085091
0.080586
0.090596
0.069617
0.071202
0.090927
0.078210
0.075035
0.087310
0.066715
0.084077
0.074535
0.080660
0.072520
0.076769
0.075981
0.078183
0.071504
0.082934
0.080887
0.085779
0.076924
0.083804
0.098418
0.064743
0.067414
0.064433
0.086728
0.095555
0.072655
0.073313
0.073137
0.071716
0.086479
0.076564
0.078869
0.069930
0.065729
0.081663
0.067321
0.101957
0.081115
0.081473
0.085392
0.087616
0.080644
0.081465
0.088710
0.075545
0.074375
0.073891
0.072947
0.078710
0.083619
0.079013
0.079523
0.077983
0.078629
0.083386
0.070839
0.078154
0.080284
0.078863
0.078676
0.068357
0.066653
0.079100
0.073928
0.077316
0.077421
0.082451
0.072706
0.071779
0.074771
0.081321
0.081658
0.077760
0.082745
0.072681
0.082300
0.094940
0.073980
0.079397
0.087734
0.145803
0.084547
0.085472
0.075581
0.079939
0.081154
0.077703
0.068801
0.082665
0.076559
0.078175
0.074611
0.077559
0.076005
0.074803
0.101781
0.073984
0.077684
0.074670
0.087609
0.076993
0.073881
0.075299
0.082264
0.084140
0.082210
0.083881
0.079391
0.082734
0.080695
0.079142
0.073696
0.077153
0.070159
0.082309
0.066420
0.072678
0.068313
0.081610
0.097770
0.080354
0.079949
0.073980
0.080552
0.082714
0.087248
0.074404
0.082575
0.079244
0.082540
0.077077
0.080176
0.083209
0.064444
0.074429
0.088502
0.081115
0.086671
0.077733
0.086454
0.081555
0.072290
0.072672
0.072640
0.076589
0.074296
0.079200
0.082933
0.076660
0.072102
0.077431
0.080167
0.078998
0.068202
0.064902
0.076862
0.081339
0.095886
0.075021
0.071814
0.079365
0.073559
0.085105
0.075777
0.073629
0.075778
0.073278
0.081774
0.073925
0.079112
0.072986
0.075657
0.080696
0.092750
0.072588
0.075120
0.072814
0.074590
0.079625
0.081507
0.069942
0.085578
0.084247
0.074373
0.074585
0.080748
0.076544
0.080090
0.087196
0.079583
0.073683
0.076642
0.076457
0.074378
0.084989
0.074468
0.071983
0.073017
0.072366
0.070078
0.068680
0.069734
0.075125
0.075291
0.068645
0.078932
0.074445
0.075720
0.083605
0.073826
0.082530
0.084962
0.084651
0.080491
0.090935
0.068491
0.085807
0.078981
0.079034
0.089122
0.066905
0.080220
0.079781
0.069669
0.078610
0.084339
0.085643
0.067993
0.074713
0.076121
0.090655
0.074786
0.084564
0.092138
0.082905
0.078383
0.065911
0.070465
0.079216
0.076298
0.070789
0.088134
0.074316
0.078071
0.078102
0.074489
0.086029
0.081727
0.075740
0.077087
0.074437
0.074480
0.086431
0.075889
0.088092
0.078958
0.069405
0.079663
0.085761
0.076801
0.079629
0.078524
0.072313
0.074693
0.088345
0.082258
0.092157
0.077073
0.076826
0.070457
0.079717
0.078423
0.072448
0.068831
0.083646
0.085409
0.069512
0.079651
0.084511
0.078275
0.086476
0.081375
0.081876
0.087048
0.067451
0.086073
0.081161
0.077442
0.077194
0.078870
0.085765
0.086270
0.073808
0.073953
0.077488
0.079385
0.079420
0.075943
0.079788
0.085230
0.079485
0.069513
0.074742
0.072279
0.073076
0.079955
0.080780
0.074142
0.090213
0.078220
0.080355
0.066410
0.080486
0.068408
0.076090
0.079332
0.083120
0.081091
0.079480
0.069675
0.084913
0.076533
0.082626
0.071930
0.085465
0.081897
0.075108
0.095522
0.079005
0.079535
0.080179
0.065674
0.077737
0.093374
0.080756
0.078114
0.081321
0.069248
0.081419
0.081230
0.084731
0.082204
0.076160
0.077261
0.072779
0.082109
0.085522
0.083821
0.077294
0.069347
0.073602
0.077922
0.083247
0.079052
0.075562
0.086690
0.065998
0.068132
0.077312
0.082421
0.093681
0.076326
0.077834
0.075584
0.083886
0.079803
0.076435
0.068595
0.074630
0.080997
0.072061
0.083176
0.068132
0.077139
0.072806
0.072769
0.077770
0.089948
0.071173
0.076368
0.072829
0.089268
0.079357
0.069570
0.078859
0.080326
0.082820
0.085989
0.078782
0.080331
0.086087
0.077154
0.078836
0.077038
0.071680
0.080057
0.077413
0.081657
0.087010
0.073986
0.069586
0.077857
0.078793
0.085689
0.081326
0.073018
0.085270
0.071227
0.083186
0.077607
0.097231
0.080399
0.084542
0.071341
0.071252
0.077478
0.077112
0.082166
0.084045
0.076849
0.082373
0.087139
0.091447
0.079870
0.097587
0.074166
0.071511
0.083168
0.075223
0.085520
0.079902
0.081320
0.085963
0.099000
0.079552
0.075914
0.073831
0.084059
0.079491
0.071328
0.072988
0.088841
0.083270
0.074101
0.068785
0.073111
0.087229
0.080120
0.071142
0.083323
0.076595
0.086176
0.068248
0.080763
0.089463
0.083518
0.070689
0.079209
0.076364
0.076067
0.077327
0.082088
0.077834
0.084475
0.071474
0.071915
0.067881
0.079471
0.075220
0.072356
0.086752
0.080804
0.075686
0.076567
0.091217
0.077966
0.071578
0.076224
0.075017
0.085605
0.067046
0.082151
0.080294
0.084404
0.072894
0.078959
0.111589
0.080139
0.075390
0.082712
0.074215
0.075345
0.079715
0.084884
0.091015
0.082119
0.083815
0.079700
0.079942
0.097474
0.086262
0.080317
0.083207
0.077374
0.082038
0.076746
0.084005
0.081080
0.072466
0.068781
0.073247
0.074657
0.083271
0.067319
0.082896
0.086935
0.075764
0.066169
0.117146
0.084720
0.083232
0.084324
0.094301
0.096509
0.071464
0.081216
0.076067
0.088231
0.085061
0.081034
0.078673
0.080805
0.080219
0.083513
0.074865
0.085499
0.084621
0.083281
0.074898
0.092177
0.078930
0.086479
0.080476
0.073817
0.088537
0.067943
0.084835
0.088085
0.071649
0.075420
0.080100
0.087638
0.079821
0.073464
0.076185
0.074180
0.086099
0.096744
0.094494
0.074811
0.078521
0.078722
0.079714
0.084009
0.115538
0.074621
0.085420
0.084810
0.071825
0.074875
0.083431
0.081732
0.084995
0.084061
0.085717
0.085829
0.075192
0.072732
0.075198
