0.063225
0.081629
0.060418
0.081960
0.058006
0.063837
0.079386
0.083641
0.057151
0.074070
0.059207
0.072293
0.055294
0.063947
0.080637
0.082072
0.061457
0.082793
0.088037
0.058833
0.059964
0.058069
0.070101
0.078484
0.086530
0.083025
0.076737
0.066343
0.081102
0.054815
0.058188
0.053851
0.084573
0.070969
0.064184
0.094326
0.075629
0.078905
0.061611
0.065503
0.049486
0.073226
0.073812
0.067304
0.081044
0.075192
0.078223
0.076673
0.081418
0.051338
0.051429
0.075934
0.080425
0.058399
0.085376
0.051782
0.080093
0.065768
0.085097
0.078683
0.061890
0.075216
0.071270
0.080235
0.050355
0.085059
0.085798
0.088746
0.075372
0.051006
0.080818
0.092229
0.064401
0.053287
0.066834
0.080624
0.073102
0.087656
0.057560
0.079927
0.046567
0.076125
0.065588
0.072184
0.074057
0.085478
0.087186
0.064876
0.087348
0.059035
0.073185
0.048978
0.084652
0.075472
0.075716
0.073071
0.063085
0.079551
0.072705
0.070105
0.078345
0.072545
0.090572
0.075616
0.073094
0.085625
0.087504
0.080135
0.070714
0.079490
0.066576
0.060758
0.085919
0.063605
0.083962
0.056458
0.066718
0.072713
0.082052
0.069366
0.050375
0.082798
0.076930
0.081386
0.074848
0.081908
0.082791
0.059821
0.083824
0.066608
0.093626
0.120830
0.200608
0.176468
0.144545
0.155347
0.121104
0.120058
0.149146
0.103253
0.160858
0.165136
0.146063
0.143153
0.153729
0.160882
0.110392
0.109129
0.093429
0.059862
0.089060
0.087244
0.088410
0.090175
0.083046
0.073002
0.066721
0.066764
0.073830
0.079331
0.085695
0.061497
0.058101
0.089809
0.074871
0.075398
0.074787
0.061940
0.082443
0.077560
0.072547
0.072070
0.078345
0.080722
0.081520
0.078137
0.072276
0.095674
0.067384
0.089613
0.068336
0.073117
0.074764
0.087625
0.079216
0.084276
0.078016
0.080846
0.080403
0.067017
0.092100
0.065325
0.072609
0.087689
0.078743
0.078087
0.082037
0.079734
0.083978
0.079709
0.052088
0.084871
0.081469
0.080153
0.056808
0.092990
0.074154
0.079160
0.087438
0.071037
0.079372
0.074107
0.074954
0.070465
0.071851
0.088796
0.070886
0.077783
0.081550
0.077340
0.089273
0.056310
0.078730
0.084196
0.080782
0.078295
0.080004
0.075255
0.077876
0.077902
0.078561
0.078554
0.082813
0.085424
0.082362
0.072894
0.079057
0.097292
0.069684
0.091561
0.071931
0.082999
0.079465
0.077176
0.085890
0.073174
0.069842
0.075276
0.093788
0.086172
0.080037
0.071172
0.080671
0.077316
0.079825
0.082789
0.075254
0.075561
0.071212
0.085337
0.089076
0.088360
0.089608
0.087185
0.075928
0.067093
0.080338
0.078388
0.080038
0.079868
0.080658
0.080010
0.083549
0.076645
0.086092
0.088888
0.095698
0.068440
0.078815
0.070629
0.080677
0.078465
0.082190
0.080880
0.083195
0.071791
0.093121
0.078456
0.075511
0.085296
0.082700
0.076716
0.079668
0.081473
0.084535
0.084781
0.080922
0.086168
0.096584
0.083796
0.074492
0.073339
0.085983
0.067873
0.075945
0.077442
0.077110
0.091607
0.080419
0.075084
0.084501
0.075457
0.082741
0.085824
0.074097
0.084447
0.072289
0.084743
0.078962
0.080077
0.107139
0.072316
0.084146
0.082785
0.074543
0.067388
0.082438
0.066761
0.075909
0.086475
0.085517
0.078468
0.080036
0.080620
0.078969
0.086358
0.086809
0.067696
0.073038
0.072149
0.076219
0.067143
0.072348
0.074655
0.093871
0.079935
0.079196
0.080170
0.084041
0.081621
0.077964
0.086515
0.084326
0.080555
0.081321
0.072196
0.085444
0.074999
0.070951
0.087823
0.076032
0.081033
0.080737
0.075728
0.386878
0.071071
0.080606
0.085208
0.081542
0.156010
0.095208
0.088758
0.145278
0.102992
0.089510
0.090920
0.073739
0.071321
0.068679
0.076465
0.075337
0.085339
0.073753
0.073164
0.081588
0.079571
0.085579
0.083200
0.080676
0.083350
0.074040
0.084468
0.077293
0.077134
0.086111
0.084289
0.069139
0.080324
0.079636
0.080379
0.075721
0.086127
0.084634
0.079380
0.075776
0.112705
0.079444
0.077947
0.083363
0.080460
0.085482
0.077331
0.073847
0.078164
0.082471
0.092259
0.071464
0.090176
0.072607
0.087018
0.076030
0.066533
0.114744
0.089922
0.078820
0.082747
0.078619
0.070733
0.082314
0.078533
0.082748
0.087408
0.081174
0.080206
0.079889
0.085450
0.079946
0.078531
0.076788
0.082963
0.086815
0.080375
0.081978
0.074546
0.086115
0.074846
0.088923
0.079834
0.068872
0.085625
0.074787
0.088155
0.077144
0.078003
0.074854
0.084151
0.076678
0.074224
0.089131
0.082492
0.081001
0.076660
0.080764
0.074936
0.079784
0.087788
0.084577
0.091577
0.083779
0.073041
0.079133
0.081374
0.072782
0.070744
0.076848
0.086525
0.080418
0.079500
0.074115
0.088346
0.089157
0.080137
0.084740
0.071772
0.085602
0.083240
0.071539
0.075174
0.073656
0.085166
0.078987
0.080005
0.082906
0.071859
0.087918
0.073523
0.077580
0.080974
0.087349
0.082106
0.073129
0.079553
0.078503
0.085985
0.068914
0.069291
0.076356
0.079961
0.079977
0.090839
0.081971
0.066429
0.073002
0.086130
0.077191
0.078887
0.085767
0.075706
0.086756
0.085064
0.072881
0.084492
0.084118
0.072432
0.082394
0.077602
0.070948
0.068491
0.080504
0.085418
0.084227
0.080087
0.077124
0.078770
0.081159
0.066734
0.082590
0.067568
0.067936
0.080698
0.082177
0.083598
0.089318
0.080550
0.077289
0.089834
0.075299
0.079315
0.072619
0.082647
0.073312
0.070078
0.075308
0.074425
0.079138
0.075609
0.085744
0.083557
0.077433
0.084027
0.087175
0.081555
0.090108
0.082741
0.076567
0.080555
0.074872
0.075830
0.074393
0.083042
0.086629
0.083788
0.078176
0.079417
0.081126
0.091390
0.087109
0.084518
0.076549
0.093510
0.098702
0.081315
0.072735
0.073837
0.072944
0.078353
0.068526
0.072104
0.078764
0.079443
0.080645
0.074134
0.071356
0.079144
0.080977
0.085340
0.081189
0.073671
0.076292
0.083147
0.085213
0.082389
0.087054
0.081683
0.080187
0.072407
0.082312
0.066905
0.071427
0.073404
0.081042
0.082839
0.079868
0.079313
0.088760
0.079889
0.076559
0.085797
0.077854
0.082795
0.082572
0.096487
0.080362
0.085949
0.082160
0.098515
0.081618
0.078164
0.076596
0.092719
0.079197
0.080538
0.080339
0.075511
0.081960
0.076977
0.078159
0.097463
0.083669
0.078514
0.087596
0.070484
0.080426
0.073153
0.081171
0.072391
0.074989
0.087517
0.081730
0.072338
0.094301
0.081596
0.077174
0.073362
0.083818
0.089416
0.074021
0.099108
0.083411
0.080263
0.078707
0.065477
0.083198
0.084750
0.080408
0.074132
0.072412
0.073031
0.085609
0.080454
0.072461
0.079081
0.088046
0.071392
0.070672
0.087195
0.073096
0.099961
0.079843
0.075129
0.066355
0.075547
0.074262
0.071675
0.075962
0.081899
0.074342
0.075792
0.067097
0.067671
0.067800
0.072880
0.078792
0.078297
0.081538
0.085128
0.080284
0.074948
0.085979
0.075101
0.066329
0.074529
0.077618
0.073915
0.085239
0.088933
0.078508
0.088827
0.073477
0.076374
0.080025
0.080335
0.070430
0.074783
0.077364
0.072058
0.078316
0.087156
0.088284
0.073059
0.071401
0.086361
0.076013
0.077239
0.085399
0.084917
0.066104
0.071547
0.082028
0.089033
0.072608
0.086245
0.088036
0.094702
0.078232
0.078149
0.079000
0.084687
0.077905
0.077337
0.080349
0.088334
0.087483
0.076224
0.074472
0.075013
0.075355
0.081732
0.078731
0.081773
0.065580
0.082681
0.074229
0.083129
0.081889
0.094279
0.064391
0.082646
0.082218
0.081973
0.097142
0.080262
0.080244
0.079318
0.079558
0.078284
0.072985
0.070597
0.083445
0.084963
0.076095
0.083595
0.073757
0.068825
0.074712
0.180997
0.072751
0.084279
0.071678
0.075540
0.078356
0.091812
0.073123
0.071377
0.081237
0.082690
0.079292
0.073346
0.073506
0.073192
0.080173
0.079517
0.079178
0.081214
0.081349
0.076307
0.077572
0.087419
0.082977
0.085715
0.076101
0.088693
0.072676
0.080532
0.076423
0.077344
0.081406
0.084569
0.086193
0.080951
0.080738
0.080477
0.083010
0.071835
0.080295
0.090983
0.080105
0.075446
0.084016
0.075479
0.085361
0.072931
0.087466
0.072691
0.093576
0.109220
0.092523
0.078407
0.076465
0.085582
0.071520
0.085365
0.089851
0.077594
0.081488
0.080086
0.078479
0.072857
0.071737
0.075900
0.077469
0.069026
0.069273
0.089953
0.088840
0.080471
0.090788
0.081946
0.077311
0.097947
0.080543
0.085449
0.090006
0.089857
0.071863
0.099822
0.077824
0.080069
0.083822
0.081827
0.094954
0.076857
0.077041
0.078799
0.083789
0.064204
0.074920
0.081113
0.073678
0.077196
0.068065
0.069170
0.086237
0.088596
0.071299
0.087116
0.085730
0.072061
0.078877
0.084301
0.080716
0.095340
0.079919
0.069128
0.092497
0.087528
0.086932
0.082278
0.073240
0.077492
0.094820
0.076164
0.096027
0.081444
0.080204
0.076858
0.085223
0.080359
0.085887
0.106341
0.080619
0.082750
0.080377
0.102008
0.083125
0.088930
0.072326
0.077517
0.078702
0.086732
0.079379
0.074458
0.086550
0.076902
0.075821
0.077864
0.085436
0.076508
0.077440
0.073810
0.072358
0.070415
0.085720
0.077602
0.078637
0.073018
0.083914
0.112538
0.174305
0.070217
0.073185
0.083072
0.093397
0.084753
0.075925
0.077739
0.102225
0.080899
0.086383
0.090891
0.090246
0.073957
0.089195
0.082828
0.078352
0.077317
0.070903
0.075567
0.082857
0.083644
0.087689
0.068504
0.096837
0.080735
0.083517
0.081302
0.073904
0.072057
0.087848
0.087602
0.089706
0.084578
0.081808
0.077759
0.074814
0.086927
0.093112
0.093719
0.091459
0.084174
0.084568
0.079502
0.080062
0.071280
0.080500
0.075241
0.087733
0.158637
0.069348
0.079771
0.072436
0.081521
0.086781
0.074165
0.091248
0.079775
0.077362
0.088358
0.078521
0.069444
0.089790
0.085372
0.082404
0.080706
0.078418
0.098036
0.087293
0.080937
0.086204
0.079406
0.090266
0.084896
0.085537
0.080862
0.086635
0.092377
0.084354
0.083211
0.084545
0.085679
0.074162
0.084587
0.090051
0.070145
0.091438
0.086258
0.080986
0.075705
0.081014
0.096726
0.076800
0.083845
0.069816
0.079756
0.070648
0.077933
0.068733
0.079670
0.086798
0.086876
0.077011
0.083995
0.072659
0.073792
0.066831
0.078254
0.082524
0.081551
0.082072
0.082137
0.076913
0.081800
0.082598
0.074657
0.068096
0.081600
0.078248
0.087378
0.091090
0.084967
0.082584
0.093547
0.067283
0.081546
0.079160
0.076799
0.084981
0.072747
0.073580
0.083270
0.077669
0.085855
0.088036
0.084637
0.089386
0.091370
0.078427
0.070205
0.080146
0.075194
0.081127
0.074031
0.078940
0.079571
0.075167
0.076240
0.078813
0.086253
0.085335
0.080422
0.077400
0.069730
0.070145
0.069935
0.085034
0.079322
0.092243
0.079338
0.078186
0.077728
0.079687
0.093974
0.083255
0.079030
0.066756
0.080296
0.083036
0.080901
0.071433
0.079440
0.068451
0.087825
0.090059
0.077848
0.086556
0.092065
0.074806
0.077311
0.084511
0.077994
0.083605
0.082090
0.079561
0.087513
0.077442
0.092340
0.072632
0.086752
0.077508
0.090723
0.070856
0.081113
0.075174
0.087472
0.067347
0.074528
0.078607
0.073255
0.080186
0.078592
0.076355
0.079459
0.071598
0.085754
0.080589
0.071147
0.078217
0.077544
0.086639
0.080843
0.085098
0.079634
0.087731
0.080236
0.085336
0.128960
0.074664
0.080406
0.073810
0.089565
0.073300
0.082502
0.076977
0.082188
0.075371
0.065078
0.085213
0.072825
0.077675
0.075336
0.075759
0.084992
0.080151
0.082191
0.073812
0.071971
0.075172
0.084523
0.069469
0.066639
0.089552
0.073216
0.081119
0.087501
0.072362
0.091114
0.076543
0.072548
0.069274
0.074946
0.081666
0.083673
0.086950
0.080040
0.075250
0.088846
0.081975
0.082492
0.080764
0.078527
0.077627
0.078602
0.084954
0.079053
0.198798
0.080280
0.076253
0.074001
0.100493
0.085486
0.078640
0.073784
0.072756
0.084477
0.069070
0.082812
0.080018
0.072089
0.076792
0.074876
0.070928
0.068128
0.081981
0.078912
0.085711
0.084892
0.079740
0.077628
0.075458
0.079695
0.075897
0.073159
0.079669
0.075478
0.084765
0.084451
0.071234
0.075029
0.088930
0.080493
0.079620
0.080149
0.074306
0.082837
0.074428
0.276030
0.086569
0.076150
0.091435
0.081700
0.069654
0.080276
0.076363
0.075581
0.077069
0.098150
0.077302
0.079587
0.077382
0.074560
0.081046
0.074639
0.088042
0.070182
0.085665
0.081919
0.088638
0.073909
0.076173
0.074796
0.083676
0.072343
0.073843
0.089897
0.072567
0.070232
0.080347
0.076711
0.084832
0.105930
0.077314
0.081188
0.082620
0.072189
0.073289
0.087534
0.067994
0.082942
0.090274
0.086247
0.076656
0.086761
0.088579
0.086227
0.081336
0.075642
0.087442
0.077611
0.071364
0.079794
0.079446
0.082125
0.080816
0.070443
0.075422
0.075621
0.078798
0.082667
0.078876
0.089277
0.076888
0.085834
0.080178
0.093036
0.079505
0.079177
0.072672
0.081783
0.084105
0.081399
0.078722
0.078156
0.080994
0.082437
0.071073
0.086503
0.076583
0.091232
0.086286
0.087016
0.080640
0.103593
0.089274
0.091327
0.077182
0.094198
0.078308
0.077262
0.085861
0.079863
0.073799
0.077608
0.086321
0.093329
0.084066
0.093861
0.095264
0.071963
0.080001
0.072486
0.069398
0.088079
0.086927
0.085450
0.089397
0.083042
0.080554
0.080252
0.074375
0.085337
0.075350
0.075158
0.091192
0.076761
0.067006
0.079172
0.080660
0.069816
0.088597
0.072227
0.082126
0.073736
0.079140
0.078988
0.088590
0.074491
0.086152
0.080069
0.086972
0.081085
0.080581
0.080739
0.076448
0.073546
0.066791
0.079677
0.082593
0.089080
0.075097
0.082582
0.087464
0.076513
0.077832
0.086699
0.082502
0.074873
0.076726
0.094148
0.086180
0.079195
0.072384
0.071035
0.078991
0.089014
0.079948
0.075718
0.073358
0.074509
0.079999
0.078470
0.089520
0.081730
0.081564
0.075000
0.088731
0.100885
0.078442
0.088909
0.078339
0.073890
0.086233
0.086766
0.080890
0.081580
0.077950
0.077802
0.085554
0.082960
0.077561
0.082670
0.077023
0.080582
0.069158
0.072843
0.087021
0.075569
0.081599
0.080365
0.087325
0.089587
0.072220
0.073024
0.077348
0.084563
0.075059
0.094729
0.076721
0.079704
0.094674
0.077021
0.068522
0.082386
0.082148
0.102755
0.086163
0.084911
0.078809
0.070314
0.091176
0.079687
0.085408
0.081767
0.075397
0.074508
0.081594
0.087353
0.071574
0.079826
0.084113
0.081581
0.076597
0.077747
0.075333
0.078919
0.077058
0.091545
0.084887
0.076012
0.069326
0.083192
0.072647
0.079390
0.086460
0.068501
0.084344
0.076154
0.088685
0.069842
0.081053
0.078401
0.081581
0.092222
0.074961
0.099615
0.090567
0.085139
0.080538
0.078245
0.076417
0.075701
0.077356
0.081285
0.082216
0.082535
0.079004
0.086832
0.086383
0.079316
0.086367
0.085145
0.079224
0.081937
0.080002
0.080753
0.076493
0.074276
0.081367
0.081740
0.084821
0.085328
0.083018
0.073290
0.069353
0.071055
0.075874
0.087708
0.073648
0.066115
0.080860
0.072781
0.079247
0.083981
0.074345
0.079683
0.085487
0.078967
0.091632
0.080540
0.080045
0.096956
0.078369
0.066610
0.080638
0.086007
0.086102
0.078699
0.087116
0.082347
0.078981
0.080677
0.083295
0.074680
0.084514
0.078775
0.088586
0.087938
0.080533
0.088269
0.082068
0.081533
0.090985
0.095079
0.086512
0.081556
0.084802
0.083414
0.077353
0.085961
0.066380
0.084799
0.075599
0.084738
0.084087
0.071234
0.076266
0.099588
0.076541
0.081264
0.087784
0.068740
0.077813
0.076489
0.070829
0.069092
0.077647
0.077287
0.080882
0.084548
0.078013
0.076981
0.089854
0.075485
0.073838
0.105802
0.083895
0.080696
0.070723
0.080678
0.079623
0.077288
0.090972
0.077250
0.070986
0.088276
0.074100
0.248561
0.084623
0.082954
0.092620
0.086011
0.085669
0.080548
0.074864
0.094128
0.088319
0.090443
0.074693
0.078995
0.090454
0.082681
0.079706
0.091970
0.087849
0.079583
0.086466
0.082580
0.079684
0.072901
0.083784
0.074221
0.086109
0.076643
0.091608
0.099756
0.082058
0.082343
0.092882
0.069378
0.077325
0.081142
0.078224
0.085731
0.077548
0.092515
0.088707
0.087237
0.075801
0.094987
0.075819
0.073532
0.084280
0.071112
0.083384
0.069945
0.087629
0.087809
0.090421
0.072970
0.097107
0.091231
0.090524
0.085130
0.082998
0.083908
0.078172
0.084275
0.073412
0.079257
0.079725
0.080941
0.073243
0.081209
0.079472
0.077409
0.078198
0.080313
0.084411
0.085273
0.082098
0.082363
0.099736
0.081001
0.073398
0.077007
0.081157
0.078487
0.079373
0.076698
0.077015
0.075622
0.079607
0.082313
0.078092
0.082850
0.096147
0.080663
0.076628
0.087345
0.081124
0.083669
0.071950
0.093880
0.088078
0.073370
0.081306
0.088353
0.114671
0.079330
0.075310
0.072673
0.079641
0.079350
0.072836
0.070178
0.077123
0.074183
0.083665
0.083907
0.080997
0.074255
0.085999
0.079586
0.078806
0.074233
0.066706
0.079599
0.085335
0.074551
0.068312
0.083717
0.074268
0.127163
0.071813
0.075730
0.076389
0.084559
0.083889
0.073527
0.082813
0.084767
0.070799
0.073307
0.074404
0.080182
0.081589
0.080265
0.068726
0.078068
0.073357
0.096318
0.075365
0.068909
0.085978
0.078307
0.082263
0.073370
0.083596
0.081343
0.075389
0.076977
0.079932
0.072480
0.086831
0.073973
0.081807
0.088741
0.087057
0.067647
0.079021
0.079105
0.073554
0.077767
0.075148
0.075143
0.084822
0.074193
0.087632
0.086839
0.095533
0.074515
0.079196
0.067537
0.070726
0.068057
0.079031
0.089262
0.065168
0.089978
0.068797
0.075126
0.079065
0.081733
0.073424
0.088006
0.088991
0.087133
0.084751
0.080742
0.082472
0.073100
0.089579
0.078294
0.082719
0.082278
0.081542
0.079139
0.083623
0.090218
0.084938
0.074841
0.073780
0.073721
0.082476
0.066349
0.073697
0.069103
0.080201
0.079916
0.087069
0.083650
0.080883
0.069407
0.075793
0.086706
0.068759
0.077598
0.079048
0.077759
0.078069
0.070336
0.075519
0.085597
0.082521
0.073899
0.083988
0.075756
0.073302
0.088540
0.074717
0.073227
0.088951
0.079053
0.073762
0.090241
0.084080
0.078346
0.073602
0.078021
0.074406
0.073500
0.075798
0.075884
0.093486
0.090315
0.069899
0.078550
0.067387
0.079048
0.093309
0.074863
0.081199
0.079794
0.082289
0.077484
0.082619
0.079124
0.079522
0.070482
0.075905
0.071449
0.083526
0.085083
0.089064
0.077329
0.070391
0.082326
0.080302
0.089734
0.081763
0.092179
0.161049
0.087790
0.081025
0.081938
0.083420
0.077232
0.076573
0.077541
0.075750
0.083638
0.075457
0.082934
0.087020
0.087632
0.086236
0.083494
0.083192
0.075858
0.081799
0.099333
0.197226
0.077796
0.070381
0.082457
0.069715
0.075628
0.074717
0.077996
0.078692
0.080100
0.073456
0.064559
0.073819
0.091241
0.079273
0.077328
0.080692
0.112866
0.085365
0.074671
0.073106
0.087989
0.078525
0.099442
0.092548
0.076276
0.073403
0.085977
0.086815
0.073914
0.080139
0.087011
0.071764
0.089083
0.089890
0.086850
0.094976
0.089742
0.077150
0.105747
0.077523
0.105010
0.075905
0.077693
0.071314
0.085510
0.087796
0.082249
0.085680
0.078148
0.082249
0.068750
0.080100
0.071898
0.074126
0.077265
0.084601
0.079498
0.085938
0.075562
0.067350
0.076044
0.077286
0.089462
0.086141
0.069370
0.083857
0.082180
0.081209
0.080985
0.082830
0.074271
0.087890
0.084585
0.073654
0.078327
0.079160
0.067370
0.075633
0.078239
0.103408
0.097996
0.080376
0.075252
0.074863
0.069300
0.068384
0.079644
0.085839
0.072513
0.079571
0.070176
0.075852
0.070292
0.078688
0.072241
0.075343
0.071856
0.074675
0.091138
0.087890
0.078542
0.080819
0.080858
0.069332
0.090663
0.069363
0.089008
0.077229
0.074636
0.066978
0.078364
0.083236
0.079912
0.077686
0.076908
0.073516
0.086461
0.087431
0.087672
0.082556
0.068553
0.077466
0.073099
0.086934
0.075561
0.071929
0.075747
0.078808
0.081781
0.069979
0.085012
0.097490
0.077335
0.080932
0.078636
0.079784
0.079911
0.089534
0.098144
0.069479
0.077030
0.087355
0.078037
0.074469
0.071091
0.070492
0.087227
0.080649
0.070345
0.077841
0.077165
0.086679
0.096806
0.084344
0.075690
0.084864
0.080497
0.082668
0.079357
0.082593
0.075783
0.083808
0.068872
0.075635
0.079287
0.082401
0.075412
0.069631
0.082226
0.080851
0.079541
0.082184
0.083837
0.095971
0.095589
0.080436
0.074010
0.096711
0.085115
0.075623
0.064593
0.085499
0.072445
0.069478
0.073640
0.078966
0.093047
0.076409
0.080023
0.083844
0.071600
0.079108
0.083074
0.085723
0.086519
0.079214
0.089651
0.081414
0.085812
0.080962
0.095056
0.092641
0.074509
0.080524
0.083654
0.069889
0.091102
0.077708
0.086815
0.078237
0.093902
0.079948
0.077096
0.072944
0.086118
0.083140
0.075327
0.069737
0.080084
0.080977
0.076944
0.077681
0.086379
0.079532
0.082964
0.087106
0.087524
0.083631
0.082833
0.092641
0.079008
0.086230
0.094072
0.081421
0.075487
0.084836
0.123455
0.081554
0.107043
0.112200
0.129496
0.093842
0.081412
0.090645
0.070573
0.078642
0.076383
0.083104
0.088327
0.078876
0.075940
0.078758
0.088820
0.100483
0.076205
0.087968
0.085009
0.078198
0.091812
0.073853
0.079131
0.080991
0.084489
0.080421
0.078059
0.082149
0.084744
0.089142
0.085653
0.080917
0.075912
0.076809
0.078272
0.082654
0.073857
0.082519
0.087914
0.089001
0.080068
0.077331
0.080019
0.106187
0.084995
0.095293
0.078289
0.079608
0.077174
0.101993
0.083599
0.077880
0.082998
0.091643
0.084883
0.090771
0.074409
0.075751
0.076646
0.076209
0.084373
0.080234
0.073147
0.080426
0.070304
0.067974
0.083948
0.087557
0.074169
0.074184
0.083249
0.068653
0.092472
0.074353
0.083062
0.068324
0.072717
0.082379
0.079835
0.078993
0.080358
0.086189
0.088609
0.076996
0.088268
0.084334
0.095807
0.078330
0.084644
0.074213
0.081860
0.081197
0.089808
0.076137
0.075183
0.078378
0.078980
0.075999
0.078851
0.077829
0.075084
0.073876
0.084304
0.077956
0.073943
0.079162
0.065355
0.078016
0.082717
0.083779
0.079177
0.077058
0.076177
0.071713
0.077895
0.083792
0.086337
0.087647
0.066983
0.090068
0.066661
0.088672
0.079039
0.081747
0.097410
0.078653
0.085370
0.090987
0.082163
0.093498
0.082765
0.091861
0.083953
0.088104
0.098809
0.074915
0.091120
0.078896
0.094118
0.081839
0.077702
0.078166
0.079333
0.085796
0.076311
0.085492
0.067691
0.075324
0.072991
0.080022
0.079045
0.098955
0.084725
0.095684
0.071840
0.081793
0.080084
0.088715
0.068389
0.091803
0.070473
0.081997
0.090529
0.076624
0.073885
0.078560
0.069373
0.079676
0.079532
0.074126
0.072921
0.087350
0.087157
0.083499
0.072539
0.083529
0.082334
0.076894
0.078437
0.081546
0.087747
0.079821
0.067322
0.075070
0.093303
0.090526
0.087618
0.085634
0.077079
0.073947
0.090795
0.080833
0.083159
0.084260
0.080524
0.090972
0.074340
0.082226
0.080882
0.091303
0.078937
0.080142
0.091173
0.073134
0.084201
0.081425
0.092187
0.087967
0.078952
0.101266
0.087793
0.070146
0.077486
0.084517
0.085593
0.086038
0.077021
0.091259
0.071341
0.071872
0.086930
0.086246
0.087063
0.072000
0.080969
0.076711
0.074691
0.070553
0.073799
0.086187
0.077112
0.079824
0.085611
0.080291
0.070237
0.077305
0.066191
0.073231
0.073191
0.088575
0.079244
0.073704
0.082343
0.083954
0.076168
0.087862
0.091956
0.086836
0.088272
0.076102
0.086421
0.075944
0.075605
0.078732
0.077009
0.072536
0.076506
0.071360
0.082896
0.091610
0.073911
0.080394
0.077945
0.078088
0.085264
0.073834
0.068886
0.082028
0.075576
0.083355
0.081094
0.074189
0.085846
0.079815
0.075930
0.072693
0.084220
0.085567
0.082048
0.080205
0.076123
0.072298
0.069044
0.080555
0.080602
0.087149
0.082621
0.079516
0.080730
0.082961
0.067662
0.082165
0.084273
0.074114
0.091592
0.078834
0.080124
0.083829
0.083529
0.078786
0.073536
0.078124
0.073076
0.080921
0.089683
0.131239
0.079221
0.080101
0.083906
0.088353
0.067490
0.092058
0.081822
0.091142
0.083797
0.080450
0.083552
0.084499
0.082808
0.082283
0.074893
0.081300
0.076454
0.074218
0.079277
0.074750
0.084472
0.093147
0.074588
0.080103
0.070115
0.071061
0.087856
0.074832
0.073477
0.076212
0.086745
0.092962
0.076276
0.087777
0.093985
0.083728
0.074380
0.095907
0.104982
0.102684
0.086784
0.079574
0.084960
0.095772
0.078399
0.087908
0.084377
0.092350
0.089059
0.078227
0.075457
0.077371
0.090667
0.099387
0.089008
0.105849
0.091791
0.076890
0.072918
0.068199
0.084673
0.080353
0.082413
0.074000
0.076103
0.068585
0.089466
0.086668
0.068877
0.074774
0.082522
0.219425
0.074636
0.114559
0.072623
0.067070
0.086479
0.084437
0.073688
0.090307
0.087296
0.083544
0.087819
0.072327
0.097051
0.089838
0.092581
0.083180
0.079616
0.081476
0.070291
0.080906
0.075891
0.093545
0.076751
0.080610
0.077367
0.080486
0.081740
0.078443
0.105487
0.083385
0.080374
0.073738
0.083944
0.071902
0.089232
0.080991
0.080370
0.082768
0.068194
0.079709
0.087664
0.074644
0.089639
0.082763
0.074030
0.092441
0.078005
0.072515
0.091529
0.083813
0.087682
0.085755
0.068944
0.081351
0.120536
0.074982
0.073985
0.085886
0.081377
0.085580
0.074206
0.093384
0.096888
0.090883
0.073275
0.074083
0.072320
0.083958
0.078288
0.090391
0.087197
0.085881
0.081277
0.075461
0.086991
0.075314
0.081693
0.087197
0.071684
0.092772
0.086031
0.082130
0.071678
0.088059
0.076920
0.087527
0.083563
0.078100
0.077225
0.088753
0.081006
0.078841
0.079352
0.082807
0.084010
0.079774
0.073580
0.082801
0.066839
0.072258
0.077179
0.077892
0.072113
0.075716
0.077112
0.075739
0.095620
0.082176
0.080882
0.082900
0.078317
0.085046
0.077815
0.079730
0.085461
0.078843
0.075829
0.079854
0.074723
0.081644
0.076994
0.090683
0.077386
0.081315
0.085120
0.073987
0.068720
0.085477
0.075582
0.086213
0.067055
0.092860
0.098966
0.082915
0.084673
0.091770
0.086557
0.081867
0.081326
0.105643
0.074269
0.084571
0.083172
0.097810
0.073235
0.081216
0.066686
0.077450
0.073251
0.088520
0.077280
0.075617
0.075226
0.072743
0.078444
0.082980
0.077405
0.079029
0.079985
0.082922
0.079650
0.084490
0.081579
0.092542
0.072423
0.080475
0.092487
0.080342
0.085799
0.080981
0.075163
0.084538
0.089092
0.072153
0.084952
0.076472
0.097247
0.080366
0.079927
0.073755
0.069711
0.069529
0.074111
0.094386
0.064126
0.081581
0.089205
0.077955
0.079005
0.077243
0.081499
0.080434
0.081290
0.084390
0.086392
0.079761
0.067581
0.086655
0.080610
0.074749
0.082212
0.076815
0.088605
0.074846
0.096423
0.069943
0.076527
0.092637
0.075864
0.084649
0.078254
0.089556
0.072357
0.075386
0.079558
0.073959
0.074276
0.075186
0.092678
0.105563
0.076362
0.081193
0.075119
0.076607
0.087008
0.081821
0.070299
0.079935
0.083137
0.073606
0.075160
0.078345
0.076932
0.078276
0.068300
0.084548
0.083461
0.087335
0.084582
0.078396
0.080725
0.068625
0.077444
0.069601
0.082624
0.084508
0.087482
0.073933
0.081426
0.078760
0.080228
0.092237
0.077025
0.067161
0.066632
0.070708
0.066786
0.079136
0.087128
0.073896
0.081107
0.088843
0.082387
0.080825
0.085668
0.075218
0.078662
0.073699
0.073072
0.081908
0.067218
0.074286
0.073630
0.078904
0.072843
0.075291
0.068318
0.076960
0.081796
0.078878
0.081015
0.071842
0.084494
0.089863
0.072705
0.074317
0.072758
0.080105
0.072995
0.071869
0.073769
0.085289
0.076067
0.081066
0.075475
0.068324
0.089242
0.092932
0.087713
0.089502
0.086344
0.087657
0.078563
0.080348
0.077882
0.093120
0.084689
0.072062
0.085332
0.073087
0.073257
0.077516
0.077772
0.081099
0.077618
0.070200
0.084188
0.079110
0.080992
0.082078
0.082031
0.083224
0.070602
0.075265
0.086547
0.086135
0.088542
0.081550
0.084993
0.081318
0.081257
0.079617
0.079978
0.074064
0.076277
0.079779
0.075764
0.073012
0.075278
0.081924
0.073857
0.080213
0.080261
0.080551
0.072985
0.087954
0.087921
0.070809
0.091372
0.080599
0.079898
0.074006
0.078612
0.080793
0.072611
0.076343
0.086384
0.089843
0.082279
0.080851
0.087623
0.075714
0.066727
0.075723
0.077278
0.076207
0.078943
0.076949
0.077002
0.073449
0.078863
0.077292
0.082150
0.073331
0.072592
0.079370
0.074338
0.080702
0.082731
0.072365
0.071966
0.080572
0.077420
0.079518
0.069665
0.079953
0.071149
0.075549
0.080913
0.075887
0.080798
0.075949
0.075703
0.074595
0.081748
0.073627
0.077599
0.083011
0.076388
0.085533
0.080786
0.071799
0.084486
0.078933
0.081374
0.072918
0.078883
0.082299
0.078803
0.079677
0.082625
0.080836
0.076335
0.080604
0.074815
0.087270
0.077543
0.077923
0.084586
0.075853
0.069492
0.074634
0.066620
0.072343
0.075782
0.069139
0.076079
0.085405
0.078323
0.093879
0.082038
0.081608
0.085582
0.084453
0.088303
0.084196
0.069624
0.091504
0.079620
0.087373
0.083692
0.076893
0.076532
0.085177
0.068187
0.075530
0.079425
0.085997
0.088089
0.085451
0.067201
0.080475
0.071548
0.084351
0.092988
0.085387
0.075984
0.070200
0.070163
0.074200
0.079843
0.071382
0.085395
0.076407
0.109430
0.099134
0.080751
0.083157
0.079838
0.075443
0.082963
0.082784
0.068940
0.087185
0.078453
0.086451
0.078637
0.072204
0.073467
0.080633
0.081435
0.086534
0.074091
0.072030
0.079290
0.086508
0.082163
0.099780
0.080026
0.078998
0.068997
0.076954
0.080273
0.077923
0.074008
0.080422
0.091540
0.068593
0.082303
0.073059
0.080923
0.082085
0.079594
0.085837
0.087494
0.069677
0.083610
0.079281
0.076824
0.087235
0.082741
0.082706
0.090101
0.076832
0.081893
0.080183
0.069029
0.074625
0.078133
0.077930
0.086334
0.084052
0.074239
0.080470
0.074284
0.081950
0.084084
0.085961
0.074047
0.095715
0.078841
0.079497
0.068332
0.084717
0.067266
0.073128
0.073294
0.083644
0.073892
0.072278
0.069039
0.080541
0.078190
0.085859
0.073966
0.075650
0.096091
0.079733
0.087883
0.075925
0.075612
0.073786
0.069868
0.076132
0.090031
0.077568
0.089428
0.074612
0.070000
0.079611
0.080020
0.083581
0.088362
0.075338
0.074079
0.068453
0.081457
0.078745
0.080133
0.084789
0.071580
0.077456
0.073456
0.083913
0.080681
0.087926
0.079626
0.075863
0.076729
0.076348
0.087199
0.078333
0.077475
0.074679
0.078943
0.079654
0.083862
0.070174
0.088595
0.070451
0.083438
0.085558
0.090803
0.073653
0.074627
0.074701
0.078894
0.091769
0.093550
0.071614
0.074785
0.066974
0.077326
0.087673
0.106630
0.081332
0.073111
0.079515
0.080353
0.090397
0.078313
0.072344
0.079471
0.078813
0.096514
0.072102
0.079568
0.068866
0.068117
0.077992
0.073341
0.076130
0.078472
0.077610
0.087913
0.106725
0.088218
0.083003
0.073447
0.094407
0.077638
0.090818
0.077379
0.080049
0.069675
0.085221
0.076881
0.076825
0.078117
0.084744
0.088568
0.074530
0.083853
0.085111
0.080248
0.084206
0.081922
0.071677
0.099831
0.066345
0.088306
0.081676
0.077962
0.081667
0.080500
0.079374
0.076839
0.077794
0.078500
0.080558
0.073499
0.076395
0.072874
0.084879
0.078457
0.073293
0.082160
0.073813
0.076395
0.078502
0.082525
0.077159
0.085166
0.075709
0.075324
0.070571
0.083057
0.074309
0.075892
0.074215
0.076960
0.074756
0.084003
0.071901
0.066573
0.080659
0.072388
0.072344
0.079669
0.070940
0.080634
0.079439
0.087098
0.078782
0.077670
0.080876
0.085872
0.068042
0.079349
0.077411
0.083817
0.075516
0.089853
0.071895
0.079743
0.080454
0.079056
0.078506
0.080607
0.112384
0.098003
0.079426
0.076331
0.073308
0.087884
0.080384
0.075179
0.079231
0.080242
0.074460
0.089029
0.077976
0.080164
0.087509
0.080697
0.099821
0.074444
0.077783
0.083209
0.069708
0.069380
0.072662
0.079694
0.089678
0.070485
0.085801
0.098883
0.072935
0.069371
0.088369
0.086962
0.073123
0.085616
0.078526
0.087671
0.072912
0.088991
0.075531
0.074647
0.066626
0.080749
0.075735
0.075633
0.080872
0.090728
0.071281
0.097702
0.077838
0.085199
0.080303
0.081694
0.085632
0.081470
0.080921
0.071715
0.083283
0.070811
0.087053
0.073771
0.073212
0.080001
0.076986
0.081728
0.097488
0.074356
0.073671
0.070293
0.132267
0.078759
0.080903
0.085342
0.091558
0.079158
0.081253
0.084291
0.091892
0.079753
0.078937
0.084785
0.074243
0.083129
0.073833
0.096857
0.076329
0.082131
0.074893
0.090453
0.070930
0.082066
0.082437
0.084238
