0.083169
0.079874
0.082830
0.084481
0.078179
0.084894
0.090238
0.088387
0.077830
0.074786
0.081486
0.086502
0.081045
0.078939
0.091945
0.077028
0.094497
0.089249
0.090613
0.083693
0.076421
0.083228
0.071318
0.085723
0.087096
0.087187
0.084940
0.070664
0.077582
0.090200
0.077642
0.087000
0.079970
0.087940
0.078136
0.082023
0.076172
0.088450
0.080082
0.092378
0.068832
0.068248
0.067144
0.080460
0.081295
0.073522
0.081997
0.087992
0.075015
0.070883
0.070212
0.081008
0.083067
0.060360
0.091379
0.075129
0.083842
0.088132
0.088551
0.083782
0.076267
0.080974
0.082832
0.080621
0.068116
0.081377
0.087777
0.082227
0.077706
0.086517
0.081016
0.089903
0.082226
0.084705
0.081076
0.077952
0.077528
0.087608
0.076033
0.072155
0.068053
0.071121
0.093103
0.074021
0.073963
0.085292
0.092023
0.098926
0.083994
0.080007
0.067978
0.077163
0.087624
0.075903
0.080830
0.081403
0.085062
0.075238
0.070223
0.082387
0.079551
0.102494
0.082308
0.081110
0.085961
0.081167
0.080808
0.076823
0.072182
0.081546
0.074221
0.084207
0.075383
0.079124
0.084199
0.082441
0.076023
0.069515
0.079481
0.081509
0.071176
0.088101
0.077544
0.078700
0.087451
0.075755
0.084271
0.077465
0.094062
0.118905
0.143033
0.109582
0.128233
0.201784
0.195778
0.156467
0.140292
0.157024
0.148704
0.153256
0.160086
0.215264
0.144955
0.157361
0.223359
0.137570
0.132990
0.085294
0.085588
0.080605
0.082374
0.092149
0.081702
0.080950
0.084906
0.072421
0.078365
0.074035
0.102030
0.091019
0.080908
0.087081
0.073696
0.079154
0.079086
0.082499
0.092285
0.077534
0.081877
0.084038
0.083028
0.073164
0.081660
0.081382
0.084133
0.069899
0.073192
0.082582
0.079050
0.076430
0.091853
0.076090
0.071638
0.083051
0.079261
0.081649
0.078389
0.085172
0.082349
0.083875
0.083352
0.100527
0.084022
0.082144
0.079856
0.080814
0.081789
0.081504
0.080070
0.082313
0.068175
0.084757
0.082346
0.074118
0.078242
0.077829
0.078279
0.074717
0.086819
0.082321
0.080679
0.074622
0.081922
0.078078
0.069615
0.108669
0.079338
0.077451
0.085678
0.079961
0.087289
0.079204
0.083647
0.083455
0.084795
0.088433
0.093497
0.079308
0.079829
0.076844
0.081552
0.077397
0.081277
0.081519
0.086867
0.074938
0.081890
0.090730
0.077256
0.078627
0.069258
0.084187
0.093544
0.076132
0.080801
0.076399
0.079629
0.078828
0.081959
0.079161
0.093728
0.083115
0.081262
0.080077
0.068850
0.089800
0.081407
0.081302
0.072929
0.082966
0.083887
0.088053
0.080691
0.081880
0.073472
0.071243
0.076060
0.079900
0.075058
0.081579
0.076570
0.072450
0.082418
0.074014
0.092826
0.085257
0.085691
0.068955
0.084912
0.074993
0.076209
0.078471
0.090525
0.079152
0.084342
0.069359
0.087492
0.074402
0.083519
0.092905
0.077669
0.075130
0.082511
0.077716
0.080334
0.082640
0.085350
0.091335
0.066103
0.087824
0.071534
0.071187
0.088882
0.082288
0.076372
0.076678
0.079264
0.086677
0.073295
0.072087
0.087387
0.079429
0.080551
0.078876
0.079349
0.074562
0.073405
0.084165
0.087079
0.082149
0.073827
0.074084
0.069691
0.082766
0.074957
0.083537
0.091686
0.069119
0.079506
0.085464
0.082599
0.078037
0.085167
0.085933
0.080149
0.078291
0.085166
0.075275
0.085083
0.068862
0.102059
0.077072
0.079447
0.077714
0.094512
0.077023
0.077542
0.083558
0.080570
0.081141
0.091681
0.088585
0.086310
0.081869
0.080676
0.103373
0.081638
0.077557
0.069521
0.091038
0.099326
0.081871
0.081300
0.081135
0.085115
0.066878
1.441450
0.135802
0.125250
0.092497
0.089303
0.094645
0.099410
0.101723
0.070552
0.075815
0.076458
0.067936
0.077859
0.075516
0.075408
0.080551
0.082182
0.081336
0.085171
0.074807
0.081474
0.081813
0.080780
0.086964
0.082226
0.074920
0.077694
0.077436
0.084555
0.088862
0.073684
0.084691
0.080595
0.084774
0.076204
0.077908
0.083302
0.080238
0.081257
0.089562
0.082683
0.081606
0.081311
0.078221
0.080936
0.083241
0.076475
0.077877
0.080525
0.082085
0.071444
0.085424
0.079942
0.092896
0.074606
0.074476
0.078954
0.087113
0.074974
0.089068
0.074121
0.072521
0.090456
0.081734
0.074834
0.084844
0.082210
0.081117
0.090667
0.081923
0.080804
0.088422
0.081267
0.093565
0.084928
0.077358
0.082598
0.071393
0.077152
0.076884
0.082945
0.079843
0.073356
0.080555
0.082404
0.079092
0.074312
0.077918
0.082049
0.081308
0.078495
0.084346
0.092837
0.077717
0.087865
0.080060
0.080119
0.093934
0.080535
0.089682
0.075940
0.089871
0.080920
0.079859
0.082305
0.075953
0.084193
0.070926
0.085227
0.080843
0.081651
0.079817
0.080705
0.090279
0.085575
0.091398
0.080252
0.074800
0.086865
0.086480
0.071502
0.073899
0.083230
0.077453
0.080670
0.078750
0.093357
0.081375
0.089363
0.072208
0.086092
0.083365
0.088236
0.101211
0.079696
0.080554
0.080678
0.083402
0.076547
0.076648
0.080598
0.084787
0.076088
0.087091
0.071751
0.077317
0.077981
0.083166
0.084014
0.082018
0.090875
0.076619
0.086172
0.073940
0.072580
0.094969
0.082492
0.075885
0.082649
0.078050
0.075862
0.071718
0.073269
0.084059
0.095973
0.081597
0.076824
0.076329
0.076951
0.071026
0.087263
0.071452
0.068333
0.089107
0.070107
0.085714
0.093309
0.089969
0.085500
0.082860
0.094533
0.081238
0.076485
0.087068
0.068993
0.070726
0.076489
0.078523
0.076595
0.082840
0.088790
0.079455
0.078221
0.090122
0.082533
0.082038
0.092855
0.092785
0.072629
0.090795
0.073396
0.080622
0.089956
0.070218
0.077286
0.087303
0.087362
0.081343
0.081419
0.083242
0.100185
0.079221
0.088375
0.098062
0.095043
0.076143
0.074663
0.078411
0.074156
0.079066
0.069827
0.069183
0.079319
0.078096
0.074582
0.078885
0.074964
0.086801
0.082232
0.083225
0.089770
0.081339
0.082202
0.076890
0.092637
0.082739
0.089113
0.079532
0.089628
0.075983
0.084945
0.067673
0.070522
0.077262
0.078515
0.089591
0.069596
0.088445
0.079813
0.082932
0.076900
0.083278
0.077281
0.080382
0.089975
0.082100
0.082119
0.079583
0.076143
0.068426
0.074722
0.076461
0.074928
0.091947
0.083175
0.084244
0.087679
0.102982
0.078635
0.077858
0.084973
0.092262
0.082700
0.076781
0.086946
0.069356
0.080936
0.079113
0.090844
0.070756
0.078360
0.083646
0.096199
0.067520
0.096718
0.077458
0.080872
0.076632
0.087569
0.085553
0.081925
0.083971
0.084622
0.077100
0.082949
0.067690
0.079403
0.078952
0.077366
0.074058
0.075736
0.074971
0.074660
0.091006
0.078599
0.077132
0.090319
0.066378
0.068326
0.083267
0.076511
0.086005
0.079744
0.082257
0.071794
0.074501
0.081088
0.078038
0.075453
0.075897
0.082562
0.073921
0.072902
0.074947
0.073928
0.068155
0.079755
0.089784
0.084111
0.080688
0.076649
0.072582
0.083464
0.076815
0.076213
0.080017
0.077820
0.083421
0.082979
0.088376
0.079163
0.083708
0.097470
0.086838
0.080674
0.077689
0.073678
0.082341
0.076378
0.080596
0.077969
0.082400
0.083949
0.083349
0.070730
0.083315
0.078068
0.075815
0.085245
0.082314
0.075721
0.074092
0.083145
0.083914
0.079586
0.104366
0.078959
0.095712
0.088734
0.081119
0.079290
0.087573
0.089466
0.080606
0.079080
0.083987
0.083703
0.072185
0.071525
0.074064
0.078317
0.076755
0.074373
0.080637
0.065587
0.075357
0.082231
0.088355
0.089598
0.077082
0.067168
0.089094
0.084383
0.075072
0.087058
0.079293
0.086644
0.080058
0.076254
0.075422
0.079494
0.072934
0.080734
0.082459
0.079419
0.081655
0.080110
0.067996
0.077742
0.081868
0.090832
0.083544
0.080395
0.090586
0.087854
0.080140
0.074438
0.076265
0.097164
0.080229
0.122493
0.073785
0.082862
0.074452
0.087632
0.080007
0.083721
0.082315
0.090115
0.072417
0.079551
0.080511
0.090557
0.085108
0.072749
0.084050
0.070239
0.076724
0.081484
0.074648
0.084124
0.089300
0.074191
0.079584
0.083655
0.082161
0.095041
0.072644
0.087642
0.092932
0.081337
0.089084
0.084708
0.080054
0.064988
0.081260
0.084563
0.079609
0.085090
0.106657
0.086964
0.076413
0.084351
0.083719
0.074361
0.090250
0.087366
0.079799
0.080609
0.087818
0.104072
0.072741
0.071323
0.095502
0.073981
0.077839
0.079774
0.087558
0.090273
0.080671
0.088192
0.081289
0.074431
0.085028
0.079247
0.100324
0.081095
0.084026
0.087780
0.079480
0.077420
0.080666
0.080669
0.080272
0.088172
0.076236
0.082908
0.074932
0.091045
0.077232
0.091863
0.105013
0.073789
0.099196
0.076441
0.074421
0.090187
0.100467
0.103486
0.080763
0.090017
0.078695
0.086688
0.086766
0.081024
0.091794
0.082788
0.074641
0.082384
0.080181
0.082473
0.077078
0.075447
0.076642
0.081268
0.078449
0.079257
0.070391
0.082185
0.075416
0.079943
0.077359
0.087830
0.080459
0.080861
0.082029
0.075092
0.089240
0.080992
0.096943
0.070164
0.076541
0.086869
0.081862
0.077965
0.080895
0.105043
0.080964
0.074319
0.075505
0.080867
0.088514
0.081600
0.079535
0.074013
0.069637
0.074989
0.075233
0.079245
0.081846
0.082547
0.072927
0.081869
0.087134
0.073545
0.073540
0.087960
0.084113
0.083218
0.072930
0.082660
0.083538
0.088283
0.081790
0.088695
0.084886
0.091251
0.085809
0.095106
0.073283
0.076352
0.087749
0.085800
0.089929
0.084570
0.075397
0.078244
0.074445
0.090257
0.079874
0.073495
0.069592
0.087036
0.083274
0.086461
0.090301
0.076338
0.076119
0.087730
0.085351
0.094061
0.088619
0.072703
0.082253
0.081535
0.078908
0.086472
0.077283
0.069355
0.075549
0.082303
0.082190
0.069680
0.075328
0.074331
0.071269
0.080645
0.076731
0.080659
0.085975
0.085423
0.084275
0.077022
0.077119
0.090646
0.081372
0.080828
0.100200
0.076448
0.113228
0.082267
0.074846
0.090046
0.095582
0.074492
0.084325
0.088809
0.084302
0.085203
0.086555
0.082071
0.092449
0.089937
0.075187
0.078342
0.085086
0.090553
0.082286
0.081634
0.084793
0.075167
0.076075
0.077856
0.078591
0.096518
0.090666
0.073123
0.120005
0.071163
0.080040
0.076132
0.089437
0.080995
0.080578
0.092499
0.081354
0.072442
0.086207
0.077087
0.082462
0.084432
0.075676
0.078804
0.079967
0.077478
0.081503
0.078868
0.078877
0.073881
0.084695
0.083358
0.084141
0.084565
0.092018
0.087018
0.079715
0.071820
0.080481
0.098732
0.079962
0.084257
0.074207
0.081583
0.076942
0.078198
0.085879
0.074948
0.082627
0.082122
0.070785
0.077785
0.065905
0.083430
0.077349
0.076688
0.079172
0.075440
0.088678
0.072926
0.073220
0.088495
0.090572
0.089256
0.079207
0.080183
0.072464
0.086798
0.070664
0.080766
0.081352
0.087205
0.076955
0.082457
0.084149
0.082277
0.083046
0.082721
0.077392
0.071220
0.087600
0.108045
0.067874
0.068105
0.082906
0.070207
0.078957
0.096978
0.080284
0.087846
0.092515
0.073400
0.069980
0.083649
0.074237
0.082115
0.075212
0.084875
0.091712
0.077183
0.095799
0.071783
0.088578
0.070129
0.080845
0.073386
0.079209
0.087689
0.087174
0.076952
0.072997
0.088489
0.082001
0.082476
0.079370
0.077278
0.082877
0.069351
0.088008
0.079374
0.075353
0.085139
0.089159
0.087586
0.088398
0.242271
0.078815
0.077550
0.080054
0.090412
0.080302
0.078336
0.078531
0.079604
0.080292
0.082211
0.079510
0.078632
0.087983
0.084837
0.070454
0.081605
0.072502
0.079143
0.085848
0.075917
0.086454
0.075668
0.082539
0.073710
0.079104
0.078674
0.102862
0.079894
0.073454
0.080274
0.069901
0.072781
0.089235
0.073769
0.085764
0.083335
0.084133
0.087351
0.088661
0.082090
0.090496
0.089932
0.075213
0.077352
0.089857
0.079034
0.090042
0.084373
0.086313
0.072826
0.089928
0.081038
0.098114
0.091392
0.074214
0.093343
0.079257
0.081101
0.084062
0.083588
0.078160
0.075020
0.086082
0.085869
0.084668
0.086339
0.074198
0.083241
0.076660
0.080649
0.075020
0.074329
0.081031
0.081131
0.084394
0.073335
0.081399
0.071067
0.088458
0.076559
0.080325
0.088253
0.073006
0.081295
0.078947
0.075433
0.075815
0.079353
0.077666
0.077719
0.080229
0.081686
0.083936
0.075432
0.904389
0.072251
0.069954
0.086769
0.080486
0.076144
0.080819
0.082407
0.079555
0.080293
0.079252
0.083263
0.080909
0.076740
0.079618
0.079794
0.075966
0.066097
0.071778
0.082343
0.088679
0.094894
0.069879
0.090601
0.090558
0.078958
0.067804
0.071627
0.082203
0.079407
0.069711
0.081300
0.081179
0.080301
0.094884
0.077334
0.087983
0.078160
0.078109
0.079246
0.077669
0.085280
0.078759
0.088822
0.080853
0.083600
0.075717
0.097858
0.083087
0.080492
0.082181
0.077772
0.069414
0.075467
0.080763
0.083092
0.079777
0.081165
0.070093
0.080838
0.079452
0.083160
0.081071
0.082468
0.091734
0.084866
0.094990
0.077269
0.095673
0.075582
0.074992
0.078404
0.083867
0.082297
0.085270
0.089001
0.076858
0.076133
0.090321
0.078067
0.090444
0.081988
0.080404
0.080445
0.085287
0.090799
0.084066
0.095114
0.098013
0.079178
0.084119
0.086416
0.074459
0.083423
0.073851
0.075085
0.075667
0.082884
0.096880
0.079156
0.078895
0.080214
0.073890
0.071854
0.081446
0.069449
0.079147
0.091064
0.079265
0.086271
0.082672
0.080711
0.081028
0.081975
0.090611
0.075191
0.077123
0.087958
0.080296
0.073183
0.081780
0.072586
0.073811
0.076433
0.071421
0.080351
0.075622
0.089308
0.077788
0.080545
0.067269
0.085518
0.077045
0.100965
0.083425
0.077260
0.081141
0.080478
0.076573
0.072418
0.079494
0.074995
0.082253
0.075211
0.080994
0.085129
0.071413
0.079917
0.083421
0.088716
0.079110
0.080959
0.090019
0.093190
0.073706
0.068690
0.072094
0.082538
0.075549
0.080509
0.080199
0.076991
0.074552
0.088479
0.087299
0.075724
0.090272
0.079857
0.070385
0.092142
0.138684
0.085043
0.088960
0.087045
0.081367
0.081577
0.087394
0.079964
0.083466
0.080013
0.087604
0.084020
0.084123
0.079055
0.076597
0.069947
0.080152
0.073432
0.079236
0.078752
0.082804
0.081413
0.088803
0.089148
0.092415
0.075959
0.080745
0.083529
0.079766
0.080404
0.080518
0.081145
0.081861
0.082409
0.078998
0.072646
0.088125
0.083469
0.091881
0.090180
0.079801
0.077502
0.075699
0.088721
0.077789
0.088455
0.081720
0.074951
0.075151
0.085099
0.080500
0.081183
0.077394
0.083670
0.076692
0.077372
0.075769
0.095026
0.086519
0.079359
0.082448
0.089537
0.075667
0.110953
0.090555
0.085794
0.076721
0.081070
0.070873
0.071916
0.075695
0.079185
0.073198
0.084286
0.077015
0.077040
0.083386
0.081625
0.092510
0.081426
0.086674
0.087934
0.078644
0.078482
0.076049
0.077004
0.081365
0.082643
0.085211
0.077903
0.082640
0.095316
0.091503
0.094031
0.082685
0.097927
0.075705
0.071792
0.086346
0.080266
0.074351
0.080298
0.078312
0.083207
0.080757
0.074941
0.076175
0.065880
0.076304
0.075588
0.089671
0.082205
0.067539
0.083925
0.073281
0.077762
0.075342
0.076379
0.082457
0.080161
0.080545
0.100105
0.081378
0.073886
0.088582
0.080599
0.075016
0.094308
0.098132
0.080896
0.084654
0.084736
0.081981
0.079486
0.084478
0.073583
0.073592
0.083279
0.085601
0.082013
0.091642
0.076039
0.094171
0.077568
0.080594
0.099232
0.094839
0.096055
0.079479
0.080404
0.080417
0.081017
0.084997
0.067577
0.077768
0.109031
0.106634
0.078862
0.074221
0.082787
0.090207
0.085579
0.089070
0.089529
0.069787
0.081281
0.079947
0.080614
0.075037
0.083448
0.076012
0.075202
0.082804
0.075939
0.093667
0.082948
0.079096
0.074583
0.091623
0.090415
0.078204
0.073077
0.084395
0.087664
0.081798
0.087240
0.076765
0.071190
0.093163
0.073372
0.068611
0.080583
0.082871
0.081169
0.082641
0.075327
0.073361
0.076593
0.090926
0.067722
0.089327
0.078748
0.081606
0.096573
0.083645
0.081661
0.089047
0.093832
0.079165
0.093076
0.082485
0.079710
0.078791
0.082888
0.078471
0.083651
0.079486
0.103494
0.088943
0.080354
0.074041
0.083608
0.079944
0.082293
0.085268
0.098223
0.075009
0.081845
0.078998
0.092519
0.079323
0.086402
0.078531
0.086494
0.074187
0.085243
0.082255
0.081646
0.070493
0.085539
0.088197
0.085036
0.082798
0.086212
0.088013
0.088365
0.084007
0.079177
0.083012
0.080153
0.088820
0.082276
0.076552
0.079662
0.081462
0.074766
0.081816
0.081198
0.081132
0.087913
0.072798
0.077863
0.083821
0.078684
0.087987
0.082007
0.082569
0.080131
0.086054
0.080531
0.081226
0.082456
0.078014
0.083273
0.074425
0.075620
0.076027
0.075976
0.090663
0.091516
0.073824
0.078694
0.099532
0.086018
0.082720
0.079791
0.090610
0.083866
0.072385
0.079982
0.088937
0.080580
0.075131
0.069904
0.077503
0.084238
0.083227
0.073047
0.072480
0.074336
0.080819
0.078748
0.081756
0.081818
0.082604
0.074839
0.082321
0.083692
0.075405
0.085866
0.073672
0.082424
0.075663
0.081428
0.080419
0.076912
0.090234
0.086906
0.075959
0.086662
0.084041
0.088307
0.080812
0.080782
0.082504
0.070816
0.077689
0.086869
0.103342
0.077834
0.074654
0.070037
0.075553
0.083709
0.083061
0.083445
0.068473
0.170109
0.077679
0.086111
0.079946
0.087279
0.083697
0.078249
0.076998
0.076597
0.075626
0.079151
0.077231
0.078645
0.090345
0.082684
0.071717
0.074225
0.083212
0.080862
0.080881
0.074314
0.087253
0.082647
0.083781
0.077578
0.083290
0.086529
0.070726
0.081092
0.094843
0.075593
0.073491
0.082945
0.082232
0.076394
0.084074
0.071049
0.076602
0.071847
0.082062
0.075719
0.086328
0.075177
0.098928
0.072810
0.074409
0.078040
0.074653
0.106493
0.077739
0.080615
0.082201
0.077554
0.080304
0.088424
0.075515
0.079046
0.069716
0.074051
0.073293
0.091383
0.074939
0.073221
0.069657
0.079151
0.076544
0.080110
0.078649
0.076174
0.075186
0.085818
0.098222
0.067261
0.076102
0.089367
0.076543
0.083180
0.081521
0.067198
0.085216
0.083024
0.066143
0.085187
0.080044
0.077048
0.079703
0.083468
0.074805
0.091532
0.076959
0.081978
0.083103
0.078301
0.076988
0.118253
0.081713
0.074850
0.075227
0.076947
0.080774
0.092830
0.085916
0.066280
0.079647
0.080159
0.077903
0.078093
0.088650
0.086131
0.074955
0.090829
0.077413
0.075037
0.091246
0.091522
0.075499
0.081934
0.079739
0.077276
0.084352
0.079007
0.074548
0.075001
0.084832
0.094668
0.087677
0.084191
0.087320
0.077846
0.092733
0.087673
0.085073
0.090737
0.077112
0.081056
0.079553
0.077484
0.084254
0.070882
0.083045
0.090077
0.088367
0.095720
0.090767
0.080266
0.073197
0.082053
0.092311
0.098138
0.088244
0.084011
0.080517
0.079835
0.082070
0.091481
0.087114
0.080605
0.071812
0.079735
0.074708
0.070161
0.085212
0.074755
0.083237
0.088992
0.084710
0.079790
0.073055
0.073342
0.094047
0.078832
0.095677
0.074893
0.083823
0.088156
0.083238
0.076554
0.073930
0.079323
0.087743
0.071971
0.078257
0.090080
0.083986
0.086509
0.088119
0.078676
0.223355
0.082450
0.072832
0.079938
0.100043
0.068833
0.082589
0.094534
0.083201
0.068700
0.068991
0.094718
0.075769
0.085524
0.078650
0.076430
0.076533
0.092882
0.075158
0.087313
0.075130
0.070613
0.081087
0.077043
0.171139
0.082458
0.081533
0.097946
0.085865
0.089162
0.076228
0.084645
0.079221
0.082138
0.075564
0.085347
0.077711
0.075535
0.079393
0.071611
0.077789
0.081564
0.097350
0.087766
0.076358
0.077197
0.074953
0.080419
0.080206
0.080036
0.078756
0.086454
0.074399
0.083921
0.070534
0.077584
0.076793
0.079585
0.074769
0.075852
0.083575
0.084128
0.076939
0.085898
0.088794
0.075336
0.085694
0.070005
0.085827
0.069581
0.072210
0.070688
0.079031
0.084694
0.075760
0.076045
0.079818
0.084755
0.085009
0.082148
0.090278
0.080181
0.091488
0.083524
0.071605
0.081073
0.075051
0.075966
0.074308
0.074534
0.096304
0.069968
0.085957
0.087633
0.077522
0.083007
0.079528
0.091100
0.080776
0.082961
0.074939
0.079098
0.078398
0.082374
0.074364
0.071543
0.079328
0.069012
0.083589
0.075887
0.066967
0.075215
0.081938
0.090560
0.082346
0.090438
0.079578
0.097416
0.076649
0.080461
0.074050
0.076593
0.074097
0.090990
0.087376
0.077767
0.080271
0.090607
0.083951
0.069865
0.087815
0.074622
0.095236
0.083082
0.111821
0.105623
0.089127
0.076930
0.083498
0.090486
0.075008
0.076329
0.068165
0.103264
0.072192
0.071184
0.074464
0.080589
0.074906
0.087794
0.131286
0.081454
0.080704
0.079327
0.093971
0.077511
0.084266
0.090694
0.082373
0.079138
0.083420
0.084236
0.082270
0.080144
0.078972
0.080521
0.075457
0.076744
0.084169
0.088151
0.084728
0.078675
0.082586
0.078112
0.081530
0.072277
0.079660
0.081955
0.080419
0.067307
0.079483
0.085667
0.107959
0.077170
0.084989
0.081768
0.080513
0.088952
0.080314
0.092305
0.081851
0.086772
0.088649
0.086752
0.083395
0.086614
0.079595
0.086727
0.081089
0.075447
0.096888
0.084036
0.087782
0.087022
0.088451
0.078738
0.072388
0.081289
0.076210
0.092714
0.090628
0.081144
0.075296
0.078091
0.086737
0.089065
0.069558
0.090900
0.093350
0.078667
0.083864
0.077969
0.079852
0.080695
0.095130
0.069440
0.078729
0.092668
0.084588
0.080065
0.074575
0.075343
0.079659
0.080537
0.094128
0.092764
0.079183
0.090193
0.082282
0.095271
0.081428
0.077139
0.083497
0.093487
0.089589
0.075017
0.076333
0.081225
0.087421
0.076132
0.086774
0.087762
0.084895
0.080229
0.078887
0.087020
0.081534
0.079751
0.089107
0.075175
0.079754
0.081923
0.083868
0.077314
0.074633
0.077134
0.078237
0.085680
0.079382
0.079923
0.084867
0.074572
0.082912
0.064854
0.080283
0.078232
0.077762
0.083732
0.082256
0.074399
0.075570
0.076714
0.087074
0.080457
0.075330
0.089378
0.085455
0.085989
0.088960
0.077896
0.081736
0.076243
0.082051
0.076450
0.077512
0.077880
0.082236
0.088628
0.081301
0.089549
0.082310
0.086006
0.083128
0.083057
0.069741
0.086571
0.068248
0.083012
0.073257
0.085938
0.077659
0.075085
0.073408
0.068466
0.073965
0.081002
0.088579
0.082138
0.075921
0.085676
0.084847
0.081770
0.089967
0.088905
0.081073
0.074066
0.099128
0.079720
0.067598
0.084579
0.084554
0.081821
0.090046
0.090324
0.082600
0.077519
0.081724
0.078263
0.076342
0.087300
0.091659
0.077821
0.096217
0.081220
0.074239
0.072149
0.074377
0.080945
0.071257
0.079827
0.080377
0.088206
0.080297
0.087578
0.076115
0.086472
0.087763
0.088418
0.072186
0.085459
0.076702
0.075503
0.075532
0.077519
0.083719
0.093802
0.067759
0.099481
0.086567
0.082368
0.077647
0.079064
0.076178
0.085636
0.078554
0.085712
0.088137
0.095468
0.072765
0.078458
0.088961
0.093309
0.073912
0.068422
0.096267
0.087123
0.085897
0.077327
0.067782
0.082520
0.084224
0.085387
0.083485
0.087459
0.088884
0.098110
0.081671
0.092993
0.091375
0.085334
0.081553
0.078331
0.088641
0.080496
0.091867
0.080564
0.093027
0.083416
0.080439
0.076668
0.090883
0.077659
0.097870
0.081339
0.103292
0.101042
0.070014
0.086567
0.071672
0.078955
0.087977
0.087013
0.076047
0.083635
0.083733
0.076655
0.090918
0.073970
0.080435
0.097512
0.073304
0.069700
0.080223
0.100337
0.072653
0.085184
0.070197
0.074870
0.075761
0.085749
0.082406
0.072886
0.084537
0.082984
0.081389
0.094462
0.090645
0.085982
0.087982
0.068864
0.091978
0.087443
0.076024
0.082992
0.075758
0.074144
0.089413
0.097590
0.084029
0.082102
0.078735
0.079534
0.076772
0.077523
0.080465
0.070408
0.069511
0.073500
0.072873
0.081123
0.077393
0.096606
0.076626
0.086943
0.077408
0.087622
0.092016
0.079479
0.083949
0.089446
0.088912
0.099498
0.089221
0.078745
0.078029
0.089913
0.085068
0.098484
0.081145
0.084210
0.085563
0.086922
0.080387
0.069305
0.085182
0.093072
0.073367
0.071681
0.089966
0.073091
0.081854
0.090422
0.078396
0.080546
0.094740
0.082321
0.080419
0.086296
0.089319
0.088520
0.080009
0.089402
0.073568
0.080165
0.095567
0.077905
0.076006
0.082567
0.079279
0.078905
0.082457
0.078668
0.079232
0.072005
0.080451
0.079888
0.083634
0.081519
0.079112
0.097165
0.067424
0.072982
0.098408
0.074675
0.081446
0.080800
0.081571
0.079202
0.076160
0.089444
0.093254
0.085802
0.081226
0.086616
0.083461
0.074459
0.076802
0.083133
0.088321
0.096709
0.081931
0.079055
0.087468
0.088521
0.096280
0.083188
0.082050
0.089040
0.107488
0.087601
0.091041
0.084271
0.088836
0.071465
0.097032
0.072882
0.087324
0.088129
0.072607
0.084400
0.074559
0.070183
0.080782
0.077984
0.070838
0.077197
0.079053
0.080037
0.074880
0.078170
0.079017
0.068271
0.079297
0.096311
0.072487
0.087350
0.076874
0.081234
0.081372
0.073306
0.095415
0.094504
0.084847
0.081004
0.086524
0.073784
0.074834
0.076418
0.080693
0.093515
0.090094
0.083783
0.088286
0.082349
0.082755
0.085877
0.088880
0.077084
0.079100
0.071367
0.075512
0.073685
0.091826
0.082613
0.075952
0.076621
0.077425
0.081350
0.074361
0.076647
0.088421
0.079791
0.067439
0.084663
0.084176
0.073199
0.089014
0.071817
0.088327
0.092370
0.071298
0.082878
0.078065
0.095443
0.084106
0.076269
0.075156
0.091177
0.079139
0.094704
0.098933
0.084385
0.074884
0.086161
0.077396
0.087201
0.072175
0.090607
0.087802
0.092823
0.080512
0.069480
0.081830
0.085417
0.087352
0.084725
0.075107
0.093010
0.091375
0.080200
0.083682
0.090563
0.076287
0.082267
0.078462
0.085373
0.085755
0.089539
0.087273
0.073677
0.075356
0.085098
0.079116
0.075541
0.080119
0.079376
0.069201
0.078489
0.081129
0.076236
0.089916
0.080582
0.074096
0.075879
0.082534
0.100228
0.072683
0.081698
0.078775
0.086204
0.077113
0.080287
0.087194
0.079403
0.073444
0.077714
0.074643
0.075535
0.098152
0.081326
0.078525
0.095770
0.079743
0.081661
0.078298
0.080488
0.068451
0.081931
0.086752
0.081254
0.081135
0.083358
0.088428
0.083551
0.077563
0.076263
0.088307
0.070538
0.068776
0.080300
0.088701
0.080402
0.079722
0.080212
0.067938
0.097995
0.073571
0.076049
0.088433
0.075326
0.074152
0.076309
0.079811
0.078683
0.075101
0.074368
0.081400
0.076885
0.079112
0.077667
0.077158
0.079731
0.078904
0.075484
0.093578
0.085062
0.074228
0.082837
0.088486
0.083556
0.078670
0.074370
0.083386
0.073710
0.085474
0.087469
0.081843
0.075808
0.068263
0.077160
0.082358
0.074436
0.069607
0.082378
0.082310
0.084725
0.076794
0.079853
0.086740
0.082597
0.079299
0.090691
0.083133
0.084457
0.069505
0.085492
0.076328
0.087697
0.080016
0.094834
0.092725
0.081472
0.074951
0.102202
0.076756
0.092284
0.080717
0.084692
0.068138
0.081549
0.074035
0.077046
0.084742
0.089336
0.076273
0.078503
0.079136
0.109752
0.085804
0.078465
0.086270
0.093831
0.074115
0.080752
0.069072
0.075838
0.082553
0.077120
0.081044
0.079469
0.075836
0.081937
0.074497
0.081775
0.081058
0.081006
0.087885
0.079477
0.079383
0.073131
0.071288
0.069334
0.084818
0.089221
0.081519
0.081326
0.074657
0.079289
0.081157
0.077793
0.077675
0.090947
0.068359
0.074832
0.076051
0.084022
0.085949
0.082403
0.083981
0.086489
0.094465
0.075105
0.083617
0.081104
0.075565
0.096315
0.086607
0.088317
0.069543
0.074048
0.074940
0.077300
0.082728
0.079033
0.077686
0.079388
0.076885
0.081626
0.072224
0.075632
0.081441
0.102997
0.069617
0.081914
0.074576
0.082345
0.079149
0.078091
0.081541
0.075246
0.084815
0.078218
0.082484
0.075843
0.082647
0.080565
0.076988
0.078413
0.079781
0.124715
0.082089
0.083527
0.077836
0.083980
0.091276
0.078080
0.082376
0.071313
0.080089
0.078526
0.067204
0.073232
0.076543
0.071373
0.088267
0.074774
0.082526
0.089833
0.085961
0.079016
0.072644
0.076579
0.087389
0.088800
0.088725
0.082300
0.087784
0.091967
0.089266
0.081257
0.101741
0.080641
0.078843
0.083576
0.073160
0.077568
0.073238
0.083511
0.075932
0.081478
0.081599
0.080708
0.076581
0.081707
0.087060
0.071267
0.088368
0.081986
0.082424
0.074940
0.078915
0.082155
0.076514
0.076287
0.087728
0.085596
0.085913
0.081286
0.087710
0.083273
0.076178
0.075031
0.080227
0.079764
0.075577
0.079611
0.073266
0.074017
0.074992
0.081425
0.082162
0.074042
0.068778
0.070057
0.076125
0.083173
0.090464
0.078270
0.075094
0.075024
0.077675
0.100325
0.070173
0.076329
0.085041
0.077812
0.083521
0.078894
0.080161
0.085001
0.075281
0.082196
0.083316
0.075829
0.080704
0.081687
0.082474
0.095846
0.076086
0.071458
0.085264
0.089536
0.075547
0.093382
0.079892
0.084822
0.084247
0.080038
0.077532
0.073678
0.079320
0.072999
0.075406
0.083377
0.072873
0.079236
0.080179
0.075008
0.079415
0.066225
0.071628
0.081589
0.079524
0.070680
0.076352
0.077717
0.075465
0.087651
0.078738
0.089567
0.087268
0.080958
0.092260
0.082281
0.070847
0.088551
0.080432
0.083207
0.078874
0.079504
0.073436
0.083579
0.066646
0.074737
0.088814
0.083354
0.084707
0.080532
0.083276
0.081476
0.073781
0.084375
0.091449
0.081634
0.079186
0.075060
0.077808
0.076357
0.075951
0.069440
0.102263
0.073700
0.078211
0.079631
0.086315
0.087375
0.079305
0.075374
0.080574
0.083537
0.068944
0.089346
0.083981
0.084423
0.080782
0.074345
0.078252
0.088711
0.077214
0.082040
0.080302
0.081616
0.076274
0.092124
0.086739
0.084989
0.079948
0.077112
0.072110
0.078486
0.084466
0.080680
0.079807
0.078382
0.086624
0.074506
0.085867
0.075867
0.083499
0.083793
0.079666
0.082005
0.089481
0.068315
0.084879
0.079292
0.075184
0.082914
0.082194
0.084299
0.080927
0.085795
0.081376
0.081306
0.070405
0.080504
0.081065
0.080863
0.088950
0.086927
0.069514
0.075154
0.074002
0.072749
0.078573
0.080727
0.080037
0.083086
0.080211
0.080860
0.077213
0.090656
0.071055
0.077407
0.073537
0.094600
0.083643
0.080756
0.073676
0.096322
0.087121
0.079731
0.079493
0.082394
0.085582
0.078840
0.098531
0.079535
0.073315
0.069888
0.072934
0.081122
0.082808
0.086590
0.080378
0.079366
0.076172
0.083616
0.086838
0.083255
0.085783
0.079672
0.076424
0.071475
0.089949
0.088845
0.084938
0.082033
0.077411
0.070705
0.073093
0.090341
0.079512
0.075850
0.087146
0.071475
0.082475
0.081128
0.080766
0.078947
0.079148
0.080590
0.078648
0.078663
0.091993
0.070600
0.068727
0.080022
0.086133
0.070793
0.079398
0.068179
0.069360
0.082956
0.073483
0.095629
0.081177
0.074427
0.075771
0.073436
0.083121
0.095169
0.087036
0.086496
0.080175
0.079999
0.084825
0.095545
0.081695
0.078819
0.078752
0.085695
0.077822
0.068012
0.081196
0.074466
0.071840
0.077670
0.072600
0.073568
0.081885
0.083077
0.091267
0.082814
0.082197
0.081771
0.078783
0.079108
0.076432
0.082556
0.082133
0.082822
0.076785
0.073265
0.078612
0.084103
0.080851
0.080850
0.085154
0.098183
0.090939
0.096949
0.098759
0.086676
0.075244
0.095668
0.087704
0.071397
0.085614
0.081622
0.076856
0.086085
0.076062
0.080839
0.087536
0.074937
0.081097
0.079591
0.076145
0.074145
0.082158
0.080444
0.097998
0.068326
0.079739
0.069513
0.091232
0.082756
0.081399
0.087295
0.113894
0.078340
0.080815
0.071566
0.081789
0.091440
0.074801
0.074711
0.080712
0.075266
0.080276
0.074386
0.072290
0.073504
0.075630
0.073831
0.078878
0.069019
0.079981
0.079351
0.094579
0.087616
0.071240
0.084797
0.076580
0.073774
0.076230
0.072403
0.076354
0.072716
0.082223
0.076180
0.083801
0.071025
0.080299
0.100986
0.078681
0.092281
0.079897
0.078996
0.075960
0.076185
0.081816
0.081060
0.081744
0.078010
0.075348
0.081149
0.082735
0.092080
0.082597
0.085159
0.092786
0.087311
0.073991
0.086408
0.081299
0.074093
0.074191
0.074344
0.080810
0.108941
0.073685
0.082745
0.084221
0.080600
0.081656
0.151623
0.092344
0.081164
0.087290
0.079538
0.082155
0.076414
0.079233
0.081834
0.073066
0.069381
0.086705
0.075589
0.077103
0.077268
0.086473
0.076082
0.084312
0.083315
0.086350
0.075453
0.082017
0.081786
0.082091
0.085995
0.074582
0.081825
0.088197
0.083970
0.078572
0.069023
0.083935
0.106277
0.077257
0.079224
0.082425
0.077041
0.069425
0.098348
0.089603
0.084665
0.079913
0.086051
0.084233
0.090511
0.096454
0.091439
0.080922
0.083832
0.089022
0.070203
0.081204
0.086344
0.087027
0.066091
0.075556
0.076503
0.083309
0.074634
0.074961
0.077781
