0.041121
0.028552
0.222840
0.020592
0.086651
0.038564
0.043067
0.024265
0.159217
0.020827
0.077321
0.017851
0.026288
0.042779
0.078704
0.010664
0.038268
0.003985
0.002012
0.028703
0.044215
0.046875
0.025518
0.007282
0.003601
0.021994
0.000930
0.020649
0.012304
0.078324
0.025054
0.425056
0.016064
0.031126
0.055392
0.020319
0.036648
0.023126
0.022083
0.015054
0.036039
0.017889
0.009462
0.030775
0.000224
0.026006
0.024742
0.000901
0.010146
0.150131
0.049122
0.023781
0.021840
0.035785
0.020860
0.161326
0.020143
0.043726
0.003165
0.073968
0.036163
0.007293
0.026467
0.002472
0.039907
0.007553
0.000899
0.017994
0.000831
0.031544
0.007795
0.018419
0.078354
0.011539
0.048268
0.034262
0.019435
0.016622
0.025058
0.000216
0.041994
0.012586
0.064163
0.021058
0.009164
0.029574
0.000538
0.040914
0.006261
0.009246
0.022034
0.024465
0.024063
0.019074
0.014013
0.017934
0.045700
0.000230
0.022860
0.008784
0.007478
0.944176
0.028667
0.016722
0.053471
0.010711
0.000814
0.021748
0.023938
0.017106
0.021044
0.112571
0.007405
0.034968
0.013938
0.020749
0.010544
0.014392
0.000222
0.016194
0.008770
0.017418
0.020394
0.024150
0.013457
0.010350
0.003790
0.020279
0.017805
0.203054
0.036370
0.113778
0.015812
0.034550
0.003024
0.021462
0.000214
0.030477
0.200729
0.025135
0.014118
0.037603
0.009513
0.017112
0.022822
0.005873
0.014243
0.001023
0.002728
0.012011
0.000217
0.014181
0.000212
0.041306
0.006115
0.026833
0.004850
0.021247
0.004822
0.010557
0.035087
0.124983
0.305428
0.015497
0.003733
0.007199
0.001851
0.014891
0.013811
0.021897
0.000827
0.010673
0.000517
0.018914
0.011402
0.010501
0.026209
0.000215
0.022811
0.016999
0.012771
0.029900
0.001313
0.007092
0.000212
0.041144
0.006907
0.000732
0.029997
0.028248
0.018271
0.069204
0.000634
0.000738
0.000614
0.000494
0.012147
0.019831
0.000216
0.024555
0.028692
0.009954
0.005335
0.000214
0.046695
0.007867
0.004089
0.021087
0.016626
0.019690
0.001129
0.000215
0.004057
0.029321
0.000219
0.022593
0.008036
0.005236
0.009823
0.039509
0.020804
0.029441
0.027224
0.021973
0.020280
0.000202
0.000212
0.000208
0.000226
0.000226
0.000211
0.000207
0.000210
0.000206
0.000217
0.000204
0.000211
0.000207
0.000215
0.000208
0.000217
0.000209
0.000210
0.000208
0.000206
0.000207
0.000209
0.000211
0.000209
0.000222
0.000208
0.000206
0.000208
0.000205
0.000240
0.000205
0.000204
0.000225
0.000214
0.000202
0.000218
0.000202
0.000204
0.000208
0.000209
0.000209
0.000210
0.000207
0.000207
0.000223
0.000205
0.000205
0.000214
0.000214
0.002214
0.000232
0.000206
0.000201
0.000204
0.000237
0.000206
0.000205
0.000207
0.000209
0.000207
0.000218
0.000211
0.000215
0.000206
0.000215
0.000209
0.000207
0.000246
0.000218
0.000208
0.000207
0.000228
0.000210
0.000207
0.000206
0.000210
0.000206
0.000210
0.000202
0.000207
0.000206
0.000215
0.000223
0.000208
0.000207
0.000207
0.000212
0.000207
0.000207
0.000207
0.000205
0.000206
0.000213
0.000219
0.000209
0.000208
0.000269
0.000226
0.000239
0.000200
0.000207
0.000210
0.000205
0.000208
0.000206
0.000210
0.000239
0.000207
0.000208
0.000234
0.000218
0.000207
0.000207
0.000210
0.000206
0.000220
0.000212
0.000207
0.000206
0.000208
0.000386
0.000207
0.000219
0.000208
0.000209
0.000208
0.000211
0.000206
0.000213
0.000211
0.000207
0.000214
0.000218
0.000205
0.000207
0.000218
0.000228
0.000220
0.000205
0.000206
0.000198
0.000237
0.000920
0.000243
0.000207
0.000209
0.000208
0.000222
0.000251
0.000211
0.000206
0.000214
0.000217
0.000206
0.000203
0.000214
0.000207
0.000204
0.000204
0.000222
0.000261
0.000217
0.000206
0.000216
0.000221
0.000223
0.000203
0.000204
0.000207
0.000208
0.000205
0.000207
0.000216
0.000223
0.000206
0.000210
0.000200
0.000204
0.000206
0.000206
0.000218
0.000217
0.000205
0.000223
0.000218
0.000216
0.000217
0.000219
0.000210
0.000241
0.000217
0.000207
0.000219
0.000207
0.000211
0.000206
0.000206
0.000209
0.000226
0.000205
0.000204
0.000220
0.000240
0.000210
0.000205
0.000207
0.000201
0.000210
0.000220
0.000289
0.000208
0.000227
0.000207
0.000208
0.000208
0.000207
0.000207
0.000208
0.000208
0.000202
0.000205
0.000208
0.000206
0.000206
0.000211
0.000203
0.000206
0.000206
0.000206
0.000224
0.000197
0.000207
0.000206
0.000343
0.000203
0.000258
0.000255
0.000208
0.000214
0.000207
0.000204
0.000211
0.000204
0.000209
0.000201
0.000209
0.000206
0.000203
0.000204
0.000227
0.000207
0.000214
0.000210
0.000206
0.000222
0.000208
0.000200
0.000207
0.000206
0.002973
0.000207
0.000230
0.000208
0.000207
0.000206
0.000206
0.000220
0.000217
0.000213
0.000202
0.000208
0.000204
0.000209
0.000206
0.000208
0.000238
0.000203
0.000224
0.000206
0.000210
0.000205
0.000206
0.000228
0.000240
0.000206
0.000204
0.000206
0.000209
0.000205
0.000204
0.000206
0.000210
0.000220
0.000208
0.000203
0.000211
0.000207
0.000206
0.000207
0.000206
0.000217
0.000221
0.000194
0.000207
0.000207
0.000207
0.000211
0.000198
0.000205
0.000207
0.000205
0.000330
0.000232
0.000221
0.000211
0.000198
0.000227
0.000206
0.000228
0.000224
0.000206
0.000202
0.000217
0.000217
0.000207
0.000207
0.000209
0.000223
0.000260
0.000234
0.000200
0.000208
0.000208
0.000206
0.000218
0.000208
0.000209
0.000209
0.000215
0.000209
0.000204
0.000204
0.000210
0.000211
0.000217
0.000211
0.000237
0.000210
0.000204
0.000205
0.000208
0.000204
0.000206
0.000221
0.000223
0.000219
0.000215
0.000204
0.000205
0.000212
0.000215
0.000208
0.000217
0.000231
0.000206
0.000204
0.000209
0.000211
0.000205
0.000217
0.000205
0.000219
0.000208
0.000206
0.000207
0.000260
0.000227
0.000208
0.000202
0.000205
0.000204
0.000238
0.000211
0.000204
0.000213
0.000204
0.000209
0.000264
0.000203
0.000210
0.000204
0.000232
0.000207
0.000206
0.000207
0.000204
0.000202
0.000211
0.000207
0.000209
0.000236
0.000208
0.000202
0.000209
0.000205
0.000210
0.000221
0.000202
0.000230
0.000204
0.000225
0.000209
0.000238
0.000205
0.000221
0.000202
0.000207
0.000209
0.000203
0.000225
0.000221
0.000274
0.000237
0.000210
0.000205
0.000208
0.000217
0.000206
0.000206
0.000203
0.000215
0.000215
0.000205
0.000221
0.000202
0.000206
0.000265
0.000217
0.000201
0.000231
0.000206
0.000224
0.000223
0.000209
0.000206
0.000215
0.000206
0.000206
0.000213
0.000208
0.000205
0.000208
0.000205
0.000216
0.000207
0.000207
0.000209
0.000209
0.000211
0.000207
0.000206
0.000204
0.000215
0.000207
0.000223
0.000207
0.000205
0.000226
0.000284
0.000232
0.000226
0.000209
0.000220
0.000217
0.000203
0.000206
0.000206
0.000269
0.000205
0.000206
0.000205
0.000206
0.000208
0.000227
0.000214
0.000221
0.000206
0.000204
0.000213
0.000216
0.000220
0.000264
0.000210
0.000212
0.000205
0.000207
0.000210
0.000209
0.000206
0.000206
0.000236
0.000216
0.000216
0.000206
0.000210
0.000208
0.000211
0.000205
0.000205
0.000239
0.000203
0.000204
0.000207
0.000210
0.000206
0.000245
0.000213
0.000216
0.000204
0.000206
0.000202
0.000215
0.000214
0.000221
0.000209
0.000218
0.000202
0.000251
0.000204
0.000225
0.000205
0.000209
0.000208
0.000205
0.000223
0.000208
0.000208
0.000215
0.000207
0.000215
0.000206
0.000203
0.000207
0.000200
0.000218
0.000219
0.000206
0.000205
0.000207
0.000215
0.000214
0.000209
0.000221
0.000208
0.000206
0.000209
0.000208
0.000222
0.000235
0.000226
0.000205
0.000257
0.001514
0.000210
0.000212
0.000205
0.000222
0.000223
0.000206
0.000206
0.000230
0.000207
0.000209
0.000203
0.000206
0.000206
0.000203
0.000207
0.000210
0.000207
0.000210
0.000203
0.000223
0.000207
0.000226
0.000206
0.000216
0.000209
0.000207
0.000204
0.000210
0.000208
0.000205
0.000206
0.000209
0.000217
0.000279
0.000218
0.000221
0.000221
0.000211
0.000226
0.000210
0.000208
0.000207
0.000206
0.000203
0.000205
0.000235
0.000214
0.000216
0.000217
0.000202
0.000203
0.000206
0.000207
0.000215
0.000220
0.000207
0.000218
0.000202
0.000205
0.000209
0.000208
0.000213
0.000210
0.000221
0.000207
0.000216
0.000209
0.000207
0.000204
0.000209
0.000206
0.000216
0.000210
0.000208
0.000212
0.000269
0.000204
0.000222
0.000206
0.000210
0.000208
0.000209
0.000206
0.000206
0.000212
0.000203
0.000210
0.000202
0.000208
0.000226
0.000207
0.002191
0.000229
0.000206
0.003153
0.000217
0.000292
0.000271
0.000206
0.000216
0.000208
0.000208
0.000197
0.000224
0.000221
0.000213
0.000215
0.000219
0.000208
0.000201
0.000217
0.000221
0.000218
0.000204
0.000219
0.000206
0.000207
0.000220
0.000206
0.000205
0.000208
0.000206
0.000224
0.000202
0.000212
0.000212
0.000209
0.000213
0.000208
0.000206
0.000206
0.000206
0.000208
0.000207
0.000210
0.000205
0.000227
0.000217
0.002336
0.000204
0.000207
0.000251
0.000210
0.000209
0.000219
0.000208
0.000203
0.000202
0.000210
0.000218
0.000208
0.000208
0.000207
0.000200
0.000208
0.000208
0.000206
0.000201
0.000209
0.000208
0.000207
0.000220
0.000220
0.000216
0.000213
0.000213
0.000206
0.000263
0.000208
0.000207
0.000255
0.000235
0.000208
0.000214
0.000209
0.000203
0.000209
0.000204
0.000208
0.000265
0.000223
0.000219
0.000208
0.000207
0.000268
0.000237
0.000209
0.000213
0.000208
0.000208
0.000208
0.000216
0.000202
0.000216
0.000207
0.000204
0.000208
0.000204
0.000218
0.000208
0.000213
0.000213
0.000206
0.000217
0.000209
0.000222
0.000204
0.000211
0.000221
0.000208
0.000208
0.000209
0.000207
0.000207
0.000220
0.000211
0.000205
0.000217
0.000207
0.000219
0.000205
0.000209
0.000210
0.000206
0.000206
0.000226
0.000208
0.000276
0.000207
0.000220
0.000213
0.000234
0.000213
0.000206
0.000208
0.000206
0.000209
0.000216
0.000224
0.000206
0.000207
0.000215
0.000208
0.000219
0.000205
0.000201
0.000215
0.000216
0.000205
0.000204
0.000206
0.000205
0.000256
0.000232
0.000204
0.000207
0.000207
0.000218
0.000207
0.000207
0.000203
0.000204
0.000207
0.000220
0.000216
0.000203
0.000208
0.000206
0.000225
0.000217
0.000202
0.000219
0.000208
0.000217
0.000208
0.000208
0.000207
0.000255
0.000237
0.000203
0.000218
0.000221
0.000205
0.000207
0.000225
0.000208
0.000226
0.000205
0.000205
0.000202
0.000210
0.000211
0.000206
0.000215
0.000206
0.000205
0.000208
0.000208
0.000208
0.000207
0.000208
0.000207
0.000216
0.000205
0.000218
0.000216
0.000233
0.000212
0.000234
0.000204
0.000212
0.000215
0.000210
0.000206
0.000220
0.000200
0.000207
0.000202
0.000213
0.000205
0.000217
0.000210
0.000205
0.000206
0.002178
0.000236
0.000207
0.000209
0.000220
0.000207
0.000218
0.000207
0.000213
0.000218
0.000206
0.000215
0.000209
0.000205
0.000206
0.000208
0.000200
0.000200
0.000208
0.000219
0.000207
0.000195
0.000206
0.000222
0.000209
0.000219
0.000210
0.000222
0.000207
0.000202
0.000208
0.000213
0.000211
0.000203
0.000210
0.000207
0.000224
0.000217
0.000208
0.000208
0.000236
0.000215
0.000208
0.000202
0.000267
0.000220
0.000258
0.000231
0.000216
0.000204
0.000214
0.000204
0.000207
0.000219
0.000217
0.000216
0.000206
0.000206
0.000209
0.000207
0.000220
0.000217
0.000218
0.000280
0.000208
0.000208
0.000212
0.000255
0.000221
0.000208
0.000209
0.000219
0.000205
0.000242
0.000208
0.000205
0.000206
0.000208
0.000221
0.000202
0.000210
0.000206
0.000207
0.000221
0.000212
0.000211
0.000208
0.000204
0.000222
0.000216
0.000209
0.000205
0.000406
0.002435
0.000234
0.000207
0.000211
0.000214
0.000205
0.000213
0.000207
0.000217
0.000206
0.000205
0.000268
0.000209
0.000252
0.000207
0.000225
0.000206
0.000213
0.000309
0.000216
0.000206
0.000206
0.000202
0.000220
0.000220
0.000201
0.000220
0.000234
0.000206
0.000220
0.000220
0.000211
0.000219
0.000208
0.000197
0.000207
0.000209
0.000210
0.000243
0.000207
0.000206
0.000243
0.000205
0.000221
0.000222
0.000247
0.000276
0.002213
0.000218
0.000206
0.000212
0.000205
0.000201
0.000208
0.000208
0.000246
0.000205
0.000206
0.000204
0.000212
0.000209
0.000220
0.000221
0.000245
0.000202
0.000208
0.000212
0.000204
0.000212
0.000219
0.000215
0.000205
0.000218
0.000209
0.000213
0.000206
0.000427
0.000208
0.000220
0.000219
0.000208
0.000201
0.000206
0.000208
0.000206
0.000213
0.000216
0.000206
0.000207
0.000217
0.000208
0.000203
0.000219
0.000240
0.000843
0.000206
0.000204
0.000201
0.000204
0.000214
0.000205
0.000208
0.000215
0.000225
0.000205
0.000218
0.000204
0.000208
0.000210
0.000221
0.000218
0.000220
0.000205
0.000217
0.000206
0.000226
0.000203
0.000209
0.000207
0.000221
0.000222
0.000205
0.000220
0.000206
0.000220
0.000212
0.000207
0.000204
0.000210
0.000208
0.000205
0.000220
0.000221
0.000207
0.000207
0.000221
0.000203
0.000217
0.000223
0.000205
0.002129
0.000221
0.000208
0.000221
0.000214
0.000206
0.000207
0.000207
0.000204
0.000214
0.000203
0.000206
0.000207
0.000206
0.000218
0.000207
0.000228
0.000207
0.000224
0.000207
0.000205
0.000201
0.000203
0.000207
0.000203
0.000216
0.000205
0.000208
0.000201
0.000259
0.000206
0.000226
0.000218
0.000206
0.000219
0.000209
0.000210
0.000269
0.000207
0.000208
0.000219
0.000261
0.000206
0.000204
0.000208
0.000206
0.000270
0.000232
0.000205
0.000209
0.000247
0.000208
0.000208
0.000207
0.000206
0.000261
0.000210
0.000222
0.000207
0.000215
0.000221
0.000205
0.000207
0.000204
0.000208
0.000208
0.000216
0.000210
0.000207
0.000209
0.000201
0.000208
0.000206
0.000204
0.000207
0.000216
0.000206
0.000208
0.000206
0.000209
0.000217
0.000207
0.000210
0.000212
0.000205
0.000213
0.000210
0.000206
0.000206
0.000216
0.000208
0.000219
0.000206
0.001103
0.000217
0.000214
0.000209
0.000209
0.000217
0.000216
0.000214
0.000208
0.000215
0.000230
0.000228
0.000217
0.000204
0.000231
0.000202
0.000206
0.000205
0.000219
0.000214
0.000209
0.000237
0.000207
0.000210
0.000214
0.000275
0.000209
0.000210
0.000201
0.000199
0.000221
0.000208
0.000218
0.000207
0.000207
0.000204
0.000209
0.000201
0.000207
0.000205
0.000209
0.000213
0.000231
0.000211
0.000207
0.000208
0.002235
0.000232
0.000231
0.000206
0.000206
0.000228
0.000221
0.000204
0.000220
0.000203
0.000228
0.000208
0.000221
0.000216
0.000209
0.000211
0.000208
0.000204
0.000206
0.000203
0.000202
0.000204
0.000208
0.000203
0.000218
0.000205
0.000203
0.000467
0.000210
0.000207
0.000217
0.000206
0.000209
0.000207
0.000209
0.000212
0.000214
0.000208
0.000220
0.000209
0.000210
0.000217
0.000210
0.000206
0.000208
0.000226
0.000210
0.000236
0.000231
0.000209
0.000206
0.000213
0.000213
0.000206
0.000208
0.000207
0.000213
0.000211
0.000213
0.000209
0.000207
0.000208
0.000208
0.000220
0.000207
0.000207
0.000216
0.000226
0.000218
0.000208
0.000204
0.000220
0.000208
0.000207
0.000208
0.000204
0.000207
0.000304
0.000205
0.000228
0.000207
0.000206
0.000202
0.000209
0.000209
0.000206
0.000227
0.000210
0.000226
0.000205
0.000224
0.000205
0.000211
0.001643
0.001499
0.000217
0.000207
0.000207
0.000218
0.000207
0.000206
0.000205
0.000206
0.000226
0.000207
0.000202
0.000205
0.000209
0.000207
0.000204
0.000208
0.000207
0.000216
0.000220
0.000207
0.000207
0.000216
0.000209
0.000209
0.000231
0.000209
0.000218
0.000205
0.000207
0.000210
0.000216
0.000209
0.000232
0.000211
0.000202
0.000216
0.000210
0.000208
0.000221
0.000208
0.000205
0.000206
0.000210
0.000211
0.000227
0.000261
0.000240
0.000220
0.000217
0.000208
0.000209
0.000204
0.000210
0.000205
0.000205
0.000216
0.000215
0.000212
0.000211
0.000212
0.000248
0.000204
0.000216
0.000207
0.000206
0.000205
0.000223
0.000205
0.000205
0.000208
0.000232
0.000205
0.000220
0.000223
0.000223
0.000222
0.000235
0.000226
0.000200
0.000216
0.000208
0.000214
0.000206
0.000206
0.000221
0.000211
0.000218
0.000203
0.000206
0.000207
0.000204
0.001026
0.002096
0.000215
0.000204
0.000209
0.000203
0.000215
0.000206
0.000241
0.000205
0.000206
0.000205
0.000209
0.000200
0.000206
0.000209
0.000203
0.000204
0.000268
0.000208
0.000204
0.000222
0.000220
0.000206
0.000221
0.000199
0.000208
0.000205
0.000209
0.000207
0.000206
0.000205
0.000212
0.000203
0.000210
0.000289
0.000221
0.000225
0.000206
0.000201
0.000232
0.000241
0.000208
0.000231
0.000217
0.000205
0.000206
0.002551
0.000224
0.000204
0.000218
0.000223
0.000215
0.000210
0.000206
0.000205
0.000209
0.000206
0.000212
0.000229
0.000222
0.000208
0.000202
0.000205
0.000203
0.000208
0.000211
0.000205
0.000211
0.000208
0.000205
0.000207
0.000206
0.000208
0.000219
0.000206
0.000207
0.000208
0.000208
0.000208
0.000211
0.000208
0.000207
0.000200
0.000210
0.000216
0.000204
0.000214
0.000220
0.000205
0.000206
0.000204
0.000226
0.000206
0.000235
0.000210
0.000220
0.000253
0.000214
0.000220
0.000226
0.000214
0.000208
0.000405
0.000205
0.000207
0.000219
0.000203
0.000201
0.000206
0.000207
0.000202
0.000208
0.000206
0.000208
0.000207
0.000209
0.000231
0.000206
0.000206
0.000207
0.000206
0.000205
0.000206
0.000206
0.000218
0.000205
0.000200
0.000216
0.000204
0.000219
0.000204
0.000210
0.000201
0.000216
0.000209
0.000207
0.000216
0.000239
0.000206
0.000250
0.000217
0.000215
0.000199
0.000208
0.000206
0.000206
0.000205
0.000215
0.000291
0.000332
0.000202
0.000209
0.000205
0.000214
0.000250
0.000224
0.000203
0.000206
0.000204
0.000223
0.000199
0.000219
0.000220
0.000220
0.000225
0.000206
0.000209
0.000231
0.000215
0.000209
0.000208
0.000205
0.000207
0.000210
0.000219
0.000217
0.000225
0.000209
0.000203
0.000220
0.000204
0.000219
0.000219
0.000218
0.000210
0.000206
0.000232
0.000219
0.000206
0.000225
0.000216
0.000217
0.000208
0.000214
0.000207
0.000205
0.000206
0.000204
0.000216
0.000204
0.000217
0.000213
0.000241
0.000222
0.000208
0.000228
0.000206
0.000208
0.000217
0.000206
0.000199
0.000207
0.000243
0.000212
0.000209
0.000206
0.000203
0.000217
0.000221
0.000222
0.000213
0.000218
0.000206
0.000205
0.000221
0.000206
0.000214
0.000227
0.000214
0.000205
0.000208
0.000203
0.000265
0.000222
0.000202
0.000210
0.000208
0.000207
0.000218
0.000215
0.000220
0.000206
0.000208
0.000336
0.000208
0.000204
0.000207
0.000215
0.000204
0.000209
0.000206
0.000203
0.000229
0.000206
0.000217
0.000203
0.000204
0.000202
0.000207
0.000218
0.000206
0.000206
0.000220
0.000205
0.000214
0.000218
0.000218
0.000205
0.000218
0.000209
0.000212
0.000208
0.000211
0.000209
0.000211
0.000205
0.000205
0.000207
0.000203
0.000232
0.000222
0.000207
0.000212
0.000208
0.000229
0.000209
0.000206
0.000203
0.000207
0.000216
0.000218
0.000209
0.000207
0.000210
0.000216
0.000218
0.000210
0.000207
0.000202
0.000266
0.000221
0.000204
0.000219
0.000208
0.000205
0.000208
0.000216
0.000205
0.000208
0.000207
0.000216
0.000209
0.000204
0.000232
0.000213
0.000220
0.000206
0.000207
0.000203
0.000206
0.000215
0.000206
0.000212
0.000206
0.000207
0.000252
0.000232
0.000220
0.000208
0.000216
0.000205
0.000217
0.000205
0.000220
0.000212
0.000206
0.000206
0.000207
0.000208
0.000208
0.000203
0.000208
0.000215
0.000207
0.000206
0.000210
0.000227
0.000219
0.000204
0.000209
0.000209
0.000223
0.000214
0.000217
0.000210
0.000218
0.000213
0.000205
0.000206
0.000208
0.000200
0.000198
0.000208
0.000209
0.000260
0.000232
0.000208
0.000209
0.000207
0.000290
0.000205
0.000232
0.000227
0.000219
0.000220
0.000205
0.000204
0.000204
0.000220
0.000207
0.000208
0.000235
0.000217
0.000221
0.000206
0.000207
0.000204
0.000206
0.000205
0.000252
0.000205
0.000214
0.000299
0.000207
0.000209
0.000212
0.000207
0.000250
0.000207
0.000227
0.000207
0.000209
0.000205
0.000209
0.000205
0.000221
0.000209
0.000206
0.000214
0.000219
0.000198
0.000208
0.000213
0.000217
0.000222
0.000211
0.000207
0.000226
0.000257
0.001502
0.000203
0.000210
0.000207
0.000209
0.000208
0.000203
0.000209
0.000209
0.000206
0.000219
0.000206
0.000207
0.000217
0.000207
0.000207
0.000223
0.000291
0.000208
0.000203
0.000227
0.000208
0.000204
0.000206
0.000208
0.000200
0.000221
0.000202
0.000207
0.000207
0.000208
0.000216
0.000208
0.000216
0.000221
0.000232
0.000209
0.000221
0.000215
0.000206
0.000201
0.000206
0.000270
0.000208
0.000216
0.000220
0.000223
0.000235
0.000208
0.000221
0.000210
0.000207
0.000209
0.000206
0.000206
0.000207
0.000268
0.000213
0.000206
0.000224
0.000209
0.000212
0.000209
0.000202
0.000207
0.000205
0.000206
0.000208
0.000209
0.000236
0.000206
0.000207
0.000209
0.000202
0.000207
0.000208
0.000207
0.000206
0.000234
0.000205
0.000208
0.000223
0.000217
0.000207
0.000209
0.000198
0.000208
0.000231
0.000210
0.000209
0.000220
0.000222
0.000280
0.000237
0.000226
0.000203
0.000222
0.000207
0.000219
0.000205
0.000215
0.000266
0.000206
0.000206
0.000220
0.000206
0.000218
0.000206
0.000207
0.000210
0.000209
0.000207
0.000211
0.000214
0.000208
0.000208
0.000217
0.000209
0.000220
0.000211
0.000290
0.000216
0.000206
0.000208
0.000220
0.000204
0.000207
0.000208
0.000210
0.000208
0.000218
0.000206
0.000209
0.000205
0.000208
0.000213
0.000214
0.000205
0.000208
0.000261
0.001285
0.000205
0.000209
0.000206
0.000207
0.000207
0.000199
0.000207
0.000229
0.000220
0.000208
0.000205
0.000208
0.000216
0.000390
0.000205
0.000220
0.000210
0.000207
0.000220
0.000210
0.000208
0.000208
0.000219
0.000207
0.000230
0.000221
0.000221
0.000204
0.000205
0.000213
0.000220
0.000209
0.000203
0.000207
0.000213
0.000217
0.000205
0.000205
0.000207
0.000207
0.000213
0.000206
0.000214
0.000208
0.000210
0.000238
0.000224
0.000209
0.000251
0.000220
0.000206
0.000210
0.000203
0.000208
0.000204
0.000210
0.000209
0.000204
0.000219
0.000209
0.000207
0.000208
0.000204
0.000215
0.000207
0.000205
0.000209
0.000228
0.000210
0.000211
0.000206
0.000208
0.000206
0.000214
0.000221
0.000208
0.000207
0.000207
0.000206
0.000218
0.000216
0.000212
0.000207
0.000208
0.000215
0.000209
0.000217
0.000222
0.000208
0.000223
0.000225
0.000285
0.000973
0.000206
0.000209
0.000208
0.000212
0.000208
0.000208
0.000220
0.000208
0.000209
0.000217
0.000211
0.000209
0.000206
0.000206
0.000209
0.000205
0.000203
0.000204
0.000217
0.000202
0.000216
0.000207
0.000206
0.000215
0.000221
0.000233
0.000208
0.000221
0.000210
0.000208
0.000209
0.000209
0.000210
0.000202
0.000224
0.000206
0.000209
0.000217
0.000210
0.000229
0.000226
0.000205
0.000216
0.000204
0.000216
0.000235
0.000218
0.000213
0.000205
0.000207
0.000208
0.000205
0.000206
0.000206
0.000211
0.000211
0.000214
0.000226
0.000205
0.000212
0.000210
0.000204
0.000203
0.000215
0.000209
0.000219
0.000214
0.000206
0.000209
0.000217
0.000206
0.000207
0.000206
0.000209
0.000207
0.000220
0.000208
0.000222
0.000220
0.000204
0.000208
0.000203
0.000231
0.000208
0.000214
0.000208
0.000206
0.000203
0.000207
0.000226
0.000208
0.002205
0.000247
0.000213
0.000211
0.000221
0.000207
0.000234
0.000215
0.000217
0.000217
0.000222
0.000207
0.000218
0.000248
0.000218
0.000213
0.000205
0.000221
0.000205
0.000207
0.000207
0.000218
0.000208
0.000208
0.000206
0.000209
0.000206
0.000207
0.000219
0.000235
0.000209
0.000213
0.000206
0.000209
0.000207
0.000232
0.000227
0.000212
0.000204
0.000210
0.000220
0.000209
0.000220
0.000202
0.000233
0.000204
0.000228
0.000238
0.000211
0.000210
0.000214
0.000218
0.000203
0.000222
0.000208
0.000208
0.000203
0.000219
0.000216
0.000203
0.000226
0.000206
0.000207
0.000207
0.000204
0.000212
0.000219
0.000208
0.000207
0.000215
0.000217
0.000224
0.000617
0.000220
0.000214
0.000207
0.000209
0.000203
0.000220
0.000219
0.000209
0.000210
0.000207
0.000207
0.000207
0.000207
0.000213
0.000208
0.000258
0.000220
0.000207
0.000211
0.000224
0.000306
0.000230
0.000266
0.000205
0.000209
0.000217
0.000208
0.000261
0.000217
0.000242
0.000206
0.000219
0.000203
0.000223
0.000209
0.000206
0.000207
0.000219
0.000201
0.000222
0.000228
0.000203
0.000209
0.000204
0.000207
0.000217
0.000226
0.000206
0.000209
0.000206
0.000206
0.000206
0.000209
0.000206
0.000208
0.000208
0.000208
0.000219
0.000222
0.000208
0.000205
0.000203
0.000208
0.000204
0.000206
0.000206
0.000209
0.000231
0.000219
0.000205
0.000200
0.000206
0.000214
0.000217
0.000236
0.000246
0.000206
0.000204
0.000209
0.000208
0.000212
0.000210
0.000232
0.000216
0.000209
0.000261
0.000219
0.000219
0.000250
0.000206
0.000209
0.000207
0.000218
0.000207
0.000218
0.000221
0.000209
0.000215
0.000209
0.000205
0.000205
0.000220
0.000215
0.000220
0.000201
0.000221
0.000207
0.000206
0.000206
0.000214
0.000201
0.000203
0.000210
0.000263
0.002141
0.000226
0.000206
0.000208
0.000215
0.000206
0.000210
0.000203
0.000211
0.000202
0.000209
0.000215
0.000204
0.000206
0.000208
0.000206
0.000204
0.000220
0.000217
0.000209
0.000210
0.000221
0.000213
0.000208
0.000209
0.000210
0.000209
0.000217
0.000208
0.000222
0.000235
0.000204
0.000207
0.000217
0.000209
0.000222
0.000237
0.000217
0.000208
0.000210
0.000209
0.000220
0.000209
0.000214
0.000204
0.000204
0.002379
0.000231
0.000205
0.000207
0.000219
0.000201
0.000218
0.000193
0.000209
0.000204
0.000212
0.000211
0.000219
0.000219
0.000238
0.000207
0.000220
0.000207
0.000208
0.000219
0.000223
0.000205
0.000206
0.000207
0.000209
0.000205
0.000208
0.000220
0.000905
0.000209
0.000208
0.000214
0.000218
0.000206
0.000203
0.000207
0.000207
0.000206
0.000208
0.000207
0.000222
0.000204
0.000219
0.000205
0.000210
0.000210
0.000253
0.000220
0.000210
0.000206
0.000205
0.000218
0.000207
0.000207
0.000220
0.000206
0.000208
0.000202
0.000225
0.000203
0.000210
0.000222
0.000215
0.000218
0.000231
0.000208
0.000221
0.000205
0.000209
0.000210
0.000207
0.000227
0.000231
0.000221
0.000201
0.001752
0.000206
0.000228
0.000219
0.000220
0.000207
0.000209
0.000219
0.000207
0.000207
0.000205
0.000213
0.000210
0.000207
0.000289
0.000206
0.000219
0.000226
0.002327
0.000225
0.000211
0.000209
0.000202
0.000220
0.000223
0.000208
0.000205
0.000218
0.000245
0.000213
0.000208
0.000212
0.000199
0.000208
0.000207
0.000218
0.000207
0.000215
0.000223
0.000246
0.000207
0.000218
0.000219
0.000209
0.000209
0.000210
0.000211
0.000207
0.000220
0.000233
0.000217
0.000227
0.000221
0.000211
0.000210
0.000217
0.000210
0.000206
0.000217
0.000217
0.000208
0.000211
0.000204
0.000211
0.000207
0.001506
0.000241
0.000223
0.000205
0.000207
0.000220
0.000201
0.000207
0.000218
0.000207
0.000225
0.000207
0.000205
0.000202
0.000210
0.000206
0.000207
0.000206
0.000207
0.000209
0.000221
0.000208
0.000256
0.043170
0.000224
0.000214
0.000220
0.000212
0.000207
0.000220
0.000210
0.000205
0.000290
0.000227
0.000213
0.000242
0.000208
0.000220
0.000197
0.000208
0.000206
0.000220
0.000203
0.000229
0.000205
0.000223
0.002297
0.000229
0.000209
0.000202
0.000219
0.000223
0.000206
0.000205
0.000207
0.000206
0.000206
0.000205
0.000205
0.000207
0.000208
0.000237
0.000212
0.000261
0.000209
0.000212
0.000241
0.000224
0.000208
0.000208
0.000206
0.000203
0.000216
0.000207
0.000206
0.000208
0.000208
0.000214
0.000224
0.000204
0.000264
0.000220
0.000212
0.000205
0.000208
0.000204
0.000217
0.000205
0.000207
0.000203
0.000207
0.000217
0.000207
0.000259
0.000229
0.000202
0.000206
0.000205
0.000223
0.000206
0.000205
0.000221
0.000204
0.000205
0.000207
0.000205
0.000271
0.000210
0.000345
0.000218
0.000206
0.000207
0.000206
0.000208
0.000207
0.000207
0.000206
0.000208
0.000211
0.000208
0.000208
0.000206
0.000202
0.000201
0.000224
0.000204
0.000221
0.000220
0.000204
0.000221
0.000213
0.000203
0.000204
0.000207
0.000208
0.000202
0.000206
0.000206
0.000226
0.002477
0.000236
0.000218
0.000211
0.000208
0.000217
0.000212
0.000206
0.000217
0.000207
0.000203
0.000207
0.000222
0.000220
0.000204
0.000218
0.000219
0.000220
0.000207
0.000217
0.000205
0.000208
0.000207
0.000205
0.000207
0.000218
0.000216
0.000207
0.000209
0.000206
0.000206
0.000205
0.000207
0.000213
0.000206
0.000266
0.000208
0.000211
0.000208
0.000211
0.000209
0.000205
0.000221
0.000206
0.000202
0.000204
0.000206
0.002245
0.000207
0.000222
0.000210
0.000205
0.000204
0.000206
0.000205
0.000222
0.000232
0.000222
0.000219
0.000221
0.000204
0.000217
0.000224
0.000206
0.000206
0.000217
0.000207
0.000219
0.000204
0.000205
0.000207
0.000206
0.000206
0.000252
0.000207
0.000211
0.000216
0.000203
0.000208
0.000218
0.000206
0.000205
0.000206
0.000207
0.000234
0.000208
0.000208
0.000209
0.000209
0.000207
0.000214
0.000205
0.000209
0.000254
0.000237
0.000209
0.000236
0.000209
0.000213
0.000210
0.000211
0.000228
0.000206
0.000209
0.000207
0.000210
0.000209
0.000206
0.000203
0.000217
0.000208
0.000205
0.000209
0.000221
0.000205
0.000208
0.000220
0.000208
0.000207
0.000222
0.000216
0.000217
0.000206
0.000204
0.000210
0.000205
0.000208
0.000203
0.000204
0.000212
0.000210
0.000205
0.000208
0.000205
0.000208
0.000207
0.000209
0.000206
0.000216
0.000228
0.000249
0.000228
0.000206
0.000206
0.000206
0.000218
0.000220
0.000222
0.000205
0.000226
0.000255
0.000226
0.000213
0.000223
0.000205
0.000209
0.000209
0.000207
0.000217
0.000204
0.000208
0.000211
0.000207
0.000217
0.000250
0.000211
0.000205
0.000221
0.000206
0.000203
0.000218
0.000228
0.000207
0.000208
0.000208
0.000208
0.000219
0.000223
0.000223
0.000219
0.000216
0.000210
0.000208
0.000218
0.000222
0.000222
0.003976
0.002277
0.000229
0.000207
0.000205
0.000238
0.000218
0.000204
0.000212
0.000209
0.000203
0.000207
0.000230
0.000204
0.000202
0.000207
0.000206
0.000230
0.000230
0.000219
0.000205
0.000212
0.000203
0.000209
0.000212
0.000220
0.000205
0.000219
0.000212
0.000210
0.000201
0.000205
0.000221
0.000210
0.000220
0.000222
0.000218
0.000269
0.000205
0.000234
0.000208
0.000214
0.000203
0.000207
0.000218
0.000234
0.000204
0.000241
0.000238
0.000202
0.000212
0.000205
0.000213
0.000207
0.000218
0.000218
0.000221
0.000216
0.000205
0.000207
0.000218
0.000208
0.000209
0.000205
0.000206
0.000210
0.000205
0.000206
0.000212
0.000236
0.000217
0.000209
0.000205
0.000218
0.000207
0.000201
0.000208
0.000205
0.000207
0.000206
0.000209
0.000212
0.000195
0.000218
0.000209
0.000212
0.000216
0.000213
0.000207
0.000209
0.000229
0.000221
0.000236
0.000252
0.000232
0.000220
0.000208
0.000207
0.000205
0.000204
0.000209
0.000253
0.000242
0.000205
0.000207
0.000274
0.000207
0.000206
0.000209
0.000219
0.000207
0.000208
0.000218
0.000215
0.000206
0.000220
0.000230
0.000303
0.000205
0.000209
0.000205
0.000208
0.000207
0.000204
0.000201
0.000209
0.000218
0.000209
0.000207
0.000209
0.000206
0.000204
0.000215
0.000223
0.000203
0.000208
0.000219
0.000207
0.000214
0.000223
0.000273
0.002109
0.000204
0.000252
0.000248
0.000208
0.000203
0.000207
0.000221
0.000220
0.000209
0.000207
0.000204
0.000232
0.000216
0.000202
0.000204
0.000207
0.000207
0.000210
0.000207
0.000209
0.000315
0.000207
0.000205
0.000207
0.000221
0.000207
0.000220
0.000208
0.000274
0.000210
0.000207
0.000213
0.000210
0.000208
0.000207
0.000206
0.000208
0.000208
0.000222
0.000226
0.000205
0.000205
0.000220
0.000224
0.000208
0.002175
0.000211
0.000237
0.000218
0.000219
0.000209
0.000208
0.000212
